run_id,asof,ticker,pattern,pattern_state,final_score,trend,geometry,compression,sr_quality,volume,readiness,risk,market,liquidity,comp_trend,comp_geometry,comp_compression,comp_sr,comp_volume,comp_readiness,comp_risk,comp_market,comp_liquidity,veto_triggered,veto_reasons,price,trigger,invalid_below,measured_move_target,features_json,note,ret_1h,ret_eod,ret_1d,ret_3d,ret_5d,max_dd_5d,max_fav_5d,touched_invalid_5d,post_hoc_tag
20260504T200431Z-7bad84,2026-05-04T20:04:31.798741+00:00,APP,breakout_retest_hold,setup,71.16,56.0,100.0,71.6,63.5,30.4,78.6,59.2,84.0,95.5,7.84,22.0,4.3,8.89,3.96,14.15,2.96,4.2,2.86,False,,474.46,469.73,461.0925,477.7221,"{""trend"":{""T1_ema_stack"":{""value"":[true,false,false],""score"":33.33333333333333},""T2_ema50_slope"":{""value"":0.004057651886888288,""score"":50.67627531448138},""T3_high_proximity"":{""value"":0.9173095141426444,""score"":58.65475707132217},""T4_rs_1m"":{""value"":0.13312174511996488,""score"":100},""T5_rs_3m"":{""value"":-0.05023749309394998,""score"":24.88125345302501},""T6_adr_healthy"":{""value"":5.560970692952063,""score"":100.0},""_score"":56.0},""geometry"":{""sub_retest_depth"":100.0,""sub_retest_timing"":100.0,""sub_retest_freshness"":100.0,""sub_hold_quality"":100.0,""_score"":100.0},""compression"":{""VC1_atr_ratio"":{""value"":0.4333064064352187,""score"":100},""VC2_range_contraction"":{""value"":0.7398826623402701,""score"":43.35288960995498},""VC3_range_pct_rank"":{""score"":65.83333333333333},""_score"":71.63},""sr_quality"":{""SR1_touches"":{""value"":4,""score"":75.0},""SR2_tightness"":{""value"":7.3639166718533735,""score"":37.916426621670055},""SR3_recency"":{""value"":230,""score"":0.0},""SR4_price_location"":{""score"":81.31590456290391},""SR5_reaction"":{""value"":4.482646590968284,""score"":100},""_score"":63.52,""_levels_found"":6,""_target_level"":484.0725},""volume"":{""V1_rvol_day"":{""value"":0.8208906083123189,""score"":21.392707220821258},""V2_rvol_sameslot"":{""value"":0.7532536784324158,""score"":16.88357856216105,""status"":""ok""},""V3_breakout_bar"":{""value"":0.9209510007059232,""score"":28.063400047061542},""V4_base_dryup"":{""value"":0.7120315010051624,""score"":78.79684989948376},""V5_bo_expansion"":{""value"":0.8208906083123185,""score"":0},""_score"":30.43},""readiness"":{""_distance_atr"":-0.199,""BR1_atr_distance"":{""score"":100.0},""BR2_compression"":{""score"":33.15821029564117},""BR3_retest"":{""score"":91.61137228133634},""BR4_bo_age"":{""score"":80},""_score"":78.61},""risk"":{""R1_stop_clarity"":{""score"":60.733634573189946},""R2_stop_distance_pct"":{""value"":2.81741348058846,""score"":100.0},""R3_stop_distance_atr"":{""value"":0.5634923669810848,""score"":53.174618349054235},""R4_rr_potential"":{""value"":0.24403377060568135,""score"":0.0},""_score"":59.23},""market"":{""M1_spy_regime"":{""score"":100.0},""M3_earnings_risk"":{""value"":null,""score"":80.0},""M4_vix"":{""value"":null,""score"":60.0},""_score"":84.0},""liquidity"":{""L1_price"":{""value"":474.46,""score"":100.0},""L2_dollar_vol"":{""value"":1517609243.8965962,""score"":100.0},""L3_spread_proxy"":{""value"":0.045420056485267486,""score"":54.57994351473251},""L4_volume_zscore"":{""value"":-0.5834551787448343,""score"":100.0},""_score"":95.46},""pattern_structure"":{""level"":469.73,""level_idx"":68,""breakout_idx"":74,""bo_peak_idx"":74,""bo_peak_price"":483.55,""retest_idx"":76,""retest_low"":465.75,""structural_low"":465.75,""current_price"":476.76,""neckline_distance_pct"":-0.014745364544005313,""base_bars"":11,""bars_since_breakout"":5},""pattern_geometry_features"":{""retest_depth_atr"":0.4979904316483128,""bars_breakout_to_retest"":2.0,""bars_since_retest"":3.0,""current_above_level_atr"":0.8796162649466356,""bo_peak_excess_pct"":0.02942115683477741,""atr_pct"":0.049999141881597736},""_schema_version"":""1.0""}",,,,,,,,,,
20260504T200431Z-7bad84,2026-05-04T20:04:31.798741+00:00,ONTO,breakout_retest_hold,setup,70.68,97.8,84.5,71.3,56.1,14.2,79.2,60.6,84.0,97.3,13.7,18.6,4.28,7.86,1.85,14.25,3.03,4.2,2.92,False,,299.0,298.99,292.1094,306.85,"{""trend"":{""T1_ema_stack"":{""value"":[true,true,true],""score"":100.0},""T2_ema50_slope"":{""value"":0.7816025013187557,""score"":100},""T3_high_proximity"":{""value"":0.9712206847268239,""score"":85.61034236341192},""T4_rs_1m"":{""value"":0.2924057264045641,""score"":100},""T5_rs_3m"":{""value"":0.44449746270039503,""score"":100},""T6_adr_healthy"":{""value"":4.5242439383763555,""score"":100.0},""_score"":97.84},""geometry"":{""sub_retest_depth"":100.0,""sub_retest_timing"":80.0,""sub_retest_freshness"":100.0,""sub_hold_quality"":61.8,""_score"":84.54},""compression"":{""VC1_atr_ratio"":{""value"":0.5998938324605306,""score"":100},""VC2_range_contraction"":{""value"":0.8597911126386637,""score"":23.368147893556053},""VC3_range_pct_rank"":{""score"":92.5},""_score"":71.3},""sr_quality"":{""SR1_touches"":{""value"":6,""score"":100},""SR2_tightness"":{""value"":4.83241054409357,""score"":40.70376081466682},""SR3_recency"":{""value"":248,""score"":0.0},""SR4_price_location"":{""score"":30.0},""SR5_reaction"":{""value"":1.6669003910501088,""score"":83.34501955250543},""_score"":56.11,""_levels_found"":6,""_target_level"":225.765},""volume"":{""V1_rvol_day"":{""value"":0.6692006616815926,""score"":11.280044112106175},""V2_rvol_sameslot"":{""value"":0.5947397074040558,""score"":6.315980493603719,""status"":""ok""},""V3_breakout_bar"":{""value"":0.6808824935532454,""score"":12.058832903549693},""V4_base_dryup"":{""value"":1.1151035157467784,""score"":38.489648425322166},""V5_bo_expansion"":{""value"":0.6692006616815926,""score"":0},""_score"":14.23},""readiness"":{""_distance_atr"":-0.001,""BR1_atr_distance"":{""score"":100.0},""BR2_compression"":{""score"":32.41548644348367},""BR3_retest"":{""score"":87.9442041465627},""BR4_bo_age"":{""score"":90},""_score"":79.19},""risk"":{""R1_stop_clarity"":{""score"":63.794573796282805},""R2_stop_distance_pct"":{""value"":2.3045484949832797,""score"":100.0},""R3_stop_distance_atr"":{""value"":0.4227565745938677,""score"":46.13782872969339},""R4_rr_potential"":{""value"":1.1392331582155422,""score"":6.961657910777108},""_score"":60.64},""market"":{""M1_spy_regime"":{""score"":100.0},""M3_earnings_risk"":{""value"":null,""score"":80.0},""M4_vix"":{""value"":null,""score"":60.0},""_score"":84.0},""liquidity"":{""L1_price"":{""value"":299.0,""score"":100.0},""L2_dollar_vol"":{""value"":175694149.211295,""score"":100.0},""L3_spread_proxy"":{""value"":0.026989966555183924,""score"":73.01003344481607},""L4_volume_zscore"":{""value"":-1.3145265566100826,""score"":100.0},""_score"":97.3},""pattern_structure"":{""level"":298.99,""level_idx"":68,""breakout_idx"":75,""bo_peak_idx"":75,""bo_peak_price"":303.13,""retest_idx"":76,""retest_low"":295.06,""structural_low"":295.06,""current_price"":298.515,""neckline_distance_pct"":0.001591209821952072,""base_bars"":11,""bars_since_breakout"":4},""pattern_geometry_features"":{""retest_depth_atr"":0.8741894839866992,""bars_breakout_to_retest"":1.0,""bars_since_retest"":3.0,""current_above_level_atr"":-0.10565903432409701,""bo_peak_excess_pct"":0.013846616943710446,""atr_pct"":0.054512422360248454},""_schema_version"":""1.0""}",,,,,,,,,,
20260504T200431Z-7bad84,2026-05-04T20:04:31.798741+00:00,ORCL,breakout_retest_hold,setup,70.6,86.2,98.6,34.4,63.3,15.8,78.5,53.5,84.0,94.9,12.07,21.7,2.06,8.87,2.05,14.13,2.67,4.2,2.85,False,,180.925,180.71,178.2297,183.2486,"{""trend"":{""T1_ema_stack"":{""value"":[true,true,false],""score"":66.66666666666666},""T2_ema50_slope"":{""value"":0.21917502612404952,""score"":86.52917102067492},""T3_high_proximity"":{""value"":0.9649333333333334,""score"":82.46666666666668},""T4_rs_1m"":{""value"":0.14112320781128807,""score"":100},""T5_rs_3m"":{""value"":0.09780103231409454,""score"":98.90051615704726},""T6_adr_healthy"":{""value"":4.600339081464839,""score"":100.0},""_score"":86.18},""geometry"":{""sub_retest_depth"":95.4,""sub_retest_timing"":100.0,""sub_retest_freshness"":100.0,""sub_hold_quality"":100.0,""_score"":98.62},""compression"":{""VC1_atr_ratio"":{""value"":0.721874639062681,""score"":69.53134023432975},""VC2_range_contraction"":{""value"":0.9951133564876113,""score"":0.8144405853981093},""VC3_range_pct_rank"":{""score"":25.0},""_score"":34.35},""sr_quality"":{""SR1_touches"":{""value"":4,""score"":75.0},""SR2_tightness"":{""value"":1.5378292330424757,""score"":66.71820682761455},""SR3_recency"":{""value"":229,""score"":0.0},""SR4_price_location"":{""score"":63.33062550771737},""SR5_reaction"":{""value"":2.7014701915399644,""score"":100},""_score"":63.34,""_levels_found"":6,""_target_level"":186.5675},""volume"":{""V1_rvol_day"":{""value"":0.903018164477532,""score"":26.86787763183547},""V2_rvol_sameslot"":{""value"":0.7358951870157731,""score"":15.726345801051536,""status"":""ok""},""V3_breakout_bar"":{""value"":0.4833357452945087,""score"":0},""V4_base_dryup"":{""value"":1.1361255384786388,""score"":36.387446152136114},""V5_bo_expansion"":{""value"":0.903018164477532,""score"":0},""_score"":15.8},""readiness"":{""_distance_atr"":-0.023,""BR1_atr_distance"":{""score"":100.0},""BR2_compression"":{""score"":29.03811585546442},""BR3_retest"":{""score"":96.3208497291264},""BR4_bo_age"":{""score"":80},""_score"":78.52},""risk"":{""R1_stop_clarity"":{""score"":61.037798631449},""R2_stop_distance_pct"":{""value"":1.4897333149094945,""score"":87.24333287273735},""R3_stop_distance_atr"":{""value"":0.2916592272083987,""score"":39.58296136041993},""R4_rr_potential"":{""value"":0.8621091741709104,""score"":0.0},""_score"":53.47},""market"":{""M1_spy_regime"":{""score"":100.0},""M3_earnings_risk"":{""value"":null,""score"":80.0},""M4_vix"":{""value"":null,""score"":60.0},""_score"":84.0},""liquidity"":{""L1_price"":{""value"":180.925,""score"":100.0},""L2_dollar_vol"":{""value"":5395145832.366485,""score"":100.0},""L3_spread_proxy"":{""value"":0.05107088572612966,""score"":48.92911427387034},""L4_volume_zscore"":{""value"":-0.2791913566601381,""score"":100.0},""_score"":94.89},""pattern_structure"":{""level"":180.71,""level_idx"":38,""breakout_idx"":74,""bo_peak_idx"":75,""bo_peak_price"":183.5,""retest_idx"":76,""retest_low"":180.03,""structural_low"":180.03,""current_price"":181.28,""neckline_distance_pct"":-0.0031443071491614803,""base_bars"":41,""bars_since_breakout"":5},""pattern_geometry_features"":{""retest_depth_atr"":0.2678596550462873,""bars_breakout_to_retest"":2.0,""bars_since_retest"":3.0,""current_above_level_atr"":0.22452941672997115,""bo_peak_excess_pct"":0.015439101322560964,""atr_pct"":0.051077873625614396},""_schema_version"":""1.0""}",,,,,,,,,,
20260504T200431Z-7bad84,2026-05-04T20:04:31.798741+00:00,COHR,breakout_retest_hold,setup,69.22,96.1,83.9,52.4,37.5,32.0,81.3,62.6,84.0,92.5,13.45,18.46,3.15,5.25,4.16,14.64,3.13,4.2,2.77,False,,332.24,323.7445,320.0868,331.3759,"{""trend"":{""T1_ema_stack"":{""value"":[true,true,true],""score"":100.0},""T2_ema50_slope"":{""value"":0.7564999671264563,""score"":100},""T3_high_proximity"":{""value"":0.9479841355893514,""score"":73.99206779467565},""T4_rs_1m"":{""value"":0.19208168033863338,""score"":100},""T5_rs_3m"":{""value"":0.4610599223953924,""score"":100},""T6_adr_healthy"":{""value"":6.491180927678504,""score"":100.0},""_score"":96.1},""geometry"":{""sub_retest_depth"":65.1,""sub_retest_timing"":100.0,""sub_retest_freshness"":100.0,""sub_hold_quality"":81.3,""_score"":83.92},""compression"":{""VC1_atr_ratio"":{""value"":0.40179628244760257,""score"":100},""VC2_range_contraction"":{""value"":0.958091408865683,""score"":6.984765189052833},""VC3_range_pct_rank"":{""score"":40.0},""_score"":52.44},""sr_quality"":{""SR1_touches"":{""value"":2,""score"":25.0},""SR2_tightness"":{""value"":4.920999999999992,""score"":55.5266213136412},""SR3_recency"":{""value"":225,""score"":0.0},""SR4_price_location"":{""score"":30.0},""SR5_reaction"":{""value"":1.8872943855054514,""score"":94.36471927527256},""_score"":37.48,""_levels_found"":6,""_target_level"":286.081},""volume"":{""V1_rvol_day"":{""value"":1.0045744830491299,""score"":33.63829886994199},""V2_rvol_sameslot"":{""value"":1.0024841965428777,""score"":33.498946436191844,""status"":""ok""},""V3_breakout_bar"":{""value"":0.6421522961044467,""score"":9.476819740296445},""V4_base_dryup"":{""value"":0.6918547335438966,""score"":80.81452664561034},""V5_bo_expansion"":{""value"":1.0045744830491299,""score"":0.304965536608659},""_score"":32.01},""readiness"":{""_distance_atr"":-0.384,""BR1_atr_distance"":{""score"":100.0},""BR2_compression"":{""score"":68.06361308696418},""BR3_retest"":{""score"":99.04089873743342},""BR4_bo_age"":{""score"":30.0},""_score"":81.32},""risk"":{""R1_stop_clarity"":{""score"":70.78005934388621},""R2_stop_distance_pct"":{""value"":3.6579581025764583,""score"":100.0},""R3_stop_distance_atr"":{""value"":0.5491707639210097,""score"":52.45853819605048},""R4_rr_potential"":{""value"":-0.07110179094512256,""score"":0.0},""_score"":62.64},""market"":{""M1_spy_regime"":{""score"":100.0},""M3_earnings_risk"":{""value"":null,""score"":80.0},""M4_vix"":{""value"":null,""score"":60.0},""_score"":84.0},""liquidity"":{""L1_price"":{""value"":332.24,""score"":100.0},""L2_dollar_vol"":{""value"":1894611087.1294317,""score"":100.0},""L3_spread_proxy"":{""value"":0.07518661208764754,""score"":24.813387912352454},""L4_volume_zscore"":{""value"":0.02353759430047673,""score"":100.0},""_score"":92.48},""pattern_structure"":{""level"":323.7445,""level_idx"":49,""breakout_idx"":68,""bo_peak_idx"":74,""bo_peak_price"":348.3,""retest_idx"":76,""retest_low"":323.32,""structural_low"":323.32,""current_price"":332.52,""neckline_distance_pct"":-0.02639089378082511,""base_bars"":30,""bars_since_breakout"":11},""pattern_geometry_features"":{""retest_depth_atr"":0.055625546380832544,""bars_breakout_to_retest"":8.0,""bars_since_retest"":3.0,""current_above_level_atr"":1.1499222197054593,""bo_peak_excess_pct"":0.07584839279122886,""atr_pct"":0.06660875528877577},""_schema_version"":""1.0""}",,,,,,,,,,
20260504T200431Z-7bad84,2026-05-04T20:04:31.798741+00:00,TSM,breakout_retest_hold,setup,69.18,99.3,100.0,49.4,42.6,21.5,65.3,54.0,84.0,96.9,13.9,22.0,2.96,5.96,2.79,11.75,2.7,4.2,2.91,False,,401.75,398.79,391.248,405.97,"{""trend"":{""T1_ema_stack"":{""value"":[true,true,true],""score"":100.0},""T2_ema50_slope"":{""value"":0.29678021558822465,""score"":99.46336926470411},""T3_high_proximity"":{""value"":0.9920242974961726,""score"":96.01214874808628},""T4_rs_1m"":{""value"":0.09009127939906225,""score"":100},""T5_rs_3m"":{""value"":0.14435367335704052,""score"":100},""T6_adr_healthy"":{""value"":2.8084526996153953,""score"":100.0},""_score"":99.29},""geometry"":{""sub_retest_depth"":100.0,""sub_retest_timing"":100.0,""sub_retest_freshness"":100.0,""sub_hold_quality"":100.0,""_score"":100.0},""compression"":{""VC1_atr_ratio"":{""value"":0.5917378505448637,""score"":100},""VC2_range_contraction"":{""value"":1.0593093287071906,""score"":0},""VC3_range_pct_rank"":{""score"":37.5},""_score"":49.38},""sr_quality"":{""SR1_touches"":{""value"":2,""score"":25.0},""SR2_tightness"":{""value"":1.0800000000000125,""score"":83.87521635684385},""SR3_recency"":{""value"":235,""score"":0.0},""SR4_price_location"":{""score"":30.0},""SR5_reaction"":{""value"":2.9677813598780807,""score"":100},""_score"":42.58,""_levels_found"":5,""_target_level"":381.08},""volume"":{""V1_rvol_day"":{""value"":0.6766610080261253,""score"":11.777400535075017},""V2_rvol_sameslot"":{""value"":0.9472553089721589,""score"":29.817020598143927,""status"":""ok""},""V3_breakout_bar"":{""value"":0.801543644972915,""score"":20.102909664861},""V4_base_dryup"":{""value"":1.092156963177755,""score"":40.7843036822245},""V5_bo_expansion"":{""value"":0.6766610080261252,""score"":0},""_score"":21.5},""readiness"":{""_distance_atr"":-0.221,""BR1_atr_distance"":{""score"":100.0},""BR2_compression"":{""score"":13.876655684413192},""BR3_retest"":{""score"":86.60000618543276},""BR4_bo_age"":{""score"":30},""_score"":65.29},""risk"":{""R1_stop_clarity"":{""score"":40.995236150229296},""R2_stop_distance_pct"":{""value"":2.614063472308652,""score"":100.0},""R3_stop_distance_atr"":{""value"":0.783992952872334,""score"":64.1996476436167},""R4_rr_potential"":{""value"":0.4018282231955894,""score"":0.0},""_score"":53.98},""market"":{""M1_spy_regime"":{""score"":100.0},""M3_earnings_risk"":{""value"":null,""score"":80.0},""M4_vix"":{""value"":null,""score"":60.0},""_score"":84.0},""liquidity"":{""L1_price"":{""value"":401.75,""score"":100.0},""L2_dollar_vol"":{""value"":3710430997.875905,""score"":100.0},""L3_spread_proxy"":{""value"":0.031113876789047916,""score"":68.88612321095209},""L4_volume_zscore"":{""value"":-0.934205521538186,""score"":100.0},""_score"":96.89},""pattern_structure"":{""level"":398.79,""level_idx"":62,""breakout_idx"":69,""bo_peak_idx"":74,""bo_peak_price"":407.7,""retest_idx"":76,""retest_low"":395.2,""structural_low"":395.2,""current_price"":400.559,""neckline_distance_pct"":-0.0044163281813665535,""base_bars"":17,""bars_since_breakout"":10},""pattern_geometry_features"":{""retest_depth_atr"":0.9010414145597321,""bars_breakout_to_retest"":7.0,""bars_since_retest"":3.0,""current_above_level_atr"":0.4439950591521328,""bo_peak_excess_pct"":0.022342586323628896,""atr_pct"":0.03334294603964799},""_schema_version"":""1.0""}",,,,,,,,,,
20260504T200431Z-7bad84,2026-05-04T20:04:31.798741+00:00,RKLB,double_bottom,candidate,68.49,88.2,92.6,49.1,56.3,18.3,48.1,73.0,84.0,93.0,13.24,23.14,3.93,7.88,2.38,3.85,4.38,5.04,4.65,False,,80.345,83.79,75.1063,91.33,"{""trend"":{""T1_ema_stack"":{""value"":[true,true,true],""score"":100.0},""T2_ema50_slope"":{""value"":0.41303915168920946,""score"":100},""T3_high_proximity"":{""value"":0.8923256330519769,""score"":46.16281652598842},""T4_rs_1m"":{""value"":0.09138209805016606,""score"":100},""T5_rs_3m"":{""value"":0.05099053079026428,""score"":75.49526539513214},""T6_adr_healthy"":{""value"":6.717434640082537,""score"":100.0},""_score"":88.25},""geometry"":{""sub_low_similarity"":79.0,""sub_bounce_quality"":98.4,""sub_separation_fit"":100.0,""sub_right_bottom_reaction"":94.5,""sub_base_context"":100.0,""_score"":92.56},""compression"":{""VC1_atr_ratio"":{""value"":0.64852519379612,""score"":87.86870155097},""VC2_range_contraction"":{""value"":0.9960233185011987,""score"":0.66278024980021},""VC3_range_pct_rank"":{""score"":55.00000000000001},""_score"":49.13},""sr_quality"":{""SR1_touches"":{""value"":4,""score"":75.0},""SR2_tightness"":{""value"":0.7635239027037725,""score"":75.03777927994383},""SR3_recency"":{""value"":254,""score"":0.0},""SR4_price_location"":{""score"":30.0},""SR5_reaction"":{""value"":2.08747596156653,""score"":100},""_score"":56.26,""_levels_found"":5,""_target_level"":79.1775},""volume"":{""V1_rvol_day"":{""value"":0.674656849426725,""score"":11.643789961781666},""V2_rvol_sameslot"":{""value"":0.8738572232232438,""score"":24.923814881549585,""status"":""ok""},""V3_breakout_bar"":{""value"":0.8254496393122507,""score"":21.69664262081671},""V4_base_dryup"":{""value"":1.2207940616838977,""score"":27.920593831610233},""V5_bo_expansion"":{""value"":0.674656849426725,""score"":0},""_score"":18.32},""readiness"":{""_distance_atr"":0.563,""BR1_atr_distance"":{""score"":62.45703634770708},""BR2_compression"":{""score"":22.392407196013338},""BR3_retest"":{""score"":50.0},""BR4_bo_age"":{""score"":50.0},""_score"":48.08},""risk"":{""R1_stop_clarity"":{""score"":62.606881267945},""R2_stop_distance_pct"":{""value"":6.5203186259256904,""score"":100.0},""R3_stop_distance_atr"":{""value"":0.8563637191587038,""score"":67.81818595793519},""R4_rr_potential"":{""value"":2.0968742543545735,""score"":54.84371271772868},""_score"":73.05},""market"":{""M1_spy_regime"":{""score"":100.0},""M3_earnings_risk"":{""value"":null,""score"":80.0},""M4_vix"":{""value"":null,""score"":60.0},""_score"":84.0},""liquidity"":{""L1_price"":{""value"":80.345,""score"":100.0},""L2_dollar_vol"":{""value"":1198352022.8213518,""score"":100.0},""L3_spread_proxy"":{""value"":0.06948783371709501,""score"":30.512166282905},""L4_volume_zscore"":{""value"":-1.1619416494145234,""score"":100.0},""_score"":93.05},""pattern_structure"":{""left_low"":77.0535,""left_idx"":44,""right_low"":76.25,""right_idx"":74,""separation_bars"":30,""structural_low"":76.25,""current_price"":80.18,""neckline_distance_pct"":0.04502369668246444,""base_bars"":30},""pattern_geometry_features"":{""low_similarity_pct"":0.01048247430750113,""bounce_pct"":0.09888524590163943,""right_bottom_reaction"":0.9448818897637775,""atr_pct"":0.0761395944276024},""_schema_version"":""1.0""}",,,,,,,,,,
20260504T200431Z-7bad84,2026-05-04T20:04:31.798741+00:00,SGML,double_bottom,candidate,67.62,99.8,76.8,65.3,50.4,27.7,59.7,59.9,84.0,83.0,14.97,19.2,5.23,7.05,3.61,4.78,3.59,5.04,4.15,False,,22.39,22.94,20.3206,25.2499,"{""trend"":{""T1_ema_stack"":{""value"":[true,true,true],""score"":100.0},""T2_ema50_slope"":{""value"":1.0147935593787893,""score"":100},""T3_high_proximity"":{""value"":1.0,""score"":99.99999999999997},""T4_rs_1m"":{""value"":0.46323502096516256,""score"":100},""T5_rs_3m"":{""value"":1.0415520498372246,""score"":100},""T6_adr_healthy"":{""value"":8.135759805818912,""score"":96.6060048545272},""_score"":99.83},""geometry"":{""sub_low_similarity"":77.8,""sub_bounce_quality"":100,""sub_separation_fit"":0.0,""sub_right_bottom_reaction"":89.7,""sub_base_context"":100.0,""_score"":76.8},""compression"":{""VC1_atr_ratio"":{""value"":0.3667418060925198,""score"":100},""VC2_range_contraction"":{""value"":0.7624385798552458,""score"":39.593570024125704},""VC3_range_pct_rank"":{""score"":45.833333333333336},""_score"":65.32},""sr_quality"":{""SR1_touches"":{""value"":3,""score"":50.0},""SR2_tightness"":{""value"":0.12970050972229077,""score"":85.8451915614656},""SR3_recency"":{""value"":268,""score"":0.0},""SR4_price_location"":{""score"":30.0},""SR5_reaction"":{""value"":2.6374186038051586,""score"":100},""_score"":50.38,""_levels_found"":5,""_target_level"":16.7833},""volume"":{""V1_rvol_day"":{""value"":0.5553505422290131,""score"":3.690036148600876},""V2_rvol_sameslot"":{""value"":0.9515992686407465,""score"":30.1066179093831,""status"":""ok""},""V3_breakout_bar"":{""value"":0.9428323364473813,""score"":29.522155763158754},""V4_base_dryup"":{""value"":0.8201561074266314,""score"":67.98438925733686},""V5_bo_expansion"":{""value"":0.5553505422290131,""score"":0},""_score"":27.74},""readiness"":{""_distance_atr"":0.3,""BR1_atr_distance"":{""score"":79.99199679871947},""BR2_compression"":{""score"":40.86619219161717},""BR3_retest"":{""score"":50.0},""BR4_bo_age"":{""score"":50.0},""_score"":59.71},""risk"":{""R1_stop_clarity"":{""score"":66.22814580377589},""R2_stop_distance_pct"":{""value"":9.242302367128197,""score"":68.94244082179509},""R3_stop_distance_atr"":{""value"":1.1291888573611282,""score"":81.45944286805641},""R4_rr_potential"":{""value"":1.3820271713142975,""score"":19.101358565714875},""_score"":59.9},""market"":{""M1_spy_regime"":{""score"":100.0},""M3_earnings_risk"":{""value"":null,""score"":80.0},""M4_vix"":{""value"":null,""score"":60.0},""_score"":84.0},""liquidity"":{""L1_price"":{""value"":22.39,""score"":100.0},""L2_dollar_vol"":{""value"":42750796.83367479,""score"":81.5472106985228},""L3_spread_proxy"":{""value"":0.09602501116569906,""score"":3.9749888343009445},""L4_volume_zscore"":{""value"":-0.8340350697608319,""score"":100.0},""_score"":83.02},""pattern_structure"":{""left_low"":20.6301,""left_idx"":27,""right_low"":20.86,""right_idx"":74,""separation_bars"":47,""structural_low"":20.6301,""current_price"":22.33,""neckline_distance_pct"":0.0273175100761309,""base_bars"":47},""pattern_geometry_features"":{""low_similarity_pct"":0.011082161768711123,""bounce_pct"":0.11196746501471164,""right_bottom_reaction"":0.8966346153846155,""atr_pct"":0.08184903974988834},""_schema_version"":""1.0""}",,,,,,,,,,
20260504T200431Z-7bad84,2026-05-04T20:04:31.798741+00:00,MU,high_tight_pullback,candidate,67.37,100.0,80.8,42.9,51.3,25.3,57.5,72.5,84.0,84.1,12.0,28.29,4.29,4.1,3.54,5.18,0.73,5.04,4.2,False,,578.985,592.799,562.9767,697.368,"{""trend"":{""T1_ema_stack"":{""value"":[true,true,true],""score"":100.0},""T2_ema50_slope"":{""value"":0.47901842911560594,""score"":100},""T3_high_proximity"":{""value"":1.0,""score"":99.99999999999997},""T4_rs_1m"":{""value"":0.4860174338575378,""score"":100},""T5_rs_3m"":{""value"":0.2899311035122696,""score"":100},""T6_adr_healthy"":{""value"":5.126483030958153,""score"":100.0},""_score"":100.0},""geometry"":{""sub_pole_impulse"":79.6,""sub_flag_tightness"":79.2,""sub_flag_shallowness"":66.5,""sub_flag_drift"":92.3,""sub_flag_duration"":100.0,""_score"":80.83},""compression"":{""VC1_atr_ratio"":{""value"":0.7500047947556412,""score"":62.4988013110897},""VC2_range_contraction"":{""value"":0.8471083860603126,""score"":25.481935656614574},""VC3_range_pct_rank"":{""score"":35.83333333333333},""_score"":42.88},""sr_quality"":{""SR1_touches"":{""value"":3,""score"":50.0},""SR2_tightness"":{""value"":1.1903117248108666,""score"":91.96615283242986},""SR3_recency"":{""value"":231,""score"":0.0},""SR4_price_location"":{""score"":30.0},""SR5_reaction"":{""value"":2.29320780158991,""score"":100},""_score"":51.29,""_levels_found"":4,""_target_level"":437.1866},""volume"":{""V1_rvol_day"":{""value"":1.0585627697790552,""score"":37.237517985270344},""V2_rvol_sameslot"":{""value"":0.9615012037191354,""score"":30.766746914609026,""status"":""ok""},""V3_breakout_bar"":{""value"":0.6394454528506645,""score"":9.29636352337763},""V4_base_dryup"":{""value"":1.0594355159805229,""score"":44.05644840194771},""V5_bo_expansion"":{""value"":1.058562769779055,""score"":3.9041846519369963},""_score"":25.32},""readiness"":{""_distance_atr"":0.466,""BR1_atr_distance"":{""score"":68.9214283229189},""BR2_compression"":{""score"":49.847854848709204},""BR3_retest"":{""score"":50.0},""BR4_bo_age"":{""score"":50.0},""_score"":57.53},""risk"":{""R1_stop_clarity"":{""score"":42.13601463069266},""R2_stop_distance_pct"":{""value"":2.7648816463293673,""score"":100.0},""R3_stop_distance_atr"":{""value"":0.5402275355251605,""score"":52.011376776258025},""R4_rr_potential"":{""value"":7.395124388986883,""score"":100.0},""_score"":72.55},""market"":{""M1_spy_regime"":{""score"":100.0},""M3_earnings_risk"":{""value"":null,""score"":80.0},""M4_vix"":{""value"":null,""score"":60.0},""_score"":84.0},""liquidity"":{""L1_price"":{""value"":578.985,""score"":60.50749999999999},""L2_dollar_vol"":{""value"":24047215243.3052,""score"":100.0},""L3_spread_proxy"":{""value"":0.06051797542250661,""score"":39.48202457749339},""L4_volume_zscore"":{""value"":0.3812428524186763,""score"":100.0},""_score"":84.08},""pattern_structure"":{""pole_low"":488.23,""pole_low_idx"":31,""peak_price"":592.799,""peak_idx"":54,""pole_gain"":0.21417979231100087,""flag_bars"":5,""flag_low"":571.55,""flag_high"":587.39,""structural_low"":571.55,""current_price"":578.645,""neckline_distance_pct"":0.024460593282582578,""base_bars"":5},""pattern_geometry_features"":{""pole_gain"":0.21417979231100087,""pullback_pct"":0.035845202168019896,""flag_range_pct"":0.026720692848672203,""flag_drift_per_bar"":-0.001533755584166542,""atr_pct"":0.05117994668008915,""pole_atr_multiple"":4.184838129077703},""_schema_version"":""1.0""}",,,,,,,,,,
20260504T200431Z-7bad84,2026-05-04T20:04:31.798741+00:00,IREN,breakout_retest_hold,setup,67.27,78.9,87.9,37.8,43.3,26.7,84.1,61.1,84.0,90.0,11.05,19.34,2.27,6.06,3.47,15.13,3.06,4.2,2.7,False,,49.735,49.475,48.8377,50.7674,"{""trend"":{""T1_ema_stack"":{""value"":[true,true,true],""score"":100.0},""T2_ema50_slope"":{""value"":0.33224520323277046,""score"":100},""T3_high_proximity"":{""value"":0.9144144144144144,""score"":57.207207207207176},""T4_rs_1m"":{""value"":0.3355276231712492,""score"":100},""T5_rs_3m"":{""value"":-0.0955744195817233,""score"":2.2127902091383476},""T6_adr_healthy"":{""value"":7.368736005910651,""score"":100.0},""_score"":78.91},""geometry"":{""sub_retest_depth"":73.1,""sub_retest_timing"":80.0,""sub_retest_freshness"":100.0,""sub_hold_quality"":100.0,""_score"":87.93},""compression"":{""VC1_atr_ratio"":{""value"":0.7338620731807197,""score"":66.53448170482007},""VC2_range_contraction"":{""value"":0.9119635670286688,""score"":14.672738828555207},""VC3_range_pct_rank"":{""score"":24.16666666666667},""_score"":37.79},""sr_quality"":{""SR1_touches"":{""value"":2,""score"":25.0},""SR2_tightness"":{""value"":0.03999999999999915,""score"":97.7897368800163},""SR3_recency"":{""value"":227,""score"":0.0},""SR4_price_location"":{""score"":24.44829078321074},""SR5_reaction"":{""value"":3.656604049123097,""score"":100},""_score"":43.28,""_levels_found"":5,""_target_level"":54.1},""volume"":{""V1_rvol_day"":{""value"":1.0357098688951683,""score"":35.71399125967788},""V2_rvol_sameslot"":{""value"":0.9186353606013166,""score"":27.909024040087772,""status"":""ok""},""V3_breakout_bar"":{""value"":0.6819044259727275,""score"":12.126961731515166},""V4_base_dryup"":{""value"":0.9729209234415076,""score"":52.70790765584924},""V5_bo_expansion"":{""value"":1.0357098688951683,""score"":2.3806579263445498},""_score"":26.66},""readiness"":{""_distance_atr"":-0.072,""BR1_atr_distance"":{""score"":100.0},""BR2_compression"":{""score"":49.856052846960594},""BR3_retest"":{""score"":98.01076319201466},""BR4_bo_age"":{""score"":80},""_score"":84.07},""risk"":{""R1_stop_clarity"":{""score"":72.7413775070205},""R2_stop_distance_pct"":{""value"":1.8041821654770231,""score"":95.10455413692557},""R3_stop_distance_atr"":{""value"":0.24791140002407533,""score"":37.39557000120377},""R4_rr_potential"":{""value"":1.1505340565531639,""score"":7.526702827658194},""_score"":61.11},""market"":{""M1_spy_regime"":{""score"":100.0},""M3_earnings_risk"":{""value"":null,""score"":80.0},""M4_vix"":{""value"":null,""score"":60.0},""_score"":84.0},""liquidity"":{""L1_price"":{""value"":49.735,""score"":100.0},""L2_dollar_vol"":{""value"":1811102221.1312363,""score"":100.0},""L3_spread_proxy"":{""value"":0.10395093998190413,""score"":0},""L4_volume_zscore"":{""value"":0.15955994391208136,""score"":100.0},""_score"":90.0},""pattern_structure"":{""level"":49.475,""level_idx"":49,""breakout_idx"":74,""bo_peak_idx"":74,""bo_peak_price"":51.29,""retest_idx"":75,""retest_low"":49.331,""structural_low"":49.331,""current_price"":49.76,""neckline_distance_pct"":-0.0057274919614147225,""base_bars"":30,""bars_since_breakout"":5},""pattern_geometry_features"":{""retest_depth_atr"":0.11142184442945921,""bars_breakout_to_retest"":1.0,""bars_since_retest"":4.0,""current_above_level_atr"":0.22052240043330457,""bo_peak_excess_pct"":0.036685194542698286,""atr_pct"":0.07277528041476972},""_schema_version"":""1.0""}",,,,,,,,,,
20260504T200431Z-7bad84,2026-05-04T20:04:31.798741+00:00,IRDM,double_bottom,candidate,67.25,94.0,81.8,40.1,43.0,50.1,33.4,79.6,84.0,89.5,14.11,20.44,3.21,6.01,6.52,2.67,4.78,5.04,4.48,False,,39.96,42.575,37.361,47.22,"{""trend"":{""T1_ema_stack"":{""value"":[true,true,true],""score"":100.0},""T2_ema50_slope"":{""value"":1.0179412807606216,""score"":100},""T3_high_proximity"":{""value"":0.9205252246026262,""score"":60.26261230131308},""T4_rs_1m"":{""value"":0.12119602124004714,""score"":100},""T5_rs_3m"":{""value"":0.9886879758862792,""score"":100},""T6_adr_healthy"":{""value"":6.267966730256232,""score"":100.0},""_score"":94.04},""geometry"":{""sub_low_similarity"":82.7,""sub_bounce_quality"":100,""sub_separation_fit"":20.0,""sub_right_bottom_reaction"":93.0,""sub_base_context"":100.0,""_score"":81.76},""compression"":{""VC1_atr_ratio"":{""value"":0.6575806331023852,""score"":85.60484172440368},""VC2_range_contraction"":{""value"":1.1062042029276098,""score"":0},""VC3_range_pct_rank"":{""score"":23.33333333333333},""_score"":40.08},""sr_quality"":{""SR1_touches"":{""value"":3,""score"":50.0},""SR2_tightness"":{""value"":0.6711846905948374,""score"":53.21520526406807},""SR3_recency"":{""value"":245,""score"":0.0},""SR4_price_location"":{""score"":30.0},""SR5_reaction"":{""value"":1.6624594840849,""score"":83.122974204245},""_score"":42.95,""_levels_found"":4,""_target_level"":25.3833},""volume"":{""V1_rvol_day"":{""value"":0.5423944317487622,""score"":2.826295449917482},""V2_rvol_sameslot"":{""value"":1.639325704019268,""score"":75.95504693461787,""status"":""ok""},""V3_breakout_bar"":{""value"":2.443128479561707,""score"":100},""V4_base_dryup"":{""value"":1.0309812120604984,""score"":46.90187879395016},""V5_bo_expansion"":{""value"":0.5423944317487621,""score"":0},""_score"":50.14},""readiness"":{""_distance_atr"":0.911,""BR1_atr_distance"":{""score"":39.2406491840389},""BR2_compression"":{""score"":0.9004030441329691},""BR3_retest"":{""score"":50.0},""BR4_bo_age"":{""score"":50.0},""_score"":33.42},""risk"":{""R1_stop_clarity"":{""score"":60.34145394255324},""R2_stop_distance_pct"":{""value"":6.503878878878884,""score"":100.0},""R3_stop_distance_atr"":{""value"":0.9057964520256716,""score"":70.28982260128357},""R4_rr_potential"":{""value"":2.7934358106158252,""score"":89.67179053079126},""_score"":79.6},""market"":{""M1_spy_regime"":{""score"":100.0},""M3_earnings_risk"":{""value"":null,""score"":80.0},""M4_vix"":{""value"":null,""score"":60.0},""_score"":84.0},""liquidity"":{""L1_price"":{""value"":39.96,""score"":100.0},""L2_dollar_vol"":{""value"":58953999.97916784,""score"":88.52566384725198},""L3_spread_proxy"":{""value"":0.05880880880880884,""score"":41.19119119119116},""L4_volume_zscore"":{""value"":-1.1579490488372917,""score"":100.0},""_score"":89.53},""pattern_structure"":{""left_low"":37.93,""left_idx"":32,""right_low"":38.26,""right_idx"":74,""separation_bars"":42,""structural_low"":37.93,""current_price"":40.145,""neckline_distance_pct"":0.060530576659608905,""base_bars"":42},""pattern_geometry_features"":{""low_similarity_pct"":0.008662554140963336,""bounce_pct"":0.12246243079356718,""right_bottom_reaction"":0.929687500000003,""atr_pct"":0.07180287430287433},""_schema_version"":""1.0""}",,,,,,,,,,
20260504T200431Z-7bad84,2026-05-04T20:04:31.798741+00:00,ADI,breakout_retest_hold,setup,67.17,98.7,80.0,40.6,59.2,19.4,71.0,52.0,84.0,97.4,13.82,17.6,2.44,8.28,2.52,12.79,2.6,4.2,2.92,False,,396.91,394.95,387.9612,401.09,"{""trend"":{""T1_ema_stack"":{""value"":[true,true,true],""score"":100.0},""T2_ema50_slope"":{""value"":0.44190747972622346,""score"":100},""T3_high_proximity"":{""value"":0.9827423987322967,""score"":91.37119936614835},""T4_rs_1m"":{""value"":0.1519394383523489,""score"":100},""T5_rs_3m"":{""value"":0.22007889955237037,""score"":100},""T6_adr_healthy"":{""value"":2.4127386315867785,""score"":100.0},""_score"":98.71},""geometry"":{""sub_retest_depth"":100.0,""sub_retest_timing"":0.0,""sub_retest_freshness"":100.0,""sub_hold_quality"":100.0,""_score"":80.0},""compression"":{""VC1_atr_ratio"":{""value"":0.7771646014557756,""score"":55.7088496360561},""VC2_range_contraction"":{""value"":0.8857716271290046,""score"":19.038062145165902},""VC3_range_pct_rank"":{""score"":46.666666666666664},""_score"":40.61},""sr_quality"":{""SR1_touches"":{""value"":6,""score"":100},""SR2_tightness"":{""value"":2.2453462984582164,""score"":63.63956767669189},""SR3_recency"":{""value"":245,""score"":0.0},""SR4_price_location"":{""score"":30.0},""SR5_reaction"":{""value"":1.614793857272323,""score"":80.73969286361616},""_score"":59.16,""_levels_found"":3,""_target_level"":302.644},""volume"":{""V1_rvol_day"":{""value"":0.4120946001509662,""score"":0},""V2_rvol_sameslot"":{""value"":0.5585332394375645,""score"":3.9022159625043,""status"":""ok""},""V3_breakout_bar"":{""value"":0.7485269418654286,""score"":16.568462791028573},""V4_base_dryup"":{""value"":0.7756137634805882,""score"":72.43862365194119},""V5_bo_expansion"":{""value"":0.41209460015096616,""score"":0},""_score"":19.41},""readiness"":{""_distance_atr"":-0.159,""BR1_atr_distance"":{""score"":100.0},""BR2_compression"":{""score"":36.05381943826902},""BR3_retest"":{""score"":87.57134619844555},""BR4_bo_age"":{""score"":30.0},""_score"":71.03},""risk"":{""R1_stop_clarity"":{""score"":36.540184341978666},""R2_stop_distance_pct"":{""value"":2.2546169156735796,""score"":100.0},""R3_stop_distance_atr"":{""value"":0.7245702745234576,""score"":61.228513726172885},""R4_rr_potential"":{""value"":0.4671017343107397,""score"":0.0},""_score"":51.97},""market"":{""M1_spy_regime"":{""score"":100.0},""M3_earnings_risk"":{""value"":null,""score"":80.0},""M4_vix"":{""value"":null,""score"":60.0},""_score"":84.0},""liquidity"":{""L1_price"":{""value"":396.91,""score"":100.0},""L2_dollar_vol"":{""value"":510913982.8623341,""score"":100.0},""L3_spread_proxy"":{""value"":0.02615202438840038,""score"":73.84797561159962},""L4_volume_zscore"":{""value"":-1.7705673456860866,""score"":100.0},""_score"":97.38},""pattern_structure"":{""level"":394.95,""level_idx"":57,""breakout_idx"":62,""bo_peak_idx"":66,""bo_peak_price"":402.56,""retest_idx"":76,""retest_low"":391.88,""structural_low"":391.88,""current_price"":395.92,""neckline_distance_pct"":-0.0024499898969489475,""base_bars"":22,""bars_since_breakout"":17},""pattern_geometry_features"":{""retest_depth_atr"":0.9811956524220536,""bars_breakout_to_retest"":14.0,""bars_since_retest"":3.0,""current_above_level_atr"":0.3100194732408537,""bo_peak_excess_pct"":0.019268261805291845,""atr_pct"":0.031116607939187378},""_schema_version"":""1.0""}",,,,,,,,,,
20260504T200431Z-7bad84,2026-05-04T20:04:31.798741+00:00,LSCC,inverse_head_shoulders,retest_hold,67.09,100.0,73.7,39.9,41.8,71.6,57.5,30.9,84.0,94.3,12.0,20.64,3.19,5.86,10.03,4.6,1.86,4.2,4.72,False,,126.38,126.349,107.7097,143.348,"{""trend"":{""T1_ema_stack"":{""value"":[true,true,true],""score"":100.0},""T2_ema50_slope"":{""value"":0.5622492133995266,""score"":100},""T3_high_proximity"":{""value"":1.0,""score"":99.99999999999997},""T4_rs_1m"":{""value"":0.2351636351952986,""score"":100},""T5_rs_3m"":{""value"":0.4917471279111909,""score"":100},""T6_adr_healthy"":{""value"":4.450831546962316,""score"":100.0},""_score"":100.0},""geometry"":{""sub_head_depth"":61.2,""sub_shoulder_price_sym"":80.1,""sub_shoulder_time_sym"":28.6,""sub_right_shoulder_reaction"":90.8,""sub_base_context"":100.0,""_score"":73.72},""compression"":{""VC1_atr_ratio"":{""value"":0.6616565473922894,""score"":84.58586315192764},""VC2_range_contraction"":{""value"":1.0557221350275716,""score"":0},""VC3_range_pct_rank"":{""score"":24.16666666666667},""_score"":39.88},""sr_quality"":{""SR1_touches"":{""value"":2,""score"":25.0},""SR2_tightness"":{""value"":0.634999999999998,""score"":78.90019960553586},""SR3_recency"":{""value"":225,""score"":0.0},""SR4_price_location"":{""score"":30.0},""SR5_reaction"":{""value"":2.525330440912252,""score"":100},""_score"":41.84,""_levels_found"":6,""_target_level"":108.715},""volume"":{""V1_rvol_day"":{""value"":1.5414532229355862,""score"":69.43021486237241},""V2_rvol_sameslot"":{""value"":2.639181491239964,""score"":100,""status"":""ok""},""V3_breakout_bar"":{""value"":1.8648415908657188,""score"":90.98943939104792},""V4_base_dryup"":{""value"":1.021056937502723,""score"":47.894306249727705},""V5_bo_expansion"":{""value"":1.5414532229355864,""score"":36.096881529039095},""_score"":71.63},""readiness"":{""_distance_atr"":-0.005,""BR1_atr_distance"":{""score"":100.0},""BR2_compression"":{""score"":0},""BR3_retest"":{""score"":50.0},""BR4_bo_age"":{""score"":50.0},""_score"":57.5},""risk"":{""R1_stop_clarity"":{""score"":45.49772031965386},""R2_stop_distance_pct"":{""value"":14.773104921664817,""score"":0.0},""R3_stop_distance_atr"":{""value"":3.10187833318697,""score"":100.0},""R4_rr_potential"":{""value"":0.9088255379547687,""score"":0.0},""_score"":30.92},""market"":{""M1_spy_regime"":{""score"":100.0},""M3_earnings_risk"":{""value"":null,""score"":80.0},""M4_vix"":{""value"":null,""score"":60.0},""_score"":84.0},""liquidity"":{""L1_price"":{""value"":126.38,""score"":100.0},""L2_dollar_vol"":{""value"":376947463.19139904,""score"":100.0},""L3_spread_proxy"":{""value"":0.056703592340560244,""score"":43.29640765943976},""L4_volume_zscore"":{""value"":1.298813335806296,""score"":100.0},""_score"":94.33},""pattern_structure"":{""left_shoulder"":114.96,""left_shoulder_idx"":56,""head"":109.35,""head_idx"":70,""right_shoulder"":113.14,""right_shoulder_idx"":79,""left_to_head_bars"":14,""head_to_right_bars"":9,""structural_low"":109.35,""current_price"":126.23,""neckline_distance_pct"":0.0009427235997781808,""base_bars"":23},""pattern_geometry_features"":{""head_depth_pct"":0.04120999561595794,""shoulder_price_asymmetry"":0.015957913195966622,""shoulder_time_asymmetry"":0.35714285714285715,""right_shoulder_reaction"":0.9076086956521654,""atr_pct"":0.047626319716049116},""_schema_version"":""1.0""}",,,,,,,,,,
20260504T200431Z-7bad84,2026-05-04T20:04:31.798741+00:00,NXPI,high_tight_pullback,candidate,66.7,97.5,92.4,6.0,46.9,17.5,59.2,69.9,84.0,96.1,11.69,32.33,0.6,3.75,2.45,5.33,0.7,5.04,4.8,False,,291.96,299.8,283.9607,371.1899,"{""trend"":{""T1_ema_stack"":{""value"":[true,true,true],""score"":100.0},""T2_ema50_slope"":{""value"":0.2483705920178051,""score"":91.3950986696342},""T3_high_proximity"":{""value"":0.9888903942555208,""score"":94.4451971277604},""T4_rs_1m"":{""value"":0.4058217622754716,""score"":100},""T5_rs_3m"":{""value"":0.23090220882244505,""score"":100},""T6_adr_healthy"":{""value"":3.3797214028088107,""score"":100.0},""_score"":97.45},""geometry"":{""sub_pole_impulse"":100.0,""sub_flag_tightness"":89.1,""sub_flag_shallowness"":75.4,""sub_flag_drift"":100,""sub_flag_duration"":100.0,""_score"":92.36},""compression"":{""VC1_atr_ratio"":{""value"":1.27238187148687,""score"":0},""VC2_range_contraction"":{""value"":1.2071306225476266,""score"":0},""VC3_range_pct_rank"":{""score"":24.16666666666667},""_score"":6.04},""sr_quality"":{""SR1_touches"":{""value"":3,""score"":50.0},""SR2_tightness"":{""value"":1.755227114142836,""score"":72.74037026145147},""SR3_recency"":{""value"":287,""score"":0.0},""SR4_price_location"":{""score"":30.0},""SR5_reaction"":{""value"":1.7914481066327068,""score"":89.57240533163534},""_score"":46.85,""_levels_found"":5,""_target_level"":244.4267},""volume"":{""V1_rvol_day"":{""value"":0.4859497677749102,""score"":0},""V2_rvol_sameslot"":{""value"":0.9608873081850405,""score"":30.725820545669368,""status"":""ok""},""V3_breakout_bar"":{""value"":1.0436939666451133,""score"":36.246264443007554},""V4_base_dryup"":{""value"":1.3851322762332063,""score"":11.486772376679369},""V5_bo_expansion"":{""value"":0.4859497677749102,""score"":0},""_score"":17.5},""readiness"":{""_distance_atr"":0.609,""BR1_atr_distance"":{""score"":59.41351493714644},""BR2_compression"":{""score"":71.91420848596935},""BR3_retest"":{""score"":50.0},""BR4_bo_age"":{""score"":50.0},""_score"":59.24},""risk"":{""R1_stop_clarity"":{""score"":32.84166223399092},""R2_stop_distance_pct"":{""value"":2.739853062063281,""score"":100.0},""R3_stop_distance_atr"":{""value"":0.6211654119282298,""score"":56.05827059641149},""R4_rr_potential"":{""value"":9.904635107556684,""score"":100.0},""_score"":69.9},""market"":{""M1_spy_regime"":{""score"":100.0},""M3_earnings_risk"":{""value"":null,""score"":80.0},""M4_vix"":{""value"":null,""score"":60.0},""_score"":84.0},""liquidity"":{""L1_price"":{""value"":291.96,""score"":100.0},""L2_dollar_vol"":{""value"":499664797.05187327,""score"":100.0},""L3_spread_proxy"":{""value"":0.039440334292368776,""score"":60.559665707631225},""L4_volume_zscore"":{""value"":-0.9205299148215027,""score"":100.0},""_score"":96.06},""pattern_structure"":{""pole_low"":228.4101,""pole_low_idx"":32,""peak_price"":299.8,""peak_idx"":54,""pole_gain"":0.31255141519573787,""flag_bars"":5,""flag_low"":288.285,""flag_high"":294.41,""structural_low"":288.285,""current_price"":291.13,""neckline_distance_pct"":0.02978051042489615,""base_bars"":5},""pattern_geometry_features"":{""pole_gain"":0.31255141519573787,""pullback_pct"":0.03840893929286186,""flag_range_pct"":0.02043028685790527,""flag_drift_per_bar"":0.0002558994263730135,""atr_pct"":0.044108268255925474,""pole_atr_multiple"":7.08600513133385},""_schema_version"":""1.0""}",,,,,,,,,,
20260504T200431Z-7bad84,2026-05-04T20:04:31.798741+00:00,CW,breakout_retest_hold,setup,66.32,70.0,80.0,70.0,63.7,34.5,68.8,51.6,84.0,71.5,9.8,17.6,4.2,8.92,4.48,12.39,2.58,4.2,2.15,False,,716.95,711.74,698.049,725.02,"{""trend"":{""T1_ema_stack"":{""value"":[true,true,true],""score"":100.0},""T2_ema50_slope"":{""value"":0.19667684598642918,""score"":82.77947433107153},""T3_high_proximity"":{""value"":0.9654461965230741,""score"":82.723098261537},""T4_rs_1m"":{""value"":-0.06311126716901572,""score"":0},""T5_rs_3m"":{""value"":0.047203903679312154,""score"":73.60195183965608},""T6_adr_healthy"":{""value"":2.7353836473473736,""score"":100.0},""_score"":70.0},""geometry"":{""sub_retest_depth"":100.0,""sub_retest_timing"":100.0,""sub_retest_freshness"":0.0,""sub_hold_quality"":100.0,""_score"":80.0},""compression"":{""VC1_atr_ratio"":{""value"":0.36566064230072853,""score"":100},""VC2_range_contraction"":{""value"":0.8634925610831826,""score"":22.751239819469564},""VC3_range_pct_rank"":{""score"":88.33333333333333},""_score"":70.05},""sr_quality"":{""SR1_touches"":{""value"":5,""score"":100},""SR2_tightness"":{""value"":2.57040347027466,""score"":74.89416560004881},""SR3_recency"":{""value"":233,""score"":0.0},""SR4_price_location"":{""score"":30.0},""SR5_reaction"":{""value"":2.7959553719308103,""score"":100},""_score"":63.73,""_levels_found"":7,""_target_level"":713.366},""volume"":{""V1_rvol_day"":{""value"":0.5284648373828297,""score"":1.8976558255219784},""V2_rvol_sameslot"":{""value"":0.8422385538008762,""score"":22.81590358672508,""status"":""ok""},""V3_breakout_bar"":{""value"":1.1559623108392587,""score"":43.730820722617246},""V4_base_dryup"":{""value"":0.5710934325843694,""score"":92.89065674156306},""V5_bo_expansion"":{""value"":0.5284648373828298,""score"":0},""_score"":34.45},""readiness"":{""_distance_atr"":-0.254,""BR1_atr_distance"":{""score"":100.0},""BR2_compression"":{""score"":30.250799404298313},""BR3_retest"":{""score"":83.78632553765357},""BR4_bo_age"":{""score"":30.0},""_score"":68.82},""risk"":{""R1_stop_clarity"":{""score"":31.130952630117065},""R2_stop_distance_pct"":{""value"":2.636306576469777,""score"":100.0},""R3_stop_distance_atr"":{""value"":0.9230562078699147,""score"":71.15281039349574},""R4_rr_potential"":{""value"":0.4269615364266392,""score"":0.0},""_score"":51.57},""market"":{""M1_spy_regime"":{""score"":100.0},""M3_earnings_risk"":{""value"":null,""score"":80.0},""M4_vix"":{""value"":null,""score"":60.0},""_score"":84.0},""liquidity"":{""L1_price"":{""value"":716.95,""score"":0.0},""L2_dollar_vol"":{""value"":83357305.46013,""score"":96.04718337676093},""L3_spread_proxy"":{""value"":0.018844828788618317,""score"":81.15517121138168},""L4_volume_zscore"":{""value"":-1.2985813473806225,""score"":100.0},""_score"":71.53},""pattern_structure"":{""level"":711.74,""level_idx"":56,""breakout_idx"":63,""bo_peak_idx"":68,""bo_peak_price"":724.99,""retest_idx"":69,""retest_low"":705.1,""structural_low"":705.1,""current_price"":715.55,""neckline_distance_pct"":-0.005324575501362512,""base_bars"":23,""bars_since_breakout"":16},""pattern_geometry_features"":{""retest_depth_atr"":0.8647779727207936,""bars_breakout_to_retest"":6.0,""bars_since_retest"":10.0,""current_above_level_atr"":0.4962054331424975,""bo_peak_excess_pct"":0.018616348666647933,""atr_pct"":0.028560628854373174},""_schema_version"":""1.0""}",,,,,,,,,,
20260504T200431Z-7bad84,2026-05-04T20:04:31.798741+00:00,ONTO,double_bottom,candidate,66.16,97.8,71.8,71.3,56.1,18.8,37.8,76.6,84.0,97.3,14.68,17.95,5.7,7.86,2.45,3.02,4.6,5.04,4.87,False,,299.0,316.0,283.68,344.0,"{""trend"":{""T1_ema_stack"":{""value"":[true,true,true],""score"":100.0},""T2_ema50_slope"":{""value"":0.7816025013187557,""score"":100},""T3_high_proximity"":{""value"":0.9712206847268239,""score"":85.61034236341192},""T4_rs_1m"":{""value"":0.2924057264045641,""score"":100},""T5_rs_3m"":{""value"":0.44449746270039503,""score"":100},""T6_adr_healthy"":{""value"":4.5242439383763555,""score"":100.0},""_score"":97.84},""geometry"":{""sub_low_similarity"":93.2,""sub_bounce_quality"":96.0,""sub_separation_fit"":0.0,""sub_right_bottom_reaction"":30.9,""sub_base_context"":100.0,""_score"":71.8},""compression"":{""VC1_atr_ratio"":{""value"":0.5998938324605306,""score"":100},""VC2_range_contraction"":{""value"":0.8597911126386637,""score"":23.368147893556053},""VC3_range_pct_rank"":{""score"":92.5},""_score"":71.3},""sr_quality"":{""SR1_touches"":{""value"":6,""score"":100},""SR2_tightness"":{""value"":4.83241054409357,""score"":40.70376081466682},""SR3_recency"":{""value"":248,""score"":0.0},""SR4_price_location"":{""score"":30.0},""SR5_reaction"":{""value"":1.6669003910501088,""score"":83.34501955250543},""_score"":56.11,""_levels_found"":6,""_target_level"":225.765},""volume"":{""V1_rvol_day"":{""value"":0.6692006616815926,""score"":11.280044112106175},""V2_rvol_sameslot"":{""value"":0.5947397074040558,""score"":6.315980493603719,""status"":""ok""},""V3_breakout_bar"":{""value"":0.6808824935532454,""score"":12.058832903549693},""V4_base_dryup"":{""value"":0.8859509659688217,""score"":61.40490340311783},""V5_bo_expansion"":{""value"":0.6692006616815926,""score"":0},""_score"":18.81},""readiness"":{""_distance_atr"":1.043,""BR1_atr_distance"":{""score"":30.466995925891865},""BR2_compression"":{""score"":32.41548644348367},""BR3_retest"":{""score"":50.0},""BR4_bo_age"":{""score"":50.0},""_score"":37.79},""risk"":{""R1_stop_clarity"":{""score"":46.991309835268225},""R2_stop_distance_pct"":{""value"":5.123745819397991,""score"":100.0},""R3_stop_distance_atr"":{""value"":0.939922608013532,""score"":71.9961304006766},""R4_rr_potential"":{""value"":2.9373368146214114,""score"":96.86684073107057},""_score"":76.62},""market"":{""M1_spy_regime"":{""score"":100.0},""M3_earnings_risk"":{""value"":null,""score"":80.0},""M4_vix"":{""value"":null,""score"":60.0},""_score"":84.0},""liquidity"":{""L1_price"":{""value"":299.0,""score"":100.0},""L2_dollar_vol"":{""value"":175694149.211295,""score"":100.0},""L3_spread_proxy"":{""value"":0.026989966555183924,""score"":73.01003344481607},""L4_volume_zscore"":{""value"":-1.3145265566100826,""score"":100.0},""_score"":97.3},""pattern_structure"":{""left_low"":288.0,""left_idx"":26,""right_low"":288.98,""right_idx"":72,""separation_bars"":46,""structural_low"":288.0,""current_price"":298.515,""neckline_distance_pct"":0.05857327102490667,""base_bars"":46},""pattern_geometry_features"":{""low_similarity_pct"":0.003396998162847995,""bounce_pct"":0.09722222222222222,""right_bottom_reaction"":0.30862796714019414,""atr_pct"":0.054512422360248454},""_schema_version"":""1.0""}",,,,,,,,,,
20260504T200431Z-7bad84,2026-05-04T20:04:31.798741+00:00,MKSI,double_bottom,candidate,66.04,100.0,61.0,51.2,52.1,50.5,62.0,50.8,84.0,95.5,15.0,15.26,4.1,7.29,6.57,4.96,3.05,5.04,4.78,False,,290.12,294.05,262.8423,321.255,"{""trend"":{""T1_ema_stack"":{""value"":[true,true,true],""score"":100.0},""T2_ema50_slope"":{""value"":0.4853037880233643,""score"":100},""T3_high_proximity"":{""value"":1.0,""score"":99.99999999999997},""T4_rs_1m"":{""value"":0.14146979478708444,""score"":100},""T5_rs_3m"":{""value"":0.20955523887418437,""score"":100},""T6_adr_healthy"":{""value"":4.444092531108425,""score"":100.0},""_score"":100.0},""geometry"":{""sub_low_similarity"":39.5,""sub_bounce_quality"":100,""sub_separation_fit"":0.0,""sub_right_bottom_reaction"":61.1,""sub_base_context"":100.0,""_score"":61.02},""compression"":{""VC1_atr_ratio"":{""value"":0.4635681104027942,""score"":100},""VC2_range_contraction"":{""value"":1.2138640958117515,""score"":0},""VC3_range_pct_rank"":{""score"":44.99999999999999},""_score"":51.25},""sr_quality"":{""SR1_touches"":{""value"":4,""score"":75.0},""SR2_tightness"":{""value"":3.5844531922596055,""score"":48.68225009164311},""SR3_recency"":{""value"":224,""score"":0.0},""SR4_price_location"":{""score"":30.0},""SR5_reaction"":{""value"":1.968912182027357,""score"":98.44560910136785},""_score"":52.07,""_levels_found"":4,""_target_level"":264.9688},""volume"":{""V1_rvol_day"":{""value"":1.3763564692034431,""score"":58.42376461356288},""V2_rvol_sameslot"":{""value"":1.451642462938648,""score"":63.44283086257653,""status"":""ok""},""V3_breakout_bar"":{""value"":0.9563788270848131,""score"":30.425255138987545},""V4_base_dryup"":{""value"":0.7602065697557315,""score"":73.97934302442684},""V5_bo_expansion"":{""value"":1.3763564692034431,""score"":25.09043128022954},""_score"":50.54},""readiness"":{""_distance_atr"":0.281,""BR1_atr_distance"":{""score"":81.24504665729256},""BR2_compression"":{""score"":47.87543443544344},""BR3_retest"":{""score"":50.0},""BR4_bo_age"":{""score"":50.0},""_score"":61.97},""risk"":{""R1_stop_clarity"":{""score"":42.694669564105666},""R2_stop_distance_pct"":{""value"":9.402204260306075,""score"":64.94489349234813},""R3_stop_distance_atr"":{""value"":1.9526393966509008,""score"":100.0},""R4_rr_potential"":{""value"":1.1414095959424697,""score"":7.070479797123486},""_score"":50.84},""market"":{""M1_spy_regime"":{""score"":100.0},""M3_earnings_risk"":{""value"":null,""score"":80.0},""M4_vix"":{""value"":null,""score"":60.0},""_score"":84.0},""liquidity"":{""L1_price"":{""value"":290.12,""score"":100.0},""L2_dollar_vol"":{""value"":432071746.0452095,""score"":100.0},""L3_spread_proxy"":{""value"":0.044946918516475816,""score"":55.05308148352418},""L4_volume_zscore"":{""value"":1.2434541734029871,""score"":100.0},""_score"":95.51},""pattern_structure"":{""left_low"":266.845,""left_idx"":27,""right_low"":275.04,""right_idx"":72,""separation_bars"":45,""structural_low"":266.845,""current_price"":289.73,""neckline_distance_pct"":0.014910433852207203,""base_bars"":45},""pattern_geometry_features"":{""low_similarity_pct"":0.030246269965029455,""bounce_pct"":0.10195057055594064,""right_bottom_reaction"":0.610902255639105,""atr_pct"":0.048151257607689416},""_schema_version"":""1.0""}",,,,,,,,,,
20260504T200431Z-7bad84,2026-05-04T20:04:31.798741+00:00,CRWD,breakout_retest_hold,setup,65.92,81.0,78.5,67.6,38.5,20.1,86.3,52.3,84.0,96.5,11.33,17.28,4.06,5.4,2.61,15.53,2.61,4.2,2.9,False,,468.605,463.6899,459.954,468.7326,"{""trend"":{""T1_ema_stack"":{""value"":[true,true,false],""score"":66.66666666666666},""T2_ema50_slope"":{""value"":0.12410811295072452,""score"":70.68468549178742},""T3_high_proximity"":{""value"":1.0,""score"":99.99999999999997},""T4_rs_1m"":{""value"":0.07922336337692348,""score"":100},""T5_rs_3m"":{""value"":0.035245876648773544,""score"":67.62293832438678},""T6_adr_healthy"":{""value"":4.423486833395834,""score"":100.0},""_score"":80.95},""geometry"":{""sub_retest_depth"":31.4,""sub_retest_timing"":100.0,""sub_retest_freshness"":100.0,""sub_hold_quality"":97.1,""_score"":78.55},""compression"":{""VC1_atr_ratio"":{""value"":0.45638077271652644,""score"":100},""VC2_range_contraction"":{""value"":0.7653761120479514,""score"":39.10398132534143},""VC3_range_pct_rank"":{""score"":55.833333333333336},""_score"":67.64},""sr_quality"":{""SR1_touches"":{""value"":2,""score"":25.0},""SR2_tightness"":{""value"":0.27504999999999313,""score"":96.76030215417578},""SR3_recency"":{""value"":296,""score"":0.0},""SR4_price_location"":{""score"":6.146264367038848},""SR5_reaction"":{""value"":2.2167224676793715,""score"":100},""_score"":38.55,""_levels_found"":6,""_target_level"":477.2749},""volume"":{""V1_rvol_day"":{""value"":0.5287324121288619,""score"":1.9154941419241271},""V2_rvol_sameslot"":{""value"":0.4213048049661639,""score"":0,""status"":""ok""},""V3_breakout_bar"":{""value"":0.7197704634223949,""score"":14.651364228159661},""V4_base_dryup"":{""value"":0.6987219372969796,""score"":80.12780627030205},""V5_bo_expansion"":{""value"":0.5287324121288619,""score"":0},""_score"":20.07},""readiness"":{""_distance_atr"":-0.289,""BR1_atr_distance"":{""score"":100.0},""BR2_compression"":{""score"":57.18664065687634},""BR3_retest"":{""score"":100},""BR4_bo_age"":{""score"":80},""_score"":86.3},""risk"":{""R1_stop_clarity"":{""score"":45.27672717069709},""R2_stop_distance_pct"":{""value"":1.8461177324185636,""score"":96.1529433104641},""R3_stop_distance_atr"":{""value"":0.50948238618844,""score"":50.47411930942201},""R4_rr_potential"":{""value"":0.014750565582837796,""score"":0.0},""_score"":52.26},""market"":{""M1_spy_regime"":{""score"":100.0},""M3_earnings_risk"":{""value"":null,""score"":80.0},""M4_vix"":{""value"":null,""score"":60.0},""_score"":84.0},""liquidity"":{""L1_price"":{""value"":468.605,""score"":100.0},""L2_dollar_vol"":{""value"":827867210.3838023,""score"":100.0},""L3_spread_proxy"":{""value"":0.03501861909283937,""score"":64.98138090716063},""L4_volume_zscore"":{""value"":-0.9352383213069703,""score"":100.0},""_score"":96.5},""pattern_structure"":{""level"":463.6899,""level_idx"":50,""breakout_idx"":74,""bo_peak_idx"":75,""bo_peak_price"":471.81,""retest_idx"":76,""retest_low"":464.6,""structural_low"":464.6,""current_price"":468.85,""neckline_distance_pct"":-0.011005865415378051,""base_bars"":29,""bars_since_breakout"":5},""pattern_geometry_features"":{""retest_depth_atr"":-0.18047845615804425,""bars_breakout_to_retest"":2.0,""bars_since_retest"":3.0,""current_above_level_atr"":1.0232797292837317,""bo_peak_excess_pct"":0.01751191906487499,""atr_pct"":0.03623516302947809},""_schema_version"":""1.0""}",,,,,,,,,,
20260504T200431Z-7bad84,2026-05-04T20:04:31.798741+00:00,ZETA,double_bottom,candidate,65.65,71.6,89.7,60.6,45.2,35.6,29.4,75.6,84.0,94.9,10.74,22.42,4.85,6.33,4.63,2.35,4.54,5.04,4.75,False,,18.71,19.88,17.4246,22.07,"{""trend"":{""T1_ema_stack"":{""value"":[true,true,false],""score"":66.66666666666666},""T2_ema50_slope"":{""value"":0.0364579515432854,""score"":56.076325257214236},""T3_high_proximity"":{""value"":0.9806079664570232,""score"":90.30398322851157},""T4_rs_1m"":{""value"":0.09005502234901819,""score"":100},""T5_rs_3m"":{""value"":-0.030950337956315188,""score"":34.5248310218424},""T6_adr_healthy"":{""value"":5.28906265160348,""score"":100.0},""_score"":71.61},""geometry"":{""sub_low_similarity"":75.3,""sub_bounce_quality"":100,""sub_separation_fit"":100.0,""sub_right_bottom_reaction"":80.6,""sub_base_context"":100.0,""_score"":89.68},""compression"":{""VC1_atr_ratio"":{""value"":0.4025352721532229,""score"":100},""VC2_range_contraction"":{""value"":0.8499129799017132,""score"":25.014503349714467},""VC3_range_pct_rank"":{""score"":47.5},""_score"":60.63},""sr_quality"":{""SR1_touches"":{""value"":3,""score"":50.0},""SR2_tightness"":{""value"":0.05099019513592815,""score"":89.43693150585233},""SR3_recency"":{""value"":262,""score"":0.0},""SR4_price_location"":{""score"":7.1207430340558115},""SR5_reaction"":{""value"":3.433657388911085,""score"":100},""_score"":45.2,""_levels_found"":6,""_target_level"":19.46},""volume"":{""V1_rvol_day"":{""value"":1.2048580861196638,""score"":46.99053907464425},""V2_rvol_sameslot"":{""value"":1.4818523641851933,""score"":65.45682427901288,""status"":""ok""},""V3_breakout_bar"":{""value"":0.645211875500454,""score"":9.680791700030266},""V4_base_dryup"":{""value"":1.0660418875480355,""score"":43.39581124519645},""V5_bo_expansion"":{""value"":1.2048580861196638,""score"":13.657205741310921},""_score"":35.64},""readiness"":{""_distance_atr"":1.212,""BR1_atr_distance"":{""score"":19.20806143738635},""BR2_compression"":{""score"":16.958264721695834},""BR3_retest"":{""score"":50.0},""BR4_bo_age"":{""score"":50.0},""_score"":29.42},""risk"":{""R1_stop_clarity"":{""score"":45.03040795489822},""R2_stop_distance_pct"":{""value"":6.869855692143243,""score"":100.0},""R3_stop_distance_atr"":{""value"":1.331357926044304,""score"":91.5678963022152},""R4_rr_potential"":{""value"":2.614073987629823,""score"":80.70369938149116},""_score"":75.64},""market"":{""M1_spy_regime"":{""score"":100.0},""M3_earnings_risk"":{""value"":null,""score"":80.0},""M4_vix"":{""value"":null,""score"":60.0},""_score"":84.0},""liquidity"":{""L1_price"":{""value"":18.71,""score"":100.0},""L2_dollar_vol"":{""value"":188068346.51491463,""score"":100.0},""L3_spread_proxy"":{""value"":0.05077498663816137,""score"":49.22501336183863},""L4_volume_zscore"":{""value"":0.39246843020597777,""score"":100.0},""_score"":94.92},""pattern_structure"":{""left_low"":17.69,""left_idx"":51,""right_low"":17.91,""right_idx"":74,""separation_bars"":23,""structural_low"":17.69,""current_price"":18.74,""neckline_distance_pct"":0.06083244397011743,""base_bars"":23},""pattern_geometry_features"":{""low_similarity_pct"":0.012359550561797689,""bounce_pct"":0.12379875635952502,""right_bottom_reaction"":0.8055555555555584,""atr_pct"":0.05160036649614413},""_schema_version"":""1.0""}",,,,,,,,,,
20260504T200431Z-7bad84,2026-05-04T20:04:31.798741+00:00,OMER,double_bottom,candidate,65.45,98.7,69.9,72.2,46.7,29.1,60.0,55.9,84.0,78.0,14.8,17.47,5.77,6.54,3.78,4.8,3.35,5.04,3.9,False,,14.79,14.93,14.0816,15.564,"{""trend"":{""T1_ema_stack"":{""value"":[true,true,true],""score"":100.0},""T2_ema50_slope"":{""value"":0.43803373667095147,""score"":100},""T3_high_proximity"":{""value"":0.9820717131474103,""score"":91.0358565737051},""T4_rs_1m"":{""value"":0.2620085871996085,""score"":100},""T5_rs_3m"":{""value"":0.22938905881780736,""score"":100},""T6_adr_healthy"":{""value"":4.892152498935469,""score"":100.0},""_score"":98.66},""geometry"":{""sub_low_similarity"":78.6,""sub_bounce_quality"":20.5,""sub_separation_fit"":100.0,""sub_right_bottom_reaction"":47.9,""sub_base_context"":100.0,""_score"":69.87},""compression"":{""VC1_atr_ratio"":{""value"":0.4201693749435886,""score"":100},""VC2_range_contraction"":{""value"":0.8023080564937837,""score"":32.94865725103605},""VC3_range_pct_rank"":{""score"":82.5},""_score"":72.16},""sr_quality"":{""SR1_touches"":{""value"":2,""score"":25.0},""SR2_tightness"":{""value"":0.009999999999999787,""score"":97.14835674057181},""SR3_recency"":{""value"":304,""score"":0.0},""SR4_price_location"":{""score"":38.511326860841415},""SR5_reaction"":{""value"":6.352035360376414,""score"":100},""_score"":46.7,""_levels_found"":8,""_target_level"":17.64},""volume"":{""V1_rvol_day"":{""value"":0.7272405008734186,""score"":15.149366724894575},""V2_rvol_sameslot"":{""value"":1.0075918816922214,""score"":33.839458779481426,""status"":""ok""},""V3_breakout_bar"":{""value"":0.884351564263255,""score"":25.623437617550334},""V4_base_dryup"":{""value"":0.8572635517955887,""score"":64.27364482044113},""V5_bo_expansion"":{""value"":0.7272405008734186,""score"":0},""_score"":29.06},""readiness"":{""_distance_atr"":0.2,""BR1_atr_distance"":{""score"":86.69233145600147},""BR2_compression"":{""score"":31.4489168063812},""BR3_retest"":{""score"":50.0},""BR4_bo_age"":{""score"":50.0},""_score"":60.04},""risk"":{""R1_stop_clarity"":{""score"":38.84936194482081},""R2_stop_distance_pct"":{""value"":4.789993238674777,""score"":100.0},""R3_stop_distance_atr"":{""value"":1.010109075354672,""score"":75.5054537677336},""R4_rr_potential"":{""value"":1.092541358477784,""score"":4.627067923889205},""_score"":55.85},""market"":{""M1_spy_regime"":{""score"":100.0},""M3_earnings_risk"":{""value"":null,""score"":80.0},""M4_vix"":{""value"":null,""score"":60.0},""_score"":84.0},""liquidity"":{""L1_price"":{""value"":14.79,""score"":100.0},""L2_dollar_vol"":{""value"":12309360.21847839,""score"":54.51177404865728},""L3_spread_proxy"":{""value"":0.037863421230561224,""score"":62.13657876943878},""L4_volume_zscore"":{""value"":-0.8505447717697708,""score"":100.0},""_score"":78.02},""pattern_structure"":{""left_low"":14.296,""left_idx"":52,""right_low"":14.4501,""right_idx"":68,""separation_bars"":16,""structural_low"":14.296,""current_price"":14.755,""neckline_distance_pct"":0.011860386309725444,""base_bars"":16},""pattern_geometry_features"":{""low_similarity_pct"":0.010721454388595425,""bounce_pct"":0.0443480693900392,""right_bottom_reaction"":0.4790581371118971,""atr_pct"":0.047420554428668035},""_schema_version"":""1.0""}",,,,,,,,,,
20260504T200431Z-7bad84,2026-05-04T20:04:31.798741+00:00,CRML,breakout_retest_hold,setup,65.08,78.1,85.6,13.1,55.9,19.9,74.5,75.9,84.0,90.0,10.94,18.83,0.79,7.82,2.58,13.42,3.8,4.2,2.7,False,,13.055,12.98,12.87,13.5346,"{""trend"":{""T1_ema_stack"":{""value"":[true,true,true],""score"":100.0},""T2_ema50_slope"":{""value"":0.357292440366488,""score"":100},""T3_high_proximity"":{""value"":0.8622853368560105,""score"":31.142668428005226},""T4_rs_1m"":{""value"":0.459294519921321,""score"":100},""T5_rs_3m"":{""value"":0.004377740988770418,""score"":52.188870494385206},""T6_adr_healthy"":{""value"":11.507951918946416,""score"":12.301202026339597},""_score"":78.11},""geometry"":{""sub_retest_depth"":52.0,""sub_retest_timing"":100.0,""sub_retest_freshness"":100.0,""sub_hold_quality"":100.0,""_score"":85.6},""compression"":{""VC1_atr_ratio"":{""value"":1.1503880222470992,""score"":0},""VC2_range_contraction"":{""value"":1.1610731306849993,""score"":0},""VC3_range_pct_rank"":{""score"":52.5},""_score"":13.12},""sr_quality"":{""SR1_touches"":{""value"":3,""score"":50.0},""SR2_tightness"":{""value"":0.3630977860332145,""score"":58.662890749104456},""SR3_recency"":{""value"":226,""score"":0.0},""SR4_price_location"":{""score"":68.36764077102298},""SR5_reaction"":{""value"":2.6943284528780587,""score"":100},""_score"":55.89,""_levels_found"":4,""_target_level"":14.2634},""volume"":{""V1_rvol_day"":{""value"":1.1659440878342908,""score"":44.396272522286054},""V2_rvol_sameslot"":{""value"":1.111163831065093,""score"":40.74425540433954,""status"":""ok""},""V3_breakout_bar"":{""value"":0.5713110843280346,""score"":4.754072288535638},""V4_base_dryup"":{""value"":3.147009683185368,""score"":0},""V5_bo_expansion"":{""value"":1.1659440878342908,""score"":11.06293918895272},""_score"":19.88},""readiness"":{""_distance_atr"":-0.043,""BR1_atr_distance"":{""score"":100.0},""BR2_compression"":{""score"":10.148857150086325},""BR3_retest"":{""score"":100},""BR4_bo_age"":{""score"":80},""_score"":74.54},""risk"":{""R1_stop_clarity"":{""score"":85.2000634282995},""R2_stop_distance_pct"":{""value"":1.4170815779394905,""score"":85.42703944848726},""R3_stop_distance_atr"":{""value"":0.10530724099094549,""score"":30.265362049547274},""R4_rr_potential"":{""value"":2.592664092664091,""score"":79.63320463320456},""_score"":75.91},""market"":{""M1_spy_regime"":{""score"":100.0},""M3_earnings_risk"":{""value"":null,""score"":80.0},""M4_vix"":{""value"":null,""score"":60.0},""_score"":84.0},""liquidity"":{""L1_price"":{""value"":13.055,""score"":100.0},""L2_dollar_vol"":{""value"":295748637.60369176,""score"":100.0},""L3_spread_proxy"":{""value"":0.10187667560321717,""score"":0},""L4_volume_zscore"":{""value"":0.19722923051917102,""score"":100.0},""_score"":90.0},""pattern_structure"":{""level"":12.98,""level_idx"":64,""breakout_idx"":74,""bo_peak_idx"":74,""bo_peak_price"":13.96,""retest_idx"":76,""retest_low"":13.0,""structural_low"":13.0,""current_price"":13.225,""neckline_distance_pct"":-0.018525519848771207,""base_bars"":15,""bars_since_breakout"":5},""pattern_geometry_features"":{""retest_depth_atr"":-0.03605924018029544,""bars_breakout_to_retest"":2.0,""bars_since_retest"":3.0,""current_above_level_atr"":0.44172569220862706,""bo_peak_excess_pct"":0.07550077041602468,""atr_pct"":0.1345663949225803},""_schema_version"":""1.0""}",,,,,,,,,,
20260504T200431Z-7bad84,2026-05-04T20:04:31.798741+00:00,PLTR,breakout_retest_hold,setup,65.0,30.6,100.0,74.1,63.3,38.2,76.3,54.8,84.0,97.0,4.28,22.0,4.45,8.87,4.97,13.74,2.74,4.2,2.91,True,weak_retest_trend,146.64,146.44,143.7728,148.87,"{""trend"":{""T1_ema_stack"":{""value"":[true,false,false],""score"":33.33333333333333},""T2_ema50_slope"":{""value"":-0.1695432695502086,""score"":21.742788408298562},""T3_high_proximity"":{""value"":0.9117135041034568,""score"":55.85675205172835},""T4_rs_1m"":{""value"":-0.10713134114114253,""score"":0},""T5_rs_3m"":{""value"":-0.040136192904845824,""score"":29.931903547577086},""T6_adr_healthy"":{""value"":4.3895364993338735,""score"":100.0},""_score"":30.55},""geometry"":{""sub_retest_depth"":100.0,""sub_retest_timing"":100.0,""sub_retest_freshness"":100.0,""sub_hold_quality"":100.0,""_score"":100.0},""compression"":{""VC1_atr_ratio"":{""value"":0.5414009450175622,""score"":100},""VC2_range_contraction"":{""value"":0.7293077859415217,""score"":45.11536900974639},""VC3_range_pct_rank"":{""score"":73.33333333333334},""_score"":74.12},""sr_quality"":{""SR1_touches"":{""value"":3,""score"":50.0},""SR2_tightness"":{""value"":0.6360817557515713,""score"":78.45900424276466},""SR3_recency"":{""value"":251,""score"":0.0},""SR4_price_location"":{""score"":86.30030959752312},""SR5_reaction"":{""value"":2.4281303178847824,""score"":100},""_score"":63.34,""_levels_found"":7,""_target_level"":148.41},""volume"":{""V1_rvol_day"":{""value"":0.9588357598595554,""score"":30.58905065730369},""V2_rvol_sameslot"":{""value"":1.1212580404878996,""score"":41.417202699193304,""status"":""ok""},""V3_breakout_bar"":{""value"":0.9461353453627214,""score"":29.74235635751476},""V4_base_dryup"":{""value"":0.6804153107611034,""score"":81.95846892388965},""V5_bo_expansion"":{""value"":0.9588357598595556,""score"":0},""_score"":38.23},""readiness"":{""_distance_atr"":-0.034,""BR1_atr_distance"":{""score"":100.0},""BR2_compression"":{""score"":25.584412861027715},""BR3_retest"":{""score"":89.71346465749644},""BR4_bo_age"":{""score"":80},""_score"":76.34},""risk"":{""R1_stop_clarity"":{""score"":50.81935489333113},""R2_stop_distance_pct"":{""value"":1.9552986906710206,""score"":98.88246726677552},""R3_stop_distance_atr"":{""value"":0.4854990693134663,""score"":49.27495346567332},""R4_rr_potential"":{""value"":0.7777487139245027,""score"":0.0},""_score"":54.84},""market"":{""M1_spy_regime"":{""score"":100.0},""M3_earnings_risk"":{""value"":null,""score"":80.0},""M4_vix"":{""value"":null,""score"":60.0},""_score"":84.0},""liquidity"":{""L1_price"":{""value"":146.64,""score"":100.0},""L2_dollar_vol"":{""value"":6926561512.051586,""score"":100.0},""L3_spread_proxy"":{""value"":0.03010774686306596,""score"":69.89225313693404},""L4_volume_zscore"":{""value"":-0.09018468555193117,""score"":100.0},""_score"":96.99},""pattern_structure"":{""level"":146.44,""level_idx"":68,""breakout_idx"":74,""bo_peak_idx"":74,""bo_peak_price"":149.64,""retest_idx"":76,""retest_low"":145.225,""structural_low"":145.225,""current_price"":147.58,""neckline_distance_pct"":-0.007724623932782319,""base_bars"":11,""bars_since_breakout"":5},""pattern_geometry_features"":{""retest_depth_atr"":0.6578896478105164,""bars_breakout_to_retest"":2.0,""bars_since_retest"":3.0,""current_above_level_atr"":0.6172791757234538,""bo_peak_excess_pct"":0.021851953018300934,""atr_pct"":0.04027399462239888},""_schema_version"":""1.0""}",,,,,,,,,,
20260504T200431Z-7bad84,2026-05-04T20:04:31.798741+00:00,WULF,double_bottom,candidate,64.78,100.0,68.2,70.7,53.1,18.1,61.0,44.0,84.0,94.6,15.0,17.05,5.66,7.44,2.35,4.88,2.64,5.04,4.73,False,,22.39,22.625,19.9315,25.015,"{""trend"":{""T1_ema_stack"":{""value"":[true,true,true],""score"":100.0},""T2_ema50_slope"":{""value"":0.6699057708228574,""score"":100},""T3_high_proximity"":{""value"":1.0,""score"":99.99999999999997},""T4_rs_1m"":{""value"":0.40983215432992326,""score"":100},""T5_rs_3m"":{""value"":0.633366285373959,""score"":100},""T6_adr_healthy"":{""value"":6.969064191300648,""score"":100.0},""_score"":100.0},""geometry"":{""sub_low_similarity"":8.7,""sub_bounce_quality"":100,""sub_separation_fit"":100.0,""sub_right_bottom_reaction"":70.5,""sub_base_context"":100.0,""_score"":68.19},""compression"":{""VC1_atr_ratio"":{""value"":0.5712485926406109,""score"":100},""VC2_range_contraction"":{""value"":0.8481181963893863,""score"":25.313633935102274},""VC3_range_pct_rank"":{""score"":87.5},""_score"":70.73},""sr_quality"":{""SR1_touches"":{""value"":4,""score"":75.0},""SR2_tightness"":{""value"":0.341192760767283,""score"":54.03661665503673},""SR3_recency"":{""value"":233,""score"":0.0},""SR4_price_location"":{""score"":30.0},""SR5_reaction"":{""value"":2.4778924983641897,""score"":100},""_score"":53.11,""_levels_found"":7,""_target_level"":18.05},""volume"":{""V1_rvol_day"":{""value"":0.6136092997282317,""score"":7.57395331521545},""V2_rvol_sameslot"":{""value"":0.7870121873856356,""score"":19.13414582570904,""status"":""ok""},""V3_breakout_bar"":{""value"":0.8423779751133766,""score"":22.825198340891774},""V4_base_dryup"":{""value"":1.1494718304485267,""score"":35.05281695514732},""V5_bo_expansion"":{""value"":0.613609299728232,""score"":0},""_score"":18.06},""readiness"":{""_distance_atr"":0.158,""BR1_atr_distance"":{""score"":89.44741670194888},""BR2_compression"":{""score"":30.939370215604484},""BR3_retest"":{""score"":50.0},""BR4_bo_age"":{""score"":50.0},""_score"":61.01},""risk"":{""R1_stop_clarity"":{""score"":59.110984950540704},""R2_stop_distance_pct"":{""value"":10.980460026797685,""score"":25.488499330057877},""R3_stop_distance_atr"":{""value"":1.655986586351566,""score"":100.0},""R4_rr_potential"":{""value"":1.067713364720716,""score"":3.3856682360357993},""_score"":44.01},""market"":{""M1_spy_regime"":{""score"":100.0},""M3_earnings_risk"":{""value"":null,""score"":80.0},""M4_vix"":{""value"":null,""score"":60.0},""_score"":84.0},""liquidity"":{""L1_price"":{""value"":22.39,""score"":100.0},""L2_dollar_vol"":{""value"":479539794.9754851,""score"":100.0},""L3_spread_proxy"":{""value"":0.05403751674854851,""score"":45.96248325145149},""L4_volume_zscore"":{""value"":-1.2713971376971516,""score"":100.0},""_score"":94.6},""pattern_structure"":{""left_low"":20.235,""left_idx"":51,""right_low"":21.18,""right_idx"":73,""separation_bars"":22,""structural_low"":20.235,""current_price"":22.24,""neckline_distance_pct"":0.017311151079136763,""base_bars"":22},""pattern_geometry_features"":{""low_similarity_pct"":0.045635639261137284,""bounce_pct"":0.11811218186310851,""right_bottom_reaction"":0.7049180327868855,""atr_pct"":0.066307662859695},""_schema_version"":""1.0""}",,,,,,,,,,
20260504T200431Z-7bad84,2026-05-04T20:04:31.798741+00:00,LSCC,double_bottom,retest_hold,64.66,100.0,56.0,39.9,41.8,74.9,57.5,41.9,84.0,94.3,15.0,14.0,3.19,5.86,9.74,4.6,2.52,5.04,4.72,False,,126.38,126.349,113.2356,137.738,"{""trend"":{""T1_ema_stack"":{""value"":[true,true,true],""score"":100.0},""T2_ema50_slope"":{""value"":0.5622492133995266,""score"":100},""T3_high_proximity"":{""value"":1.0,""score"":99.99999999999997},""T4_rs_1m"":{""value"":0.2351636351952986,""score"":100},""T5_rs_3m"":{""value"":0.4917471279111909,""score"":100},""T6_adr_healthy"":{""value"":4.450831546962316,""score"":100.0},""_score"":100.0},""geometry"":{""sub_low_similarity"":5.1,""sub_bounce_quality"":98.7,""sub_separation_fit"":53.3,""sub_right_bottom_reaction"":44.9,""sub_base_context"":100.0,""_score"":56.0},""compression"":{""VC1_atr_ratio"":{""value"":0.6616565473922894,""score"":84.58586315192764},""VC2_range_contraction"":{""value"":1.0557221350275716,""score"":0},""VC3_range_pct_rank"":{""score"":24.16666666666667},""_score"":39.88},""sr_quality"":{""SR1_touches"":{""value"":2,""score"":25.0},""SR2_tightness"":{""value"":0.634999999999998,""score"":78.90019960553586},""SR3_recency"":{""value"":225,""score"":0.0},""SR4_price_location"":{""score"":30.0},""SR5_reaction"":{""value"":2.525330440912252,""score"":100},""_score"":41.84,""_levels_found"":6,""_target_level"":108.715},""volume"":{""V1_rvol_day"":{""value"":1.5414532229355862,""score"":69.43021486237241},""V2_rvol_sameslot"":{""value"":2.639181491239964,""score"":100,""status"":""ok""},""V3_breakout_bar"":{""value"":1.8648415908657188,""score"":90.98943939104792},""V4_base_dryup"":{""value"":0.8561072378908474,""score"":64.38927621091526},""V5_bo_expansion"":{""value"":1.5414532229355864,""score"":36.096881529039095},""_score"":74.93},""readiness"":{""_distance_atr"":-0.005,""BR1_atr_distance"":{""score"":100.0},""BR2_compression"":{""score"":0},""BR3_retest"":{""score"":50.0},""BR4_bo_age"":{""score"":50.0},""_score"":57.5},""risk"":{""R1_stop_clarity"":{""score"":42.70158141698561},""R2_stop_distance_pct"":{""value"":10.40069631270771,""score"":39.98259218230724},""R3_stop_distance_atr"":{""value"":2.1838127268109875,""score"":100.0},""R4_rr_potential"":{""value"":0.8640942150269316,""score"":0.0},""_score"":41.94},""market"":{""M1_spy_regime"":{""score"":100.0},""M3_earnings_risk"":{""value"":null,""score"":80.0},""M4_vix"":{""value"":null,""score"":60.0},""_score"":84.0},""liquidity"":{""L1_price"":{""value"":126.38,""score"":100.0},""L2_dollar_vol"":{""value"":376947463.19139904,""score"":100.0},""L3_spread_proxy"":{""value"":0.056703592340560244,""score"":43.29640765943976},""L4_volume_zscore"":{""value"":1.298813335806296,""score"":100.0},""_score"":94.33},""pattern_structure"":{""left_low"":114.96,""left_idx"":36,""right_low"":120.55,""right_idx"":73,""separation_bars"":37,""structural_low"":114.96,""current_price"":126.23,""neckline_distance_pct"":0.0009427235997781808,""base_bars"":37},""pattern_geometry_features"":{""low_similarity_pct"":0.04747144494925908,""bounce_pct"":0.09906924147529585,""right_bottom_reaction"":0.4485981308411221,""atr_pct"":0.047626319716049116},""_schema_version"":""1.0""}",,,,,,,,,,
20260504T200431Z-7bad84,2026-05-04T20:04:31.798741+00:00,LUNR,double_bottom,candidate,64.66,68.5,79.3,73.2,60.6,15.5,50.7,74.3,84.0,93.0,10.28,19.83,5.85,8.48,2.01,4.06,4.46,5.04,4.65,False,,25.24,26.27,23.7878,28.3899,"{""trend"":{""T1_ema_stack"":{""value"":[true,true,true],""score"":100.0},""T2_ema50_slope"":{""value"":0.8777945050415875,""score"":100},""T3_high_proximity"":{""value"":0.8430193720774882,""score"":21.509686038744093},""T4_rs_1m"":{""value"":-0.04276710297710884,""score"":7.232897022891159},""T5_rs_3m"":{""value"":0.3822418726043668,""score"":100},""T6_adr_healthy"":{""value"":8.936528301219642,""score"":76.58679246950895},""_score"":68.5},""geometry"":{""sub_low_similarity"":59.8,""sub_bounce_quality"":82.5,""sub_separation_fit"":100.0,""sub_right_bottom_reaction"":65.9,""sub_base_context"":100.0,""_score"":79.32},""compression"":{""VC1_atr_ratio"":{""value"":0.5053820723014204,""score"":100},""VC2_range_contraction"":{""value"":0.7561617792028034,""score"":40.63970346619944},""VC3_range_pct_rank"":{""score"":75.83333333333333},""_score"":73.18},""sr_quality"":{""SR1_touches"":{""value"":5,""score"":100},""SR2_tightness"":{""value"":0.5466113793180681,""score"":53.851177242954385},""SR3_recency"":{""value"":224,""score"":0.0},""SR4_price_location"":{""score"":30.0},""SR5_reaction"":{""value"":2.46157812372794,""score"":100},""_score"":60.58,""_levels_found"":5,""_target_level"":22.449},""volume"":{""V1_rvol_day"":{""value"":0.5391883967163817,""score"":2.6125597810921164},""V2_rvol_sameslot"":{""value"":0.6953755352392801,""score"":13.025035682618672,""status"":""ok""},""V3_breakout_bar"":{""value"":0.9515216141717298,""score"":30.10144094478198},""V4_base_dryup"":{""value"":1.259003195827043,""score"":24.099680417295716},""V5_bo_expansion"":{""value"":0.5391883967163817,""score"":0},""_score"":15.47},""readiness"":{""_distance_atr"":0.435,""BR1_atr_distance"":{""score"":71.01335657089211},""BR2_compression"":{""score"":19.12560588875954},""BR3_retest"":{""score"":50.0},""BR4_bo_age"":{""score"":50.0},""_score"":50.69},""risk"":{""R1_stop_clarity"":{""score"":69.41615030438997},""R2_stop_distance_pct"":{""value"":5.753373613312201,""score"":100.0},""R3_stop_distance_atr"":{""value"":0.6130048213914189,""score"":55.65024106957095},""R4_rr_potential"":{""value"":2.169126292952219,""score"":58.45631464761094},""_score"":74.33},""market"":{""M1_spy_regime"":{""score"":100.0},""M3_earnings_risk"":{""value"":null,""score"":80.0},""M4_vix"":{""value"":null,""score"":60.0},""_score"":84.0},""liquidity"":{""L1_price"":{""value"":25.24,""score"":100.0},""L2_dollar_vol"":{""value"":185544666.06705737,""score"":100.0},""L3_spread_proxy"":{""value"":0.0697266244057053,""score"":30.27337559429469},""L4_volume_zscore"":{""value"":-1.44458485555547,""score"":100.0},""_score"":93.03},""pattern_structure"":{""left_low"":24.64,""left_idx"":47,""right_low"":24.1501,""right_idx"":74,""separation_bars"":27,""structural_low"":24.1501,""current_price"":25.21,""neckline_distance_pct"":0.04204680682268936,""base_bars"":27},""pattern_geometry_features"":{""low_similarity_pct"":0.020081942853160877,""bounce_pct"":0.08778017482329271,""right_bottom_reaction"":0.6590715381555765,""atr_pct"":0.09385527507357937},""_schema_version"":""1.0""}",,,,,,,,,,
20260504T200431Z-7bad84,2026-05-04T20:04:31.798741+00:00,ON,bull_flag,candidate,64.62,99.8,68.3,25.4,38.2,55.7,47.6,70.2,84.0,96.6,13.97,20.49,2.29,3.82,7.8,4.28,2.1,5.04,4.83,False,,102.78,105.0,99.9676,117.56,"{""trend"":{""T1_ema_stack"":{""value"":[true,true,true],""score"":100.0},""T2_ema50_slope"":{""value"":0.7397194336723115,""score"":100},""T3_high_proximity"":{""value"":0.9975735222750655,""score"":98.78676113753271},""T4_rs_1m"":{""value"":0.5578051325600091,""score"":100},""T5_rs_3m"":{""value"":0.6378483469699283,""score"":100},""T6_adr_healthy"":{""value"":3.7789635971451268,""score"":100.0},""_score"":99.82},""geometry"":{""sub_pole_impulse"":50.9,""sub_flag_tightness"":71.5,""sub_flag_shallowness"":50.8,""sub_flag_drift"":100,""sub_flag_duration"":100.0,""_score"":68.3},""compression"":{""VC1_atr_ratio"":{""value"":0.9101487581110982,""score"":22.462810472225453},""VC2_range_contraction"":{""value"":0.9329727899840604,""score"":11.171201669323265},""VC3_range_pct_rank"":{""score"":50.0},""_score"":25.4},""sr_quality"":{""SR1_touches"":{""value"":2,""score"":25.0},""SR2_tightness"":{""value"":0.8300000000000054,""score"":63.892578868457804},""SR3_recency"":{""value"":268,""score"":0.0},""SR4_price_location"":{""score"":30.0},""SR5_reaction"":{""value"":1.813527853519465,""score"":90.67639267597325},""_score"":38.19,""_levels_found"":5,""_target_level"":72.93},""volume"":{""V1_rvol_day"":{""value"":1.1077339876230479,""score"":40.51559917486986},""V2_rvol_sameslot"":{""value"":1.9748341100184916,""score"":98.32227400123278,""status"":""ok""},""V3_breakout_bar"":{""value"":1.3240042378588173,""score"":54.93361585725448},""V4_base_dryup"":{""value"":0.8447623764399246,""score"":65.52376235600755},""V5_bo_expansion"":{""value"":1.1077339876230483,""score"":7.182265841536554},""_score"":55.68},""readiness"":{""_distance_atr"":0.483,""BR1_atr_distance"":{""score"":67.80784140079393},""BR2_compression"":{""score"":11.863659110629829},""BR3_retest"":{""score"":50.0},""BR4_bo_age"":{""score"":50.0},""_score"":47.59},""risk"":{""R1_stop_clarity"":{""score"":33.77333426553855},""R2_stop_distance_pct"":{""value"":2.7362813776999504,""score"":100.0},""R3_stop_distance_atr"":{""value"":0.611727143489713,""score"":55.586357174485656},""R4_rr_potential"":{""value"":5.255391398652356,""score"":100.0},""_score"":70.16},""market"":{""M1_spy_regime"":{""score"":100.0},""M3_earnings_risk"":{""value"":null,""score"":80.0},""M4_vix"":{""value"":null,""score"":60.0},""_score"":84.0},""liquidity"":{""L1_price"":{""value"":102.78,""score"":100.0},""L2_dollar_vol"":{""value"":1220432601.8467515,""score"":100.0},""L3_spread_proxy"":{""value"":0.03415061295971984,""score"":65.84938704028016},""L4_volume_zscore"":{""value"":0.2742171003968271,""score"":100.0},""_score"":96.58},""pattern_structure"":{""pole_low"":92.44,""pole_low_idx"":33,""peak_price"":105.0,""peak_idx"":54,""pole_gain"":0.13587191691908268,""flag_bars"":5,""flag_low"":101.49,""flag_high"":103.93,""structural_low"":101.49,""current_price"":103.04,""neckline_distance_pct"":0.01902173913043472,""base_bars"":5},""pattern_geometry_features"":{""pole_gain"":0.13587191691908268,""pullback_pct"":0.033428571428571474,""flag_range_pct"":0.023238095238095353,""flag_drift_per_bar"":0.001853649068322899,""atr_pct"":0.04473042281711282,""pole_atr_multiple"":3.0375728276617417},""_schema_version"":""1.0""}",,,,,,,,,,
20260504T200431Z-7bad84,2026-05-04T20:04:31.798741+00:00,CRS,inverse_head_shoulders,candidate,64.6,84.9,85.3,60.4,39.5,20.9,58.0,59.0,84.0,97.3,10.18,23.89,4.83,5.52,2.93,4.64,3.54,4.2,4.86,False,,426.85,442.48,388.3658,490.68,"{""trend"":{""T1_ema_stack"":{""value"":[true,true,true],""score"":100.0},""T2_ema50_slope"":{""value"":0.3701492421370905,""score"":100},""T3_high_proximity"":{""value"":0.9439198602419231,""score"":71.95993012096153},""T4_rs_1m"":{""value"":-0.004606253153866202,""score"":45.393746846133794},""T5_rs_3m"":{""value"":0.33849688959425506,""score"":100},""T6_adr_healthy"":{""value"":4.1820942703949395,""score"":100.0},""_score"":84.87},""geometry"":{""sub_head_depth"":74.7,""sub_shoulder_price_sym"":93.8,""sub_shoulder_time_sym"":100,""sub_right_shoulder_reaction"":61.2,""sub_base_context"":100.0,""_score"":85.32},""compression"":{""VC1_atr_ratio"":{""value"":0.37621878565918154,""score"":100},""VC2_range_contraction"":{""value"":1.2025793379605985,""score"":0},""VC3_range_pct_rank"":{""score"":81.66666666666667},""_score"":60.42},""sr_quality"":{""SR1_touches"":{""value"":2,""score"":25.0},""SR2_tightness"":{""value"":3.759999999999991,""score"":63.67807764293918},""SR3_recency"":{""value"":224,""score"":0.0},""SR4_price_location"":{""score"":40.35684386504472},""SR5_reaction"":{""value"":1.6417315703676871,""score"":82.08657851838436},""_score"":39.45,""_levels_found"":8,""_target_level"":446.24},""volume"":{""V1_rvol_day"":{""value"":0.4417965552835263,""score"":0},""V2_rvol_sameslot"":{""value"":0.5503107286435289,""score"":3.3540485762352614,""status"":""ok""},""V3_breakout_bar"":{""value"":0.927293688606758,""score"":28.486245907117198},""V4_base_dryup"":{""value"":0.8428937573736424,""score"":65.71062426263576},""V5_bo_expansion"":{""value"":0.4417965552835263,""score"":0},""_score"":20.93},""readiness"":{""_distance_atr"":0.755,""BR1_atr_distance"":{""score"":49.67095332971082},""BR2_compression"":{""score"":82.31814045700996},""BR3_retest"":{""score"":50.0},""BR4_bo_age"":{""score"":50.0},""_score"":57.95},""risk"":{""R1_stop_clarity"":{""score"":42.86832095634856},""R2_stop_distance_pct"":{""value"":9.015860372496203,""score"":74.60349068759493},""R3_stop_distance_atr"":{""value"":1.8588033568797941,""score"":100.0},""R4_rr_potential"":{""value"":1.6586027512589574,""score"":32.93013756294787},""_score"":58.97},""market"":{""M1_spy_regime"":{""score"":100.0},""M3_earnings_risk"":{""value"":null,""score"":80.0},""M4_vix"":{""value"":null,""score"":60.0},""_score"":84.0},""liquidity"":{""L1_price"":{""value"":426.85,""score"":100.0},""L2_dollar_vol"":{""value"":133427609.56295215,""score"":100.0},""L3_spread_proxy"":{""value"":0.02717582288860247,""score"":72.82417711139753},""L4_volume_zscore"":{""value"":-1.2356079425281663,""score"":100.0},""_score"":97.28},""pattern_structure"":{""left_shoulder"":418.12,""left_shoulder_idx"":70,""head"":394.28,""head_idx"":79,""right_shoulder"":416.04,""right_shoulder_idx"":88,""left_to_head_bars"":9,""head_to_right_bars"":9,""structural_low"":394.28,""current_price"":423.3,""neckline_distance_pct"":0.04531065438223484,""base_bars"":18},""pattern_geometry_features"":{""head_depth_pct"":0.05466577155461798,""shoulder_price_asymmetry"":0.004987052843579131,""shoulder_time_asymmetry"":0.0,""right_shoulder_reaction"":0.611690363349132,""atr_pct"":0.048503572683612516},""_schema_version"":""1.0""}",,,,,,,,,,
20260504T200431Z-7bad84,2026-05-04T20:04:31.798741+00:00,VSAT,double_bottom,candidate,64.54,97.9,63.5,76.7,49.6,23.1,53.4,69.5,84.0,88.4,14.68,15.88,6.13,6.94,3.0,4.27,4.17,5.04,4.42,False,,64.06,66.75,60.1737,72.41,"{""trend"":{""T1_ema_stack"":{""value"":[true,true,true],""score"":100.0},""T2_ema50_slope"":{""value"":0.6635394608033359,""score"":100},""T3_high_proximity"":{""value"":0.9719314216355638,""score"":85.96571081778187},""T4_rs_1m"":{""value"":0.09827369046828838,""score"":100},""T5_rs_3m"":{""value"":0.43167223775491137,""score"":100},""T6_adr_healthy"":{""value"":5.169058375587706,""score"":100.0},""_score"":97.89},""geometry"":{""sub_low_similarity"":48.0,""sub_bounce_quality"":89.5,""sub_separation_fit"":0.0,""sub_right_bottom_reaction"":74.8,""sub_base_context"":100.0,""_score"":63.52},""compression"":{""VC1_atr_ratio"":{""value"":0.49380071522522384,""score"":100},""VC2_range_contraction"":{""value"":0.792736472034938,""score"":34.54392132751033},""VC3_range_pct_rank"":{""score"":98.33333333333333},""_score"":76.67},""sr_quality"":{""SR1_touches"":{""value"":3,""score"":50.0},""SR2_tightness"":{""value"":0.3151013946159069,""score"":80.67074367565912},""SR3_recency"":{""value"":268,""score"":0.0},""SR4_price_location"":{""score"":30.0},""SR5_reaction"":{""value"":2.505860444736553,""score"":100},""_score"":49.6,""_levels_found"":5,""_target_level"":49.8067},""volume"":{""V1_rvol_day"":{""value"":0.39266288949623707,""score"":0},""V2_rvol_sameslot"":{""value"":0.5604249079683348,""score"":4.028327197888984,""status"":""ok""},""V3_breakout_bar"":{""value"":1.1657829144537166,""score"":44.38552763024777},""V4_base_dryup"":{""value"":0.9403839005225083,""score"":55.96160994774917},""V5_bo_expansion"":{""value"":0.39266288949623707,""score"":0},""_score"":23.09},""readiness"":{""_distance_atr"":0.825,""BR1_atr_distance"":{""score"":44.995800927447405},""BR2_compression"":{""score"":71.46682403959723},""BR3_retest"":{""score"":50.0},""BR4_bo_age"":{""score"":50.0},""_score"":53.37},""risk"":{""R1_stop_clarity"":{""score"":43.78836674334533},""R2_stop_distance_pct"":{""value"":6.066734311582891,""score"":100.0},""R3_stop_distance_atr"":{""value"":1.192001314492277,""score"":84.60006572461384},""R4_rr_potential"":{""value"":2.1485455504522224,""score"":57.42727752261112},""_score"":69.5},""market"":{""M1_spy_regime"":{""score"":100.0},""M3_earnings_risk"":{""value"":null,""score"":80.0},""M4_vix"":{""value"":null,""score"":60.0},""_score"":84.0},""liquidity"":{""L1_price"":{""value"":64.06,""score"":100.0},""L2_dollar_vol"":{""value"":36833643.01435246,""score"":78.31223373366028},""L3_spread_proxy"":{""value"":0.029035279425538546,""score"":70.96472057446145},""L4_volume_zscore"":{""value"":-1.8890794509180582,""score"":100.0},""_score"":88.42},""pattern_structure"":{""left_low"":61.09,""left_idx"":29,""right_low"":62.7,""right_idx"":74,""separation_bars"":45,""structural_low"":61.09,""current_price"":64.1,""neckline_distance_pct"":0.04134165366614674,""base_bars"":45},""pattern_geometry_features"":{""low_similarity_pct"":0.026011794167541794,""bounce_pct"":0.09265018824684886,""right_bottom_reaction"":0.7482993197278879,""atr_pct"":0.050895365951563284},""_schema_version"":""1.0""}",,,,,,,,,,
20260504T200431Z-7bad84,2026-05-04T20:04:31.798741+00:00,APP,double_bottom,setup,64.51,56.0,80.9,71.6,63.5,28.7,65.8,40.9,84.0,95.5,8.4,20.23,5.73,8.89,3.73,5.26,2.45,5.04,4.77,False,,474.46,462.9999,423.7962,495.7498,"{""trend"":{""T1_ema_stack"":{""value"":[true,false,false],""score"":33.33333333333333},""T2_ema50_slope"":{""value"":0.004057651886888288,""score"":50.67627531448138},""T3_high_proximity"":{""value"":0.9173095141426444,""score"":58.65475707132217},""T4_rs_1m"":{""value"":0.13312174511996488,""score"":100},""T5_rs_3m"":{""value"":-0.05023749309394998,""score"":24.88125345302501},""T6_adr_healthy"":{""value"":5.560970692952063,""score"":100.0},""_score"":56.0},""geometry"":{""sub_low_similarity"":94.6,""sub_bounce_quality"":65.9,""sub_separation_fit"":100.0,""sub_right_bottom_reaction"":29.0,""sub_base_context"":100.0,""_score"":80.91},""compression"":{""VC1_atr_ratio"":{""value"":0.4333064064352187,""score"":100},""VC2_range_contraction"":{""value"":0.7398826623402701,""score"":43.35288960995498},""VC3_range_pct_rank"":{""score"":65.83333333333333},""_score"":71.63},""sr_quality"":{""SR1_touches"":{""value"":4,""score"":75.0},""SR2_tightness"":{""value"":7.3639166718533735,""score"":37.916426621670055},""SR3_recency"":{""value"":230,""score"":0.0},""SR4_price_location"":{""score"":81.31590456290391},""SR5_reaction"":{""value"":4.482646590968284,""score"":100},""_score"":63.52,""_levels_found"":6,""_target_level"":484.0725},""volume"":{""V1_rvol_day"":{""value"":0.8208906083123189,""score"":21.392707220821258},""V2_rvol_sameslot"":{""value"":0.7532536784324158,""score"":16.88357856216105,""status"":""ok""},""V3_breakout_bar"":{""value"":0.9209510007059232,""score"":28.063400047061542},""V4_base_dryup"":{""value"":0.7993430816220363,""score"":70.06569183779638},""V5_bo_expansion"":{""value"":0.8208906083123185,""score"":0},""_score"":28.68},""readiness"":{""_distance_atr"":-0.483,""BR1_atr_distance"":{""score"":100.0},""BR2_compression"":{""score"":33.15821029564117},""BR3_retest"":{""score"":50.0},""BR4_bo_age"":{""score"":50.0},""_score"":65.79},""risk"":{""R1_stop_clarity"":{""score"":45.58984307605488},""R2_stop_distance_pct"":{""value"":10.67819204990937,""score"":33.04519875226575},""R3_stop_distance_atr"":{""value"":2.135675063223334,""score"":100.0},""R4_rr_potential"":{""value"":0.4202176112111731,""score"":0.0},""_score"":40.87},""market"":{""M1_spy_regime"":{""score"":100.0},""M3_earnings_risk"":{""value"":null,""score"":80.0},""M4_vix"":{""value"":null,""score"":60.0},""_score"":84.0},""liquidity"":{""L1_price"":{""value"":474.46,""score"":100.0},""L2_dollar_vol"":{""value"":1517609243.8965962,""score"":100.0},""L3_spread_proxy"":{""value"":0.045420056485267486,""score"":54.57994351473251},""L4_volume_zscore"":{""value"":-0.5834551787448343,""score"":100.0},""_score"":95.46},""pattern_structure"":{""left_low"":431.42,""left_idx"":40,""right_low"":430.25,""right_idx"":56,""separation_bars"":16,""structural_low"":430.25,""current_price"":476.76,""neckline_distance_pct"":-0.02886169141706512,""base_bars"":16},""pattern_geometry_features"":{""low_similarity_pct"":0.0027156568059698394,""bounce_pct"":0.07611830331202794,""right_bottom_reaction"":0.28965890633459745,""atr_pct"":0.049999141881597736},""_schema_version"":""1.0""}",,,,,,,,,,
20260504T200431Z-7bad84,2026-05-04T20:04:31.798741+00:00,AMAT,breakout_retest_hold,setup,64.22,90.8,63.3,58.8,56.5,21.6,75.6,53.0,84.0,96.1,12.71,13.93,3.52,7.91,2.8,13.6,2.65,4.2,2.88,False,,391.08,386.89,383.427,391.4778,"{""trend"":{""T1_ema_stack"":{""value"":[true,true,true],""score"":100.0},""T2_ema50_slope"":{""value"":0.4099806780500429,""score"":100},""T3_high_proximity"":{""value"":0.9377517744101285,""score"":68.87588720506422},""T4_rs_1m"":{""value"":0.027405237247537517,""score"":77.40523724753751},""T5_rs_3m"":{""value"":0.15830846535191845,""score"":100},""T6_adr_healthy"":{""value"":2.958492725428323,""score"":100.0},""_score"":90.81},""geometry"":{""sub_retest_depth"":44.4,""sub_retest_timing"":0.0,""sub_retest_freshness"":100.0,""sub_hold_quality"":100.0,""_score"":63.32},""compression"":{""VC1_atr_ratio"":{""value"":0.5658946205471743,""score"":100},""VC2_range_contraction"":{""value"":0.8429378255864681,""score"":26.177029068921982},""VC3_range_pct_rank"":{""score"":38.33333333333333},""_score"":58.75},""sr_quality"":{""SR1_touches"":{""value"":4,""score"":75.0},""SR2_tightness"":{""value"":1.5960028195463891,""score"":76.89580955657132},""SR3_recency"":{""value"":224,""score"":0.0},""SR4_price_location"":{""score"":30.0},""SR5_reaction"":{""value"":2.7109254929777937,""score"":100},""_score"":56.53,""_levels_found"":4,""_target_level"":378.265},""volume"":{""V1_rvol_day"":{""value"":0.6328758936341377,""score"":8.858392908942509},""V2_rvol_sameslot"":{""value"":0.7082505644698697,""score"":13.88337096465798,""status"":""ok""},""V3_breakout_bar"":{""value"":0.6607626450924576,""score"":10.71750967283051},""V4_base_dryup"":{""value"":0.7828066116032726,""score"":71.71933883967274},""V5_bo_expansion"":{""value"":0.6328758936341375,""score"":0},""_score"":21.57},""readiness"":{""_distance_atr"":-0.303,""BR1_atr_distance"":{""score"":100.0},""BR2_compression"":{""score"":44.292237300867825},""BR3_retest"":{""score"":100},""BR4_bo_age"":{""score"":30.0},""_score"":75.57},""risk"":{""R1_stop_clarity"":{""score"":43.93335118741737},""R2_stop_distance_pct"":{""value"":1.956888616139911,""score"":98.92221540349777},""R3_stop_distance_atr"":{""value"":0.5539350159601005,""score"":52.69675079800502},""R4_rr_potential"":{""value"":0.05198521588172612,""score"":0.0},""_score"":52.96},""market"":{""M1_spy_regime"":{""score"":100.0},""M3_earnings_risk"":{""value"":null,""score"":80.0},""M4_vix"":{""value"":null,""score"":60.0},""_score"":84.0},""liquidity"":{""L1_price"":{""value"":391.08,""score"":100.0},""L2_dollar_vol"":{""value"":1391010454.8931267,""score"":100.0},""L3_spread_proxy"":{""value"":0.03925002557021594,""score"":60.74997442978406},""L4_volume_zscore"":{""value"":-1.358329812510448,""score"":100.0},""_score"":96.07},""pattern_structure"":{""level"":386.89,""level_idx"":55,""breakout_idx"":63,""bo_peak_idx"":74,""bo_peak_price"":400.9999,""retest_idx"":76,""retest_low"":387.3,""structural_low"":387.3,""current_price"":389.46,""neckline_distance_pct"":-0.006598880501206782,""base_bars"":24,""bars_since_breakout"":16},""pattern_geometry_features"":{""retest_depth_atr"":-0.08936661798729476,""bars_breakout_to_retest"":13.0,""bars_since_retest"":3.0,""current_above_level_atr"":0.5601761176276412,""bo_peak_excess_pct"":0.03647005608829393,""atr_pct"":0.035327043060243445},""_schema_version"":""1.0""}",,,,,,,,,,
20260504T200431Z-7bad84,2026-05-04T20:04:31.798741+00:00,MRVL,bull_flag,candidate,63.76,99.4,68.4,52.1,39.2,20.2,64.6,72.5,84.0,97.2,13.91,20.51,4.69,3.93,2.83,5.81,2.17,5.04,4.86,False,,164.21,166.82,159.8261,186.79,"{""trend"":{""T1_ema_stack"":{""value"":[true,true,true],""score"":100.0},""T2_ema50_slope"":{""value"":1.0406345435581987,""score"":100},""T3_high_proximity"":{""value"":0.9918458564870742,""score"":95.9229282435371},""T4_rs_1m"":{""value"":0.4382246696116707,""score"":100},""T5_rs_3m"":{""value"":1.055035835154207,""score"":100},""T6_adr_healthy"":{""value"":4.7890855518384265,""score"":100.0},""_score"":99.39},""geometry"":{""sub_pole_impulse"":41.1,""sub_flag_tightness"":76.3,""sub_flag_shallowness"":59.8,""sub_flag_drift"":100,""sub_flag_duration"":100.0,""_score"":68.37},""compression"":{""VC1_atr_ratio"":{""value"":0.6898454022171259,""score"":77.53864944571853},""VC2_range_contraction"":{""value"":1.0562866271611633,""score"":0},""VC3_range_pct_rank"":{""score"":84.16666666666667},""_score"":52.06},""sr_quality"":{""SR1_touches"":{""value"":2,""score"":25.0},""SR2_tightness"":{""value"":1.0587499999999963,""score"":74.92599171107173},""SR3_recency"":{""value"":247,""score"":0.0},""SR4_price_location"":{""score"":30.0},""SR5_reaction"":{""value"":1.7349023090586135,""score"":86.74511545293068},""_score"":39.25,""_levels_found"":4,""_target_level"":101.7113},""volume"":{""V1_rvol_day"":{""value"":0.3829024896584714,""score"":0},""V2_rvol_sameslot"":{""value"":0.39265129744811805,""score"":0,""status"":""ok""},""V3_breakout_bar"":{""value"":0.5729649852670504,""score"":4.864332351136694},""V4_base_dryup"":{""value"":0.5489937145752076,""score"":95.10062854247924},""V5_bo_expansion"":{""value"":0.38290248965847135,""score"":0},""_score"":20.24},""readiness"":{""_distance_atr"":0.309,""BR1_atr_distance"":{""score"":79.39609236234472},""BR2_compression"":{""score"":61.25013786311616},""BR3_retest"":{""score"":50.0},""BR4_bo_age"":{""score"":50.0},""_score"":64.57},""risk"":{""R1_stop_clarity"":{""score"":42.358792184724855},""R2_stop_distance_pct"":{""value"":2.6696912490104205,""score"":100.0},""R3_stop_distance_atr"":{""value"":0.5191119005328608,""score"":50.95559502664304},""R4_rr_potential"":{""value"":5.1506649330504635,""score"":100.0},""_score"":72.47},""market"":{""M1_spy_regime"":{""score"":100.0},""M3_earnings_risk"":{""value"":null,""score"":80.0},""M4_vix"":{""value"":null,""score"":60.0},""_score"":84.0},""liquidity"":{""L1_price"":{""value"":164.21,""score"":100.0},""L2_dollar_vol"":{""value"":1745604272.2628577,""score"":100.0},""L3_spread_proxy"":{""value"":0.027769319773460824,""score"":72.23068022653918},""L4_volume_zscore"":{""value"":-2.0388882524723217,""score"":100.0},""_score"":97.22},""pattern_structure"":{""pole_low"":146.85,""pole_low_idx"":30,""peak_price"":166.82,""peak_idx"":54,""pole_gain"":0.13598910452843038,""flag_bars"":5,""flag_low"":162.26,""flag_high"":165.48,""structural_low"":162.26,""current_price"":164.175,""neckline_distance_pct"":0.016110857316887356,""base_bars"":5},""pattern_geometry_features"":{""pole_gain"":0.13598910452843038,""pullback_pct"":0.027334851936218693,""flag_range_pct"":0.01930224193741757,""flag_drift_per_bar"":0.0007644282016139679,""atr_pct"":0.05142804944887646,""pole_atr_multiple"":2.6442594262419825},""_schema_version"":""1.0""}",,,,,,,,,,
20260504T200431Z-7bad84,2026-05-04T20:04:31.798741+00:00,ADSK,breakout_retest_hold,setup,63.56,32.3,89.3,54.6,40.8,40.3,87.7,45.4,84.0,97.1,4.52,19.65,3.27,5.71,5.24,15.78,2.27,4.2,2.91,True,weak_retest_trend,247.4,246.86,244.256,249.5572,"{""trend"":{""T1_ema_stack"":{""value"":[true,false,false],""score"":33.33333333333333},""T2_ema50_slope"":{""value"":-0.11811506965198423,""score"":30.314155058002626},""T3_high_proximity"":{""value"":0.9366954414660003,""score"":68.3477207330001},""T4_rs_1m"":{""value"":-0.05572564136900149,""score"":0},""T5_rs_3m"":{""value"":-0.06452409201775366,""score"":17.73795399112317},""T6_adr_healthy"":{""value"":3.4650401845096024,""score"":100.0},""_score"":32.31},""geometry"":{""sub_retest_depth"":64.4,""sub_retest_timing"":100.0,""sub_retest_freshness"":100.0,""sub_hold_quality"":100.0,""_score"":89.32},""compression"":{""VC1_atr_ratio"":{""value"":0.49812504328339696,""score"":100},""VC2_range_contraction"":{""value"":0.925258299851314,""score"":12.456950024780996},""VC3_range_pct_rank"":{""score"":40.833333333333336},""_score"":54.57},""sr_quality"":{""SR1_touches"":{""value"":2,""score"":25.0},""SR2_tightness"":{""value"":0.8200000000000074,""score"":80.3566768904344},""SR3_recency"":{""value"":230,""score"":0.0},""SR4_price_location"":{""score"":24.956672443674094},""SR5_reaction"":{""value"":2.7314939106553906,""score"":100},""_score"":40.79,""_levels_found"":6,""_target_level"":251.73},""volume"":{""V1_rvol_day"":{""value"":0.5341831505977132,""score"":2.27887670651421},""V2_rvol_sameslot"":{""value"":1.3425632745371974,""score"":56.17088496914649,""status"":""ok""},""V3_breakout_bar"":{""value"":1.3394125028897588,""score"":55.96083352598392},""V4_base_dryup"":{""value"":0.7700555022033714,""score"":72.99444977966286},""V5_bo_expansion"":{""value"":0.5341831505977133,""score"":0},""_score"":40.28},""readiness"":{""_distance_atr"":-0.065,""BR1_atr_distance"":{""score"":100.0},""BR2_compression"":{""score"":63.33796212668125},""BR3_retest"":{""score"":99.18072969469848},""BR4_bo_age"":{""score"":80},""_score"":87.67},""risk"":{""R1_stop_clarity"":{""score"":40.896786143586304},""R2_stop_distance_pct"":{""value"":1.2708294260307234,""score"":81.77073565076809},""R3_stop_distance_atr"":{""value"":0.37658071001715476,""score"":43.829035500857735},""R4_rr_potential"":{""value"":0.6861162445456783,""score"":0.0},""_score"":45.42},""market"":{""M1_spy_regime"":{""score"":100.0},""M3_earnings_risk"":{""value"":null,""score"":80.0},""M4_vix"":{""value"":null,""score"":60.0},""_score"":84.0},""liquidity"":{""L1_price"":{""value"":247.4,""score"":100.0},""L2_dollar_vol"":{""value"":248904065.9120952,""score"":100.0},""L3_spread_proxy"":{""value"":0.02918350848827809,""score"":70.8164915117219},""L4_volume_zscore"":{""value"":-1.3565474618975426,""score"":100.0},""_score"":97.08},""pattern_structure"":{""level"":246.86,""level_idx"":68,""breakout_idx"":74,""bo_peak_idx"":74,""bo_peak_price"":249.98,""retest_idx"":76,""retest_low"":246.7232,""structural_low"":246.7232,""current_price"":247.72,""neckline_distance_pct"":-0.0034716615533666446,""base_bars"":11,""bars_since_breakout"":5},""pattern_geometry_features"":{""retest_depth_atr"":0.050719801697024156,""bars_breakout_to_retest"":2.0,""bars_since_retest"":3.0,""current_above_level_atr"":0.31885255452801853,""bo_peak_excess_pct"":0.012638742607145653,""atr_pct"":0.033746535396697086},""_schema_version"":""1.0""}",,,,,,,,,,
20260504T200431Z-7bad84,2026-05-04T20:04:31.798741+00:00,SGML,ascending_triangle,candidate,63.48,99.8,65.0,65.3,50.4,20.6,58.7,41.8,84.0,83.0,14.97,18.2,5.23,7.05,2.47,4.7,1.67,5.04,4.15,False,,22.39,23.01,19.04,26.69,"{""trend"":{""T1_ema_stack"":{""value"":[true,true,true],""score"":100.0},""T2_ema50_slope"":{""value"":1.0147935593787893,""score"":100},""T3_high_proximity"":{""value"":1.0,""score"":99.99999999999997},""T4_rs_1m"":{""value"":0.46323502096516256,""score"":100},""T5_rs_3m"":{""value"":1.0415520498372246,""score"":100},""T6_adr_healthy"":{""value"":8.135759805818912,""score"":96.6060048545272},""_score"":99.83},""geometry"":{""sub_flat_top_quality"":66.7,""sub_hl_slope"":100,""sub_compression"":0,""sub_duration"":100.0,""_score"":65.01},""compression"":{""VC1_atr_ratio"":{""value"":0.3667418060925198,""score"":100},""VC2_range_contraction"":{""value"":0.7624385798552458,""score"":39.593570024125704},""VC3_range_pct_rank"":{""score"":45.833333333333336},""_score"":65.32},""sr_quality"":{""SR1_touches"":{""value"":3,""score"":50.0},""SR2_tightness"":{""value"":0.12970050972229077,""score"":85.8451915614656},""SR3_recency"":{""value"":268,""score"":0.0},""SR4_price_location"":{""score"":30.0},""SR5_reaction"":{""value"":2.6374186038051586,""score"":100},""_score"":50.38,""_levels_found"":5,""_target_level"":16.7833},""volume"":{""V1_rvol_day"":{""value"":0.5553505422290131,""score"":3.690036148600876},""V2_rvol_sameslot"":{""value"":0.9515992686407465,""score"":30.1066179093831,""status"":""ok""},""V3_breakout_bar"":{""value"":0.9428323364473813,""score"":29.522155763158754},""V4_base_dryup"":{""value"":1.1770099766682223,""score"":32.29900233317777},""V5_bo_expansion"":{""value"":0.5553505422290131,""score"":0},""_score"":20.6},""readiness"":{""_distance_atr"":0.338,""BR1_atr_distance"":{""score"":77.44552366401102},""BR2_compression"":{""score"":40.86619219161717},""BR3_retest"":{""score"":50.0},""BR4_bo_age"":{""score"":50.0},""_score"":58.69},""risk"":{""R1_stop_clarity"":{""score"":68.3564334824838},""R2_stop_distance_pct"":{""value"":14.96181330951319,""score"":0.0},""R3_stop_distance_atr"":{""value"":1.8279766452035378,""score"":100.0},""R4_rr_potential"":{""value"":1.2836012477798175,""score"":14.180062388990876},""_score"":41.76},""market"":{""M1_spy_regime"":{""score"":100.0},""M3_earnings_risk"":{""value"":null,""score"":80.0},""M4_vix"":{""value"":null,""score"":60.0},""_score"":84.0},""liquidity"":{""L1_price"":{""value"":22.39,""score"":100.0},""L2_dollar_vol"":{""value"":42750796.83367479,""score"":81.5472106985228},""L3_spread_proxy"":{""value"":0.09602501116569906,""score"":3.9749888343009445},""L4_volume_zscore"":{""value"":-0.8340350697608319,""score"":100.0},""_score"":83.02},""pattern_structure"":{""top"":23.01,""top_touches"":3,""low_slope_per_bar"":0.05927619893428059,""lowest_low"":19.33,""structural_low"":19.33,""current_price"":22.33,""neckline_distance_pct"":0.030452306314375427,""base_bars"":34},""pattern_geometry_features"":{""top_touches"":3.0,""low_slope"":0.05927619893428059,""compression"":-0.0035322153509564913,""atr_pct"":0.08184903974988834},""_schema_version"":""1.0""}",,,,,,,,,,
20260504T200431Z-7bad84,2026-05-04T20:04:31.798741+00:00,ATI,inverse_head_shoulders,candidate,63.18,65.1,73.4,60.8,44.4,40.0,71.8,55.1,84.0,97.9,7.81,20.55,4.87,6.21,5.6,5.75,3.3,4.2,4.89,False,,153.59,155.05,140.2147,167.75,"{""trend"":{""T1_ema_stack"":{""value"":[false,true,true],""score"":66.66666666666666},""T2_ema50_slope"":{""value"":0.25972521940757193,""score"":93.28753656792867},""T3_high_proximity"":{""value"":0.9229059007330851,""score"":61.452950366542524},""T4_rs_1m"":{""value"":-0.04740573468778564,""score"":2.594265312214361},""T5_rs_3m"":{""value"":0.2287559764191378,""score"":100},""T6_adr_healthy"":{""value"":4.0195136095995325,""score"":100.0},""_score"":65.06},""geometry"":{""sub_head_depth"":75.8,""sub_shoulder_price_sym"":82.3,""sub_shoulder_time_sym"":77.8,""sub_right_shoulder_reaction"":34.4,""sub_base_context"":100.0,""_score"":73.4},""compression"":{""VC1_atr_ratio"":{""value"":0.4160798873383686,""score"":100},""VC2_range_contraction"":{""value"":1.486607546097183,""score"":0},""VC3_range_pct_rank"":{""score"":83.33333333333334},""_score"":60.83},""sr_quality"":{""SR1_touches"":{""value"":4,""score"":75.0},""SR2_tightness"":{""value"":2.0580389189408037,""score"":44.36105373449718},""SR3_recency"":{""value"":230,""score"":0.0},""SR4_price_location"":{""score"":0.9190130063358167},""SR5_reaction"":{""value"":2.4418864783812264,""score"":100},""_score"":44.38,""_levels_found"":6,""_target_level"":165.6434},""volume"":{""V1_rvol_day"":{""value"":0.4976618420396778,""score"":0},""V2_rvol_sameslot"":{""value"":1.068484715055729,""score"":37.89898100371527,""status"":""ok""},""V3_breakout_bar"":{""value"":1.6186265429578173,""score"":74.57510286385448},""V4_base_dryup"":{""value"":0.8128383360061718,""score"":68.71616639938281},""V5_bo_expansion"":{""value"":0.4976618420396778,""score"":0},""_score"":39.97},""readiness"":{""_distance_atr"":0.197,""BR1_atr_distance"":{""score"":86.84299880499148},""BR2_compression"":{""score"":78.44113817751125},""BR3_retest"":{""score"":50.0},""BR4_bo_age"":{""score"":50.0},""_score"":71.85},""risk"":{""R1_stop_clarity"":{""score"":42.27365725690009},""R2_stop_distance_pct"":{""value"":8.708412005989988,""score"":82.2896998502503},""R3_stop_distance_atr"":{""value"":1.8079950023993527,""score"":100.0},""R4_rr_potential"":{""value"":1.058671800527093,""score"":2.933590026354649},""_score"":55.07},""market"":{""M1_spy_regime"":{""score"":100.0},""M3_earnings_risk"":{""value"":null,""score"":80.0},""M4_vix"":{""value"":null,""score"":60.0},""_score"":84.0},""liquidity"":{""L1_price"":{""value"":153.59,""score"":100.0},""L2_dollar_vol"":{""value"":130898381.82821007,""score"":100.0},""L3_spread_proxy"":{""value"":0.021094472296373498,""score"":78.9055277036265},""L4_volume_zscore"":{""value"":-1.3231701042738275,""score"":100.0},""_score"":97.89},""pattern_structure"":{""left_shoulder"":149.6901,""left_shoulder_idx"":71,""head"":142.35,""head_idx"":79,""right_shoulder"":151.82,""right_shoulder_idx"":88,""left_to_head_bars"":8,""head_to_right_bars"":9,""structural_low"":142.35,""current_price"":153.48,""neckline_distance_pct"":0.010229345843106735,""base_bars"":17},""pattern_geometry_features"":{""head_depth_pct"":0.05575302452554651,""shoulder_price_asymmetry"":0.01412821660037254,""shoulder_time_asymmetry"":0.1111111111111111,""right_shoulder_reaction"":0.3436055469953798,""atr_pct"":0.04816612874722129},""_schema_version"":""1.0""}",,,,,,,,,,
20260504T200431Z-7bad84,2026-05-04T20:04:31.798741+00:00,SGML,high_tight_pullback,candidate,63.16,99.8,61.3,65.3,50.4,27.9,58.7,80.0,84.0,83.0,11.98,21.44,6.53,4.03,3.9,5.28,0.8,5.04,4.15,False,,22.39,23.01,21.4828,26.69,"{""trend"":{""T1_ema_stack"":{""value"":[true,true,true],""score"":100.0},""T2_ema50_slope"":{""value"":1.0147935593787893,""score"":100},""T3_high_proximity"":{""value"":1.0,""score"":99.99999999999997},""T4_rs_1m"":{""value"":0.46323502096516256,""score"":100},""T5_rs_3m"":{""value"":1.0415520498372246,""score"":100},""T6_adr_healthy"":{""value"":8.135759805818912,""score"":96.6060048545272},""_score"":99.83},""geometry"":{""sub_pole_impulse"":33.1,""sub_flag_tightness"":69.2,""sub_flag_shallowness"":45.2,""sub_flag_drift"":100,""sub_flag_duration"":100.0,""_score"":61.27},""compression"":{""VC1_atr_ratio"":{""value"":0.3667418060925198,""score"":100},""VC2_range_contraction"":{""value"":0.7624385798552458,""score"":39.593570024125704},""VC3_range_pct_rank"":{""score"":45.833333333333336},""_score"":65.32},""sr_quality"":{""SR1_touches"":{""value"":3,""score"":50.0},""SR2_tightness"":{""value"":0.12970050972229077,""score"":85.8451915614656},""SR3_recency"":{""value"":268,""score"":0.0},""SR4_price_location"":{""score"":30.0},""SR5_reaction"":{""value"":2.6374186038051586,""score"":100},""_score"":50.38,""_levels_found"":5,""_target_level"":16.7833},""volume"":{""V1_rvol_day"":{""value"":0.5553505422290131,""score"":3.690036148600876},""V2_rvol_sameslot"":{""value"":0.9515992686407465,""score"":30.1066179093831,""status"":""ok""},""V3_breakout_bar"":{""value"":0.9428323364473813,""score"":29.522155763158754},""V4_base_dryup"":{""value"":0.8144100018427608,""score"":68.55899981572392},""V5_bo_expansion"":{""value"":0.5553505422290131,""score"":0},""_score"":27.85},""readiness"":{""_distance_atr"":0.338,""BR1_atr_distance"":{""score"":77.44552366401102},""BR2_compression"":{""score"":40.86619219161717},""BR3_retest"":{""score"":50.0},""BR4_bo_age"":{""score"":50.0},""_score"":58.69},""risk"":{""R1_stop_clarity"":{""score"":64.29662774200594},""R2_stop_distance_pct"":{""value"":4.051585529254138,""score"":100.0},""R3_stop_distance_atr"":{""value"":0.49500709374659035,""score"":49.75035468732951},""R4_rr_potential"":{""value"":4.740120156534197,""score"":100.0},""_score"":79.97},""market"":{""M1_spy_regime"":{""score"":100.0},""M3_earnings_risk"":{""value"":null,""score"":80.0},""M4_vix"":{""value"":null,""score"":60.0},""_score"":84.0},""liquidity"":{""L1_price"":{""value"":22.39,""score"":100.0},""L2_dollar_vol"":{""value"":42750796.83367479,""score"":81.5472106985228},""L3_spread_proxy"":{""value"":0.09602501116569906,""score"":3.9749888343009445},""L4_volume_zscore"":{""value"":-0.8340350697608319,""score"":100.0},""_score"":83.02},""pattern_structure"":{""pole_low"":19.33,""pole_low_idx"":30,""peak_price"":23.01,""peak_idx"":55,""pole_gain"":0.19037765131919315,""flag_bars"":4,""flag_low"":21.81,""flag_high"":22.62,""structural_low"":21.81,""current_price"":22.33,""neckline_distance_pct"":0.030452306314375427,""base_bars"":4},""pattern_geometry_features"":{""pole_gain"":0.19037765131919315,""pullback_pct"":0.05215123859191668,""flag_range_pct"":0.03520208604954377,""flag_drift_per_bar"":0.0024630541871921326,""atr_pct"":0.08184903974988834,""pole_atr_multiple"":2.325960718671142},""_schema_version"":""1.0""}",,,,,,,,,,
20260504T200431Z-7bad84,2026-05-04T20:04:31.798741+00:00,TEM,double_bottom,candidate,63.13,55.6,70.1,68.4,60.5,36.1,65.1,59.7,84.0,96.2,8.34,17.52,5.47,8.47,4.69,5.2,3.58,5.04,4.81,False,,56.12,56.22,52.8177,58.818,"{""trend"":{""T1_ema_stack"":{""value"":[true,false,false],""score"":33.33333333333333},""T2_ema50_slope"":{""value"":0.0034789691521447523,""score"":50.579828192024124},""T3_high_proximity"":{""value"":0.9359573048699132,""score"":67.9786524349566},""T4_rs_1m"":{""value"":0.0893439325962877,""score"":100},""T5_rs_3m"":{""value"":-0.07405932257203751,""score"":12.970338713981242},""T6_adr_healthy"":{""value"":6.1610115194094615,""score"":100.0},""_score"":55.59},""geometry"":{""sub_low_similarity"":82.3,""sub_bounce_quality"":26.4,""sub_separation_fit"":86.7,""sub_right_bottom_reaction"":47.5,""sub_base_context"":100.0,""_score"":70.1},""compression"":{""VC1_atr_ratio"":{""value"":0.5580750522828201,""score"":100},""VC2_range_contraction"":{""value"":0.8483224985329597,""score"":25.279583577840047},""VC3_range_pct_rank"":{""score"":78.33333333333333},""_score"":68.43},""sr_quality"":{""SR1_touches"":{""value"":3,""score"":50.0},""SR2_tightness"":{""value"":0.37452933426131135,""score"":78.48331929370097},""SR3_recency"":{""value"":233,""score"":0.0},""SR4_price_location"":{""score"":74.80739659519325},""SR5_reaction"":{""value"":2.7762674375898957,""score"":100},""_score"":60.47,""_levels_found"":5,""_target_level"":58.2717},""volume"":{""V1_rvol_day"":{""value"":0.6307009509672551,""score"":8.71339673115034},""V2_rvol_sameslot"":{""value"":1.1154020042121886,""score"":41.02680028081257,""status"":""ok""},""V3_breakout_bar"":{""value"":0.9949672413379823,""score"":32.99781608919882},""V4_base_dryup"":{""value"":0.6056226323710515,""score"":89.43773676289484},""V5_bo_expansion"":{""value"":0.6307009509672552,""score"":0},""_score"":36.09},""readiness"":{""_distance_atr"":0.029,""BR1_atr_distance"":{""score"":98.08500262970172},""BR2_compression"":{""score"":33.28405562593538},""BR3_retest"":{""score"":50.0},""BR4_bo_age"":{""score"":50.0},""_score"":65.06},""risk"":{""R1_stop_clarity"":{""score"":53.79130495444011},""R2_stop_distance_pct"":{""value"":5.88440841054882,""score"":100.0},""R3_stop_distance_atr"":{""value"":0.9485929898785551,""score"":72.42964949392776},""R4_rr_potential"":{""value"":0.8169989068324492,""score"":0.0},""_score"":59.69},""market"":{""M1_spy_regime"":{""score"":100.0},""M3_earnings_risk"":{""value"":null,""score"":80.0},""M4_vix"":{""value"":null,""score"":60.0},""_score"":84.0},""liquidity"":{""L1_price"":{""value"":56.12,""score"":100.0},""L2_dollar_vol"":{""value"":192428029.20451733,""score"":100.0},""L3_spread_proxy"":{""value"":0.03848895224518882,""score"":61.51104775481118},""L4_volume_zscore"":{""value"":-0.8904637349480202,""score"":100.0},""_score"":96.15},""pattern_structure"":{""left_low"":53.622,""left_idx"":68,""right_low"":54.1,""right_idx"":76,""separation_bars"":8,""structural_low"":53.622,""current_price"":55.96,""neckline_distance_pct"":0.004646175839885597,""base_bars"":8},""pattern_geometry_features"":{""low_similarity_pct"":0.008874695976680743,""bounce_pct"":0.04845026295177351,""right_bottom_reaction"":0.47530864197530903,""atr_pct"":0.062033015986152074},""_schema_version"":""1.0""}",,,,,,,,,,
20260504T200431Z-7bad84,2026-05-04T20:04:31.798741+00:00,LUNR,inverse_head_shoulders,candidate,63.08,68.5,79.6,73.2,60.6,16.8,50.7,49.6,84.0,93.0,8.22,22.29,5.85,8.48,2.35,4.06,2.97,4.2,4.65,False,,25.24,26.27,22.4088,29.79,"{""trend"":{""T1_ema_stack"":{""value"":[true,true,true],""score"":100.0},""T2_ema50_slope"":{""value"":0.8777945050415875,""score"":100},""T3_high_proximity"":{""value"":0.8430193720774882,""score"":21.509686038744093},""T4_rs_1m"":{""value"":-0.04276710297710884,""score"":7.232897022891159},""T5_rs_3m"":{""value"":0.3822418726043668,""score"":100},""T6_adr_healthy"":{""value"":8.936528301219642,""score"":76.58679246950895},""_score"":68.5},""geometry"":{""sub_head_depth"":88.4,""sub_shoulder_price_sym"":77.5,""sub_shoulder_time_sym"":38.5,""sub_right_shoulder_reaction"":89.5,""sub_base_context"":100.0,""_score"":79.61},""compression"":{""VC1_atr_ratio"":{""value"":0.5053820723014204,""score"":100},""VC2_range_contraction"":{""value"":0.7561617792028034,""score"":40.63970346619944},""VC3_range_pct_rank"":{""score"":75.83333333333333},""_score"":73.18},""sr_quality"":{""SR1_touches"":{""value"":5,""score"":100},""SR2_tightness"":{""value"":0.5466113793180681,""score"":53.851177242954385},""SR3_recency"":{""value"":224,""score"":0.0},""SR4_price_location"":{""score"":30.0},""SR5_reaction"":{""value"":2.46157812372794,""score"":100},""_score"":60.58,""_levels_found"":5,""_target_level"":22.449},""volume"":{""V1_rvol_day"":{""value"":0.5391883967163817,""score"":2.6125597810921164},""V2_rvol_sameslot"":{""value"":0.6953755352392801,""score"":13.025035682618672,""status"":""ok""},""V3_breakout_bar"":{""value"":0.9515216141717298,""score"":30.10144094478198},""V4_base_dryup"":{""value"":1.192270764708646,""score"":30.77292352913541},""V5_bo_expansion"":{""value"":0.5391883967163817,""score"":0},""_score"":16.81},""readiness"":{""_distance_atr"":0.435,""BR1_atr_distance"":{""score"":71.01335657089211},""BR2_compression"":{""score"":19.12560588875954},""BR3_retest"":{""score"":50.0},""BR4_bo_age"":{""score"":50.0},""_score"":50.69},""risk"":{""R1_stop_clarity"":{""score"":71.1892463975252},""R2_stop_distance_pct"":{""value"":11.217313787638657,""score"":19.567155309033566},""R3_stop_distance_atr"":{""value"":1.195171371970799,""score"":84.75856859853995},""R4_rr_potential"":{""value"":1.607064017660046,""score"":30.353200883002295},""_score"":49.57},""market"":{""M1_spy_regime"":{""score"":100.0},""M3_earnings_risk"":{""value"":null,""score"":80.0},""M4_vix"":{""value"":null,""score"":60.0},""_score"":84.0},""liquidity"":{""L1_price"":{""value"":25.24,""score"":100.0},""L2_dollar_vol"":{""value"":185544666.06705737,""score"":100.0},""L3_spread_proxy"":{""value"":0.0697266244057053,""score"":30.27337559429469},""L4_volume_zscore"":{""value"":-1.44458485555547,""score"":100.0},""_score"":93.03},""pattern_structure"":{""left_shoulder"":24.64,""left_shoulder_idx"":67,""head"":22.75,""head_idx"":76,""right_shoulder"":24.2,""right_shoulder_idx"":89,""left_to_head_bars"":9,""head_to_right_bars"":13,""structural_low"":22.75,""current_price"":25.21,""neckline_distance_pct"":0.04204680682268936,""base_bars"":22},""pattern_geometry_features"":{""head_depth_pct"":0.06838656838656845,""shoulder_price_asymmetry"":0.01801801801801807,""shoulder_time_asymmetry"":0.3076923076923077,""right_shoulder_reaction"":0.8954529596464704,""atr_pct"":0.09385527507357937},""_schema_version"":""1.0""}",,,,,,,,,,
20260504T200431Z-7bad84,2026-05-04T20:04:31.798741+00:00,VSAT,high_tight_pullback,candidate,63.08,97.9,60.9,76.7,49.6,24.1,53.4,73.8,84.0,88.4,11.75,21.32,7.67,3.97,3.38,4.8,0.74,5.04,4.42,False,,64.06,66.75,61.7595,76.88,"{""trend"":{""T1_ema_stack"":{""value"":[true,true,true],""score"":100.0},""T2_ema50_slope"":{""value"":0.6635394608033359,""score"":100},""T3_high_proximity"":{""value"":0.9719314216355638,""score"":85.96571081778187},""T4_rs_1m"":{""value"":0.09827369046828838,""score"":100},""T5_rs_3m"":{""value"":0.43167223775491137,""score"":100},""T6_adr_healthy"":{""value"":5.169058375587706,""score"":100.0},""_score"":97.89},""geometry"":{""sub_pole_impulse"":62.9,""sub_flag_tightness"":56.5,""sub_flag_shallowness"":32.2,""sub_flag_drift"":89.9,""sub_flag_duration"":80.0,""_score"":60.92},""compression"":{""VC1_atr_ratio"":{""value"":0.49380071522522384,""score"":100},""VC2_range_contraction"":{""value"":0.792736472034938,""score"":34.54392132751033},""VC3_range_pct_rank"":{""score"":98.33333333333333},""_score"":76.67},""sr_quality"":{""SR1_touches"":{""value"":3,""score"":50.0},""SR2_tightness"":{""value"":0.3151013946159069,""score"":80.67074367565912},""SR3_recency"":{""value"":268,""score"":0.0},""SR4_price_location"":{""score"":30.0},""SR5_reaction"":{""value"":2.505860444736553,""score"":100},""_score"":49.6,""_levels_found"":5,""_target_level"":49.8067},""volume"":{""V1_rvol_day"":{""value"":0.39266288949623707,""score"":0},""V2_rvol_sameslot"":{""value"":0.5604249079683348,""score"":4.028327197888984,""status"":""ok""},""V3_breakout_bar"":{""value"":1.1657829144537166,""score"":44.38552763024777},""V4_base_dryup"":{""value"":0.8885079710103004,""score"":61.14920289896995},""V5_bo_expansion"":{""value"":0.39266288949623707,""score"":0},""_score"":24.13},""readiness"":{""_distance_atr"":0.825,""BR1_atr_distance"":{""score"":44.995800927447405},""BR2_compression"":{""score"":71.46682403959723},""BR3_retest"":{""score"":50.0},""BR4_bo_age"":{""score"":50.0},""_score"":53.37},""risk"":{""R1_stop_clarity"":{""score"":42.30693394676308},""R2_stop_distance_pct"":{""value"":3.591164533250077,""score"":100.0},""R3_stop_distance_atr"":{""value"":0.7055975462810818,""score"":60.27987731405409},""R4_rr_potential"":{""value"":5.572701586611604,""score"":100.0},""_score"":73.85},""market"":{""M1_spy_regime"":{""score"":100.0},""M3_earnings_risk"":{""value"":null,""score"":80.0},""M4_vix"":{""value"":null,""score"":60.0},""_score"":84.0},""liquidity"":{""L1_price"":{""value"":64.06,""score"":100.0},""L2_dollar_vol"":{""value"":36833643.01435246,""score"":78.31223373366028},""L3_spread_proxy"":{""value"":0.029035279425538546,""score"":70.96472057446145},""L4_volume_zscore"":{""value"":-1.8890794509180582,""score"":100.0},""_score"":88.42},""pattern_structure"":{""pole_low"":56.62,""pole_low_idx"":30,""peak_price"":66.75,""peak_idx"":48,""pole_gain"":0.17891204521370546,""flag_bars"":11,""flag_low"":62.7,""flag_high"":65.82,""structural_low"":62.7,""current_price"":64.1,""neckline_distance_pct"":0.04134165366614674,""base_bars"":11},""pattern_geometry_features"":{""pole_gain"":0.17891204521370546,""pullback_pct"":0.060674157303370745,""flag_range_pct"":0.04674157303370772,""flag_drift_per_bar"":-0.0020215714083108706,""atr_pct"":0.050895365951563284,""pole_atr_multiple"":3.5152914586364234},""_schema_version"":""1.0""}",,,,,,,,,,
20260504T200431Z-7bad84,2026-05-04T20:04:31.798741+00:00,CCJ,double_bottom,candidate,63.0,63.3,73.1,50.2,56.2,59.3,17.5,72.9,84.0,96.4,9.5,18.28,4.01,7.86,7.71,1.4,4.38,5.04,4.82,False,,118.47,131.2099,115.4026,145.2598,"{""trend"":{""T1_ema_stack"":{""value"":[true,true,true],""score"":100.0},""T2_ema50_slope"":{""value"":0.2271421887776951,""score"":87.85703146294918},""T3_high_proximity"":{""value"":0.9367438918320551,""score"":68.37194591602753},""T4_rs_1m"":{""value"":-0.04246031410787543,""score"":7.539685892124567},""T5_rs_3m"":{""value"":-0.04703100300233487,""score"":26.484498498832565},""T6_adr_healthy"":{""value"":4.443497391304952,""score"":100.0},""_score"":63.31},""geometry"":{""sub_low_similarity"":87.5,""sub_bounce_quality"":100,""sub_separation_fit"":0.0,""sub_right_bottom_reaction"":45.8,""sub_base_context"":100.0,""_score"":73.12},""compression"":{""VC1_atr_ratio"":{""value"":0.6816971376875713,""score"":79.57571557810716},""VC2_range_contraction"":{""value"":1.2450785152017192,""score"":0},""VC3_range_pct_rank"":{""score"":73.33333333333334},""_score"":50.16},""sr_quality"":{""SR1_touches"":{""value"":3,""score"":50.0},""SR2_tightness"":{""value"":1.0735130284361822,""score"":66.03609138866034},""SR3_recency"":{""value"":239,""score"":0.0},""SR4_price_location"":{""score"":65.0751085717122},""SR5_reaction"":{""value"":2.009335498283068,""score"":100},""_score"":56.17,""_levels_found"":6,""_target_level"":121.2853},""volume"":{""V1_rvol_day"":{""value"":0.9100898785916086,""score"":27.339325239440576},""V2_rvol_sameslot"":{""value"":1.8463464288043103,""score"":89.75642858695402,""status"":""ok""},""V3_breakout_bar"":{""value"":1.795737943696647,""score"":86.38252957977647},""V4_base_dryup"":{""value"":0.786839902998827,""score"":71.31600970011729},""V5_bo_expansion"":{""value"":0.9100898785916085,""score"":0},""_score"":59.28},""readiness"":{""_distance_atr"":2.015,""BR1_atr_distance"":{""score"":0},""BR2_compression"":{""score"":0},""BR3_retest"":{""score"":50.0},""BR4_bo_age"":{""score"":50.0},""_score"":17.5},""risk"":{""R1_stop_clarity"":{""score"":44.399209499564286},""R2_stop_distance_pct"":{""value"":2.5891786950282825,""score"":100.0},""R3_stop_distance_atr"":{""value"":0.48523348350129875,""score"":49.26167417506494},""R4_rr_potential"":{""value"":8.733715850557461,""score"":100.0},""_score"":72.93},""market"":{""M1_spy_regime"":{""score"":100.0},""M3_earnings_risk"":{""value"":null,""score"":80.0},""M4_vix"":{""value"":null,""score"":60.0},""_score"":84.0},""liquidity"":{""L1_price"":{""value"":118.47,""score"":100.0},""L2_dollar_vol"":{""value"":318931597.12744045,""score"":100.0},""L3_spread_proxy"":{""value"":0.0359584704988604,""score"":64.04152950113959},""L4_volume_zscore"":{""value"":-0.3453152133647337,""score"":100.0},""_score"":96.4},""pattern_structure"":{""left_low"":117.16,""left_idx"":21,""right_low"":117.8971,""right_idx"":69,""separation_bars"":48,""structural_low"":117.16,""current_price"":118.33,""neckline_distance_pct"":0.10884729147299929,""base_bars"":48},""pattern_geometry_features"":{""low_similarity_pct"":0.006271667607572782,""bounce_pct"":0.11992062137248215,""right_bottom_reaction"":0.4582965154251052,""atr_pct"":0.05335944000289404},""_schema_version"":""1.0""}",,,,,,,,,,
20260504T200431Z-7bad84,2026-05-04T20:04:31.798741+00:00,OMER,breakout_retest_hold,setup,62.9,98.7,63.3,72.2,46.7,16.2,72.1,53.6,84.0,78.0,13.81,13.92,4.33,6.54,2.11,12.97,2.68,4.2,2.34,False,,14.79,14.72,14.553,14.9716,"{""trend"":{""T1_ema_stack"":{""value"":[true,true,true],""score"":100.0},""T2_ema50_slope"":{""value"":0.43803373667095147,""score"":100},""T3_high_proximity"":{""value"":0.9820717131474103,""score"":91.0358565737051},""T4_rs_1m"":{""value"":0.2620085871996085,""score"":100},""T5_rs_3m"":{""value"":0.22938905881780736,""score"":100},""T6_adr_healthy"":{""value"":4.892152498935469,""score"":100.0},""_score"":98.66},""geometry"":{""sub_retest_depth"":68.5,""sub_retest_timing"":0.0,""sub_retest_freshness"":75.0,""sub_hold_quality"":92.4,""_score"":63.27},""compression"":{""VC1_atr_ratio"":{""value"":0.4201693749435886,""score"":100},""VC2_range_contraction"":{""value"":0.8023080564937837,""score"":32.94865725103605},""VC3_range_pct_rank"":{""score"":82.5},""_score"":72.16},""sr_quality"":{""SR1_touches"":{""value"":2,""score"":25.0},""SR2_tightness"":{""value"":0.009999999999999787,""score"":97.14835674057181},""SR3_recency"":{""value"":304,""score"":0.0},""SR4_price_location"":{""score"":38.511326860841415},""SR5_reaction"":{""value"":6.352035360376414,""score"":100},""_score"":46.7,""_levels_found"":8,""_target_level"":17.64},""volume"":{""V1_rvol_day"":{""value"":0.7272405008734186,""score"":15.149366724894575},""V2_rvol_sameslot"":{""value"":1.0075918816922214,""score"":33.839458779481426,""status"":""ok""},""V3_breakout_bar"":{""value"":0.884351564263255,""score"":25.623437617550334},""V4_base_dryup"":{""value"":1.5176558794714403,""score"":0},""V5_bo_expansion"":{""value"":0.7272405008734186,""score"":0},""_score"":16.2},""readiness"":{""_distance_atr"":-0.1,""BR1_atr_distance"":{""score"":100.0},""BR2_compression"":{""score"":31.4489168063812},""BR3_retest"":{""score"":98.57417837028578},""BR4_bo_age"":{""score"":30.0},""_score"":72.08},""risk"":{""R1_stop_clarity"":{""score"":58.08084408640474},""R2_stop_distance_pct"":{""value"":1.6024340770791081,""score"":90.0608519269777},""R3_stop_distance_atr"":{""value"":0.33791972624224714,""score"":41.895986312112356},""R4_rr_potential"":{""value"":0.7662447257384019,""score"":0.0},""_score"":53.63},""market"":{""M1_spy_regime"":{""score"":100.0},""M3_earnings_risk"":{""value"":null,""score"":80.0},""M4_vix"":{""value"":null,""score"":60.0},""_score"":84.0},""liquidity"":{""L1_price"":{""value"":14.79,""score"":100.0},""L2_dollar_vol"":{""value"":12309360.21847839,""score"":54.51177404865728},""L3_spread_proxy"":{""value"":0.037863421230561224,""score"":62.13657876943878},""L4_volume_zscore"":{""value"":-0.8505447717697708,""score"":100.0},""_score"":78.02},""pattern_structure"":{""level"":14.72,""level_idx"":56,""breakout_idx"":62,""bo_peak_idx"":73,""bo_peak_price"":15.32,""retest_idx"":79,""retest_low"":14.7,""structural_low"":14.7,""current_price"":14.755,""neckline_distance_pct"":-0.002372077261945113,""base_bars"":23,""bars_since_breakout"":17},""pattern_geometry_features"":{""retest_depth_atr"":0.07949125596184962,""bars_breakout_to_retest"":17.0,""bars_since_retest"":0.0,""current_above_level_atr"":0.139109697933228,""bo_peak_excess_pct"":0.040760869565217364,""atr_pct"":0.047420554428668035},""_schema_version"":""1.0""}",,,,,,,,,,
20260504T200431Z-7bad84,2026-05-04T20:04:31.798741+00:00,ON,inverse_head_shoulders,breakout_confirmed,62.74,99.8,77.0,25.4,38.2,42.6,60.5,33.3,84.0,96.6,11.98,21.55,2.03,5.35,5.96,4.84,2.0,4.2,4.83,False,,102.78,101.255,91.0534,110.07,"{""trend"":{""T1_ema_stack"":{""value"":[true,true,true],""score"":100.0},""T2_ema50_slope"":{""value"":0.7397194336723115,""score"":100},""T3_high_proximity"":{""value"":0.9975735222750655,""score"":98.78676113753271},""T4_rs_1m"":{""value"":0.5578051325600091,""score"":100},""T5_rs_3m"":{""value"":0.6378483469699283,""score"":100},""T6_adr_healthy"":{""value"":3.7789635971451268,""score"":100.0},""_score"":99.82},""geometry"":{""sub_head_depth"":65.7,""sub_shoulder_price_sym"":87.7,""sub_shoulder_time_sym"":33.3,""sub_right_shoulder_reaction"":87.6,""sub_base_context"":100.0,""_score"":76.97},""compression"":{""VC1_atr_ratio"":{""value"":0.9101487581110982,""score"":22.462810472225453},""VC2_range_contraction"":{""value"":0.9329727899840604,""score"":11.171201669323265},""VC3_range_pct_rank"":{""score"":50.0},""_score"":25.4},""sr_quality"":{""SR1_touches"":{""value"":2,""score"":25.0},""SR2_tightness"":{""value"":0.8300000000000054,""score"":63.892578868457804},""SR3_recency"":{""value"":268,""score"":0.0},""SR4_price_location"":{""score"":30.0},""SR5_reaction"":{""value"":1.813527853519465,""score"":90.67639267597325},""_score"":38.19,""_levels_found"":5,""_target_level"":72.93},""volume"":{""V1_rvol_day"":{""value"":1.1077339876230479,""score"":40.51559917486986},""V2_rvol_sameslot"":{""value"":1.9748341100184916,""score"":98.32227400123278,""status"":""ok""},""V3_breakout_bar"":{""value"":1.3240042378588173,""score"":54.93361585725448},""V4_base_dryup"":{""value"":1.6609769754626225,""score"":0},""V5_bo_expansion"":{""value"":1.1077339876230483,""score"":7.182265841536554},""_score"":42.58},""readiness"":{""_distance_atr"":-0.332,""BR1_atr_distance"":{""score"":100.0},""BR2_compression"":{""score"":11.863659110629829},""BR3_retest"":{""score"":50.0},""BR4_bo_age"":{""score"":50.0},""_score"":60.47},""risk"":{""R1_stop_clarity"":{""score"":39.678855251811896},""R2_stop_distance_pct"":{""value"":11.409418174742173,""score"":14.76454563144567},""R3_stop_distance_atr"":{""value"":2.5507065339827717,""score"":100.0},""R4_rr_potential"":{""value"":0.6216635682977154,""score"":0.0},""_score"":33.32},""market"":{""M1_spy_regime"":{""score"":100.0},""M3_earnings_risk"":{""value"":null,""score"":80.0},""M4_vix"":{""value"":null,""score"":60.0},""_score"":84.0},""liquidity"":{""L1_price"":{""value"":102.78,""score"":100.0},""L2_dollar_vol"":{""value"":1220432601.8467515,""score"":100.0},""L3_spread_proxy"":{""value"":0.03415061295971984,""score"":65.84938704028016},""L4_volume_zscore"":{""value"":0.2742171003968271,""score"":100.0},""_score"":96.58},""pattern_structure"":{""left_shoulder"":96.39,""left_shoulder_idx"":64,""head"":92.44,""head_idx"":73,""right_shoulder"":97.34,""right_shoulder_idx"":79,""left_to_head_bars"":9,""head_to_right_bars"":6,""structural_low"":92.44,""current_price"":103.04,""neckline_distance_pct"":-0.017323369565217496,""base_bars"":15},""pattern_geometry_features"":{""head_depth_pct"":0.04568213493005741,""shoulder_price_asymmetry"":0.009807463996283516,""shoulder_time_asymmetry"":0.3333333333333333,""right_shoulder_reaction"":0.8756218905472631,""atr_pct"":0.04473042281711282},""_schema_version"":""1.0""}",,,,,,,,,,
20260504T200431Z-7bad84,2026-05-04T20:04:31.798741+00:00,NET,bull_flag,candidate,62.62,72.2,67.5,82.9,46.6,12.2,71.3,70.8,84.0,97.0,10.11,20.25,7.46,4.66,1.7,6.42,2.12,5.04,4.85,False,,223.13,224.1499,215.5968,248.6298,"{""trend"":{""T1_ema_stack"":{""value"":[true,true,true],""score"":100.0},""T2_ema50_slope"":{""value"":0.03568988591856722,""score"":55.9483143197612},""T3_high_proximity"":{""value"":0.9895777896043996,""score"":94.78889480219976},""T4_rs_1m"":{""value"":-0.04083085995806224,""score"":9.169140041937766},""T5_rs_3m"":{""value"":0.1906099858088528,""score"":100},""T6_adr_healthy"":{""value"":6.123274001354105,""score"":100.0},""_score"":72.24},""geometry"":{""sub_pole_impulse"":46.0,""sub_flag_tightness"":70.5,""sub_flag_shallowness"":61.6,""sub_flag_drift"":100,""sub_flag_duration"":87.5,""_score"":67.5},""compression"":{""VC1_atr_ratio"":{""value"":0.41628347439978064,""score"":100},""VC2_range_contraction"":{""value"":0.6139232296289359,""score"":64.34612839517736},""VC3_range_pct_rank"":{""score"":81.66666666666667},""_score"":82.94},""sr_quality"":{""SR1_touches"":{""value"":2,""score"":25.0},""SR2_tightness"":{""value"":2.010000000000005,""score"":58.243000805758626},""SR3_recency"":{""value"":239,""score"":0.0},""SR4_price_location"":{""score"":61.36801541425826},""SR5_reaction"":{""value"":4.15388656163609,""score"":100},""_score"":46.58,""_levels_found"":6,""_target_level"":227.14},""volume"":{""V1_rvol_day"":{""value"":0.5470533713912233,""score"":3.136891426081556},""V2_rvol_sameslot"":{""value"":0.660951884765536,""score"":10.730125651035733,""status"":""ok""},""V3_breakout_bar"":{""value"":0.762021123402676,""score"":17.468074893511734},""V4_base_dryup"":{""value"":1.2483320221843122,""score"":25.16679778156879},""V5_bo_expansion"":{""value"":0.5470533713912233,""score"":0},""_score"":12.17},""readiness"":{""_distance_atr"":0.106,""BR1_atr_distance"":{""score"":92.93731948951792},""BR2_compression"":{""score"":66.56677688872897},""BR3_retest"":{""score"":50.0},""BR4_bo_age"":{""score"":50.0},""_score"":71.32},""risk"":{""R1_stop_clarity"":{""score"":31.79274639077977},""R2_stop_distance_pct"":{""value"":3.376148433648543,""score"":100.0},""R3_stop_distance_atr"":{""value"":0.78249708042303,""score"":64.1248540211515},""R4_rr_potential"":{""value"":3.384989114851596,""score"":100.0},""_score"":70.75},""market"":{""M1_spy_regime"":{""score"":100.0},""M3_earnings_risk"":{""value"":null,""score"":80.0},""M4_vix"":{""value"":null,""score"":60.0},""_score"":84.0},""liquidity"":{""L1_price"":{""value"":223.13,""score"":100.0},""L2_dollar_vol"":{""value"":538968631.3113263,""score"":100.0},""L3_spread_proxy"":{""value"":0.029892439385111876,""score"":70.10756061488811},""L4_volume_zscore"":{""value"":-0.6504862888204461,""score"":100.0},""_score"":97.01},""pattern_structure"":{""pole_low"":199.67,""pole_low_idx"":42,""peak_price"":224.1499,""peak_idx"":55,""pole_gain"":0.12260179295838142,""flag_bars"":4,""flag_low"":218.88,""flag_high"":223.75,""structural_low"":218.88,""current_price"":223.17,""neckline_distance_pct"":0.004390823139310906,""base_bars"":4},""pattern_geometry_features"":{""pole_gain"":0.12260179295838142,""pullback_pct"":0.023510606072097318,""flag_range_pct"":0.021726532110877605,""flag_drift_per_bar"":0.0027400636286238913,""atr_pct"":0.04314582786460168,""pole_atr_multiple"":2.841567748870758},""_schema_version"":""1.0""}",,,,,,,,,,
20260504T200431Z-7bad84,2026-05-04T20:04:31.798741+00:00,SIRI,double_bottom,candidate,62.56,93.2,77.9,33.3,49.1,17.5,38.4,75.1,84.0,93.5,13.99,19.46,2.66,6.88,2.28,3.07,4.51,5.04,4.67,False,,26.825,28.77,24.7137,32.45,"{""trend"":{""T1_ema_stack"":{""value"":[true,true,true],""score"":100.0},""T2_ema50_slope"":{""value"":0.42399318297231753,""score"":100},""T3_high_proximity"":{""value"":0.9559871703492516,""score"":77.99358517462579},""T4_rs_1m"":{""value"":0.03270246443582314,""score"":82.70246443582315},""T5_rs_3m"":{""value"":0.28433124610051763,""score"":100},""T6_adr_healthy"":{""value"":3.7502955944924525,""score"":100.0},""_score"":93.24},""geometry"":{""sub_low_similarity"":77.8,""sub_bounce_quality"":100,""sub_separation_fit"":0.0,""sub_right_bottom_reaction"":96.8,""sub_base_context"":100.0,""_score"":77.86},""compression"":{""VC1_atr_ratio"":{""value"":0.7566072019989445,""score"":60.848199500263874},""VC2_range_contraction"":{""value"":1.7937331708988822,""score"":0},""VC3_range_pct_rank"":{""score"":35.83333333333333},""_score"":33.3},""sr_quality"":{""SR1_touches"":{""value"":4,""score"":75.0},""SR2_tightness"":{""value"":0.26432401990738585,""score"":56.857635923014826},""SR3_recency"":{""value"":238,""score"":0.0},""SR4_price_location"":{""score"":30.0},""SR5_reaction"":{""value"":1.4160361410667446,""score"":70.80180705333723},""_score"":49.15,""_levels_found"":4,""_target_level"":23.1438},""volume"":{""V1_rvol_day"":{""value"":0.39010663030094156,""score"":0},""V2_rvol_sameslot"":{""value"":0.5325410630965798,""score"":2.169404206438652,""status"":""ok""},""V3_breakout_bar"":{""value"":0.8785312515279409,""score"":25.23541676852939},""V4_base_dryup"":{""value"":0.9615737333404645,""score"":53.84262666595355},""V5_bo_expansion"":{""value"":0.39010663030094156,""score"":0},""_score"":17.51},""readiness"":{""_distance_atr"":1.587,""BR1_atr_distance"":{""score"":0},""BR2_compression"":{""score"":83.57069467076136},""BR3_retest"":{""score"":50.0},""BR4_bo_age"":{""score"":50.0},""_score"":38.39},""risk"":{""R1_stop_clarity"":{""score"":38.57301078402819},""R2_stop_distance_pct"":{""value"":7.870829450139788,""score"":100.0},""R3_stop_distance_atr"":{""value"":1.7230486738560173,""score"":100.0},""R4_rr_potential"":{""value"":2.6641722120917937,""score"":83.20861060458968},""_score"":75.14},""market"":{""M1_spy_regime"":{""score"":100.0},""M3_earnings_risk"":{""value"":null,""score"":80.0},""M4_vix"":{""value"":null,""score"":60.0},""_score"":84.0},""liquidity"":{""L1_price"":{""value"":26.825,""score"":100.0},""L2_dollar_vol"":{""value"":65525785.90536458,""score"":90.82061192527857},""L3_spread_proxy"":{""value"":0.028704566635601236,""score"":71.29543336439876},""L4_volume_zscore"":{""value"":-1.067394894322499,""score"":100.0},""_score"":93.46},""pattern_structure"":{""left_low"":25.37,""left_idx"":14,""right_low"":25.09,""right_idx"":62,""separation_bars"":48,""structural_low"":25.09,""current_price"":26.77,""neckline_distance_pct"":0.07471049682480388,""base_bars"":48},""pattern_geometry_features"":{""low_similarity_pct"":0.011097899326199014,""bounce_pct"":0.14667198086887204,""right_bottom_reaction"":0.9681528662420378,""atr_pct"":0.04567966981760084},""_schema_version"":""1.0""}",,,,,,,,,,
20260504T200431Z-7bad84,2026-05-04T20:04:31.798741+00:00,COHR,inverse_head_shoulders,setup,62.26,96.1,69.8,52.4,37.5,34.3,74.5,36.2,84.0,92.5,11.53,19.53,4.2,5.25,4.8,5.96,2.17,4.2,4.62,False,,332.24,323.7445,286.637,356.487,"{""trend"":{""T1_ema_stack"":{""value"":[true,true,true],""score"":100.0},""T2_ema50_slope"":{""value"":0.7564999671264563,""score"":100},""T3_high_proximity"":{""value"":0.9479841355893514,""score"":73.99206779467565},""T4_rs_1m"":{""value"":0.19208168033863338,""score"":100},""T5_rs_3m"":{""value"":0.4610599223953924,""score"":100},""T6_adr_healthy"":{""value"":6.491180927678504,""score"":100.0},""_score"":96.1},""geometry"":{""sub_head_depth"":62.0,""sub_shoulder_price_sym"":53.3,""sub_shoulder_time_sym"":55.6,""sub_right_shoulder_reaction"":90.1,""sub_base_context"":100.0,""_score"":69.75},""compression"":{""VC1_atr_ratio"":{""value"":0.40179628244760257,""score"":100},""VC2_range_contraction"":{""value"":0.958091408865683,""score"":6.984765189052833},""VC3_range_pct_rank"":{""score"":40.0},""_score"":52.44},""sr_quality"":{""SR1_touches"":{""value"":2,""score"":25.0},""SR2_tightness"":{""value"":4.920999999999992,""score"":55.5266213136412},""SR3_recency"":{""value"":225,""score"":0.0},""SR4_price_location"":{""score"":30.0},""SR5_reaction"":{""value"":1.8872943855054514,""score"":94.36471927527256},""_score"":37.48,""_levels_found"":6,""_target_level"":286.081},""volume"":{""V1_rvol_day"":{""value"":1.0045744830491299,""score"":33.63829886994199},""V2_rvol_sameslot"":{""value"":1.0024841965428777,""score"":33.498946436191844,""status"":""ok""},""V3_breakout_bar"":{""value"":0.6421522961044467,""score"":9.476819740296445},""V4_base_dryup"":{""value"":0.5768876407408277,""score"":92.31123592591723},""V5_bo_expansion"":{""value"":1.0045744830491299,""score"":0.304965536608659},""_score"":34.3},""readiness"":{""_distance_atr"":-0.384,""BR1_atr_distance"":{""score"":100.0},""BR2_compression"":{""score"":68.06361308696418},""BR3_retest"":{""score"":50.0},""BR4_bo_age"":{""score"":50.0},""_score"":74.52},""risk"":{""R1_stop_clarity"":{""score"":60.551182246023856},""R2_stop_distance_pct"":{""value"":13.725930050565852,""score"":0.0},""R3_stop_distance_atr"":{""value"":2.06067955947509,""score"":100.0},""R4_rr_potential"":{""value"":0.5316971262655139,""score"":0.0},""_score"":36.19},""market"":{""M1_spy_regime"":{""score"":100.0},""M3_earnings_risk"":{""value"":null,""score"":80.0},""M4_vix"":{""value"":null,""score"":60.0},""_score"":84.0},""liquidity"":{""L1_price"":{""value"":332.24,""score"":100.0},""L2_dollar_vol"":{""value"":1894611087.1294317,""score"":100.0},""L3_spread_proxy"":{""value"":0.07518661208764754,""score"":24.813387912352454},""L4_volume_zscore"":{""value"":0.02353759430047673,""score"":100.0},""_score"":92.48},""pattern_structure"":{""left_shoulder"":309.44,""left_shoulder_idx"":64,""head"":291.002,""head_idx"":71,""right_shoulder"":298.09,""right_shoulder_idx"":80,""left_to_head_bars"":7,""head_to_right_bars"":9,""structural_low"":291.002,""current_price"":332.52,""neckline_distance_pct"":-0.02639089378082511,""base_bars"":16},""pattern_geometry_features"":{""head_depth_pct"":0.042016032130100495,""shoulder_price_asymmetry"":0.03736440998798421,""shoulder_time_asymmetry"":0.2222222222222222,""right_shoulder_reaction"":0.9006849315068526,""atr_pct"":0.06660875528877577},""_schema_version"":""1.0""}",,,,,,,,,,
20260504T200431Z-7bad84,2026-05-04T20:04:31.798741+00:00,ORCL,high_tight_pullback,candidate,62.19,86.2,73.4,34.4,63.3,14.3,57.3,71.1,84.0,94.9,10.34,25.68,3.44,5.07,2.01,5.16,0.71,5.04,4.74,False,,180.925,183.5,177.3296,206.67,"{""trend"":{""T1_ema_stack"":{""value"":[true,true,false],""score"":66.66666666666666},""T2_ema50_slope"":{""value"":0.21917502612404952,""score"":86.52917102067492},""T3_high_proximity"":{""value"":0.9649333333333334,""score"":82.46666666666668},""T4_rs_1m"":{""value"":0.14112320781128807,""score"":100},""T5_rs_3m"":{""value"":0.09780103231409454,""score"":98.90051615704726},""T6_adr_healthy"":{""value"":4.600339081464839,""score"":100.0},""_score"":86.18},""geometry"":{""sub_pole_impulse"":45.7,""sub_flag_tightness"":82.4,""sub_flag_shallowness"":73.8,""sub_flag_drift"":95.4,""sub_flag_duration"":100.0,""_score"":73.38},""compression"":{""VC1_atr_ratio"":{""value"":0.721874639062681,""score"":69.53134023432975},""VC2_range_contraction"":{""value"":0.9951133564876113,""score"":0.8144405853981093},""VC3_range_pct_rank"":{""score"":25.0},""_score"":34.35},""sr_quality"":{""SR1_touches"":{""value"":4,""score"":75.0},""SR2_tightness"":{""value"":1.5378292330424757,""score"":66.71820682761455},""SR3_recency"":{""value"":229,""score"":0.0},""SR4_price_location"":{""score"":63.33062550771737},""SR5_reaction"":{""value"":2.7014701915399644,""score"":100},""_score"":63.34,""_levels_found"":6,""_target_level"":186.5675},""volume"":{""V1_rvol_day"":{""value"":0.903018164477532,""score"":26.86787763183547},""V2_rvol_sameslot"":{""value"":0.7358951870157731,""score"":15.726345801051536,""status"":""ok""},""V3_breakout_bar"":{""value"":0.4833357452945087,""score"":0},""V4_base_dryup"":{""value"":1.2086155018396199,""score"":29.13844981603802},""V5_bo_expansion"":{""value"":0.903018164477532,""score"":0},""_score"":14.35},""readiness"":{""_distance_atr"":0.279,""BR1_atr_distance"":{""score"":81.42389814215801},""BR2_compression"":{""score"":29.03811585546442},""BR3_retest"":{""score"":50.0},""BR4_bo_age"":{""score"":50.0},""_score"":57.33},""risk"":{""R1_stop_clarity"":{""score"":41.556697947173504},""R2_stop_distance_pct"":{""value"":1.9872599143291414,""score"":99.68149785822852},""R3_stop_distance_atr"":{""value"":0.3890647306297762,""score"":44.453236531488805},""R4_rr_potential"":{""value"":7.160438888039043,""score"":100.0},""_score"":71.12},""market"":{""M1_spy_regime"":{""score"":100.0},""M3_earnings_risk"":{""value"":null,""score"":80.0},""M4_vix"":{""value"":null,""score"":60.0},""_score"":84.0},""liquidity"":{""L1_price"":{""value"":180.925,""score"":100.0},""L2_dollar_vol"":{""value"":5395145832.366485,""score"":100.0},""L3_spread_proxy"":{""value"":0.05107088572612966,""score"":48.92911427387034},""L4_volume_zscore"":{""value"":-0.2791913566601381,""score"":100.0},""_score"":94.89},""pattern_structure"":{""pole_low"":160.33,""pole_low_idx"":42,""peak_price"":183.5,""peak_idx"":55,""pole_gain"":0.14451443896962507,""flag_bars"":4,""flag_low"":180.03,""flag_high"":182.83,""structural_low"":180.03,""current_price"":181.28,""neckline_distance_pct"":0.012246248896734327,""base_bars"":4},""pattern_geometry_features"":{""pole_gain"":0.14451443896962507,""pullback_pct"":0.018910081743869205,""flag_range_pct"":0.015258855585831125,""flag_drift_per_bar"":-0.0009267431597528255,""atr_pct"":0.051077873625614396,""pole_atr_multiple"":2.8292963021302113},""_schema_version"":""1.0""}",,,,,,,,,,
20260504T200431Z-7bad84,2026-05-04T20:04:31.798741+00:00,TEM,ascending_triangle,candidate,62.15,55.6,71.6,68.4,60.5,28.0,65.1,35.2,84.0,96.2,8.34,20.05,5.47,8.47,3.36,5.2,1.41,5.04,4.81,False,,56.12,56.22,48.172,63.5344,"{""trend"":{""T1_ema_stack"":{""value"":[true,false,false],""score"":33.33333333333333},""T2_ema50_slope"":{""value"":0.0034789691521447523,""score"":50.579828192024124},""T3_high_proximity"":{""value"":0.9359573048699132,""score"":67.9786524349566},""T4_rs_1m"":{""value"":0.0893439325962877,""score"":100},""T5_rs_3m"":{""value"":-0.07405932257203751,""score"":12.970338713981242},""T6_adr_healthy"":{""value"":6.1610115194094615,""score"":100.0},""_score"":55.59},""geometry"":{""sub_flat_top_quality"":33.3,""sub_hl_slope"":100,""sub_compression"":66.5,""sub_duration"":100.0,""_score"":71.61},""compression"":{""VC1_atr_ratio"":{""value"":0.5580750522828201,""score"":100},""VC2_range_contraction"":{""value"":0.8483224985329597,""score"":25.279583577840047},""VC3_range_pct_rank"":{""score"":78.33333333333333},""_score"":68.43},""sr_quality"":{""SR1_touches"":{""value"":3,""score"":50.0},""SR2_tightness"":{""value"":0.37452933426131135,""score"":78.48331929370097},""SR3_recency"":{""value"":233,""score"":0.0},""SR4_price_location"":{""score"":74.80739659519325},""SR5_reaction"":{""value"":2.7762674375898957,""score"":100},""_score"":60.47,""_levels_found"":5,""_target_level"":58.2717},""volume"":{""V1_rvol_day"":{""value"":0.6307009509672551,""score"":8.71339673115034},""V2_rvol_sameslot"":{""value"":1.1154020042121886,""score"":41.02680028081257,""status"":""ok""},""V3_breakout_bar"":{""value"":0.9949672413379823,""score"":32.99781608919882},""V4_base_dryup"":{""value"":1.0113343671234325,""score"":48.86656328765675},""V5_bo_expansion"":{""value"":0.6307009509672552,""score"":0},""_score"":27.97},""readiness"":{""_distance_atr"":0.029,""BR1_atr_distance"":{""score"":98.08500262970172},""BR2_compression"":{""score"":33.28405562593538},""BR3_retest"":{""score"":50.0},""BR4_bo_age"":{""score"":50.0},""_score"":65.06},""risk"":{""R1_stop_clarity"":{""score"":57.855657073213706},""R2_stop_distance_pct"":{""value"":14.162480399144686,""score"":0.0},""R3_stop_distance_atr"":{""value"":2.283055268875891,""score"":100.0},""R4_rr_potential"":{""value"":0.9328654914252472,""score"":0.0},""_score"":35.25},""market"":{""M1_spy_regime"":{""score"":100.0},""M3_earnings_risk"":{""value"":null,""score"":80.0},""M4_vix"":{""value"":null,""score"":60.0},""_score"":84.0},""liquidity"":{""L1_price"":{""value"":56.12,""score"":100.0},""L2_dollar_vol"":{""value"":192428029.20451733,""score"":100.0},""L3_spread_proxy"":{""value"":0.03848895224518882,""score"":61.51104775481118},""L4_volume_zscore"":{""value"":-0.8904637349480202,""score"":100.0},""_score"":96.15},""pattern_structure"":{""top"":56.22,""top_touches"":2,""low_slope_per_bar"":0.19986089613034677,""lowest_low"":48.9056,""structural_low"":48.9056,""current_price"":55.96,""neckline_distance_pct"":0.004646175839885597,""base_bars"":25},""pattern_geometry_features"":{""top_touches"":2.0,""low_slope"":0.19986089613034677,""compression"":0.33247767322158606,""atr_pct"":0.062033015986152074},""_schema_version"":""1.0""}",,,,,,,,,,
20260504T200431Z-7bad84,2026-05-04T20:04:31.798741+00:00,ONTO,bull_flag,candidate,62.14,97.8,57.6,71.3,56.1,12.2,58.9,73.6,84.0,97.3,13.7,17.29,6.42,5.61,1.71,5.3,2.21,5.04,4.87,False,,299.0,303.13,290.6341,331.29,"{""trend"":{""T1_ema_stack"":{""value"":[true,true,true],""score"":100.0},""T2_ema50_slope"":{""value"":0.7816025013187557,""score"":100},""T3_high_proximity"":{""value"":0.9712206847268239,""score"":85.61034236341192},""T4_rs_1m"":{""value"":0.2924057264045641,""score"":100},""T5_rs_3m"":{""value"":0.44449746270039503,""score"":100},""T6_adr_healthy"":{""value"":4.5242439383763555,""score"":100.0},""_score"":97.84},""geometry"":{""sub_pole_impulse"":22.0,""sub_flag_tightness"":70.8,""sub_flag_shallowness"":48.0,""sub_flag_drift"":100,""sub_flag_duration"":87.5,""_score"":57.65},""compression"":{""VC1_atr_ratio"":{""value"":0.5998938324605306,""score"":100},""VC2_range_contraction"":{""value"":0.8597911126386637,""score"":23.368147893556053},""VC3_range_pct_rank"":{""score"":92.5},""_score"":71.3},""sr_quality"":{""SR1_touches"":{""value"":6,""score"":100},""SR2_tightness"":{""value"":4.83241054409357,""score"":40.70376081466682},""SR3_recency"":{""value"":248,""score"":0.0},""SR4_price_location"":{""score"":30.0},""SR5_reaction"":{""value"":1.6669003910501088,""score"":83.34501955250543},""_score"":56.11,""_levels_found"":6,""_target_level"":225.765},""volume"":{""V1_rvol_day"":{""value"":0.6692006616815926,""score"":11.280044112106175},""V2_rvol_sameslot"":{""value"":0.5947397074040558,""score"":6.315980493603719,""status"":""ok""},""V3_breakout_bar"":{""value"":0.6808824935532454,""score"":12.058832903549693},""V4_base_dryup"":{""value"":1.2151299474855666,""score"":28.48700525144335},""V5_bo_expansion"":{""value"":0.6692006616815926,""score"":0},""_score"":12.23},""readiness"":{""_distance_atr"":0.253,""BR1_atr_distance"":{""score"":83.10757018670198},""BR2_compression"":{""score"":32.41548644348367},""BR3_retest"":{""score"":50.0},""BR4_bo_age"":{""score"":50.0},""_score"":58.85},""risk"":{""R1_stop_clarity"":{""score"":45.691860694424214},""R2_stop_distance_pct"":{""value"":2.7979598662207392,""score"":100.0},""R3_stop_distance_atr"":{""value"":0.5132701401031606,""score"":50.663507005158024},""R4_rr_potential"":{""value"":3.859716228977148,""score"":100.0},""_score"":73.59},""market"":{""M1_spy_regime"":{""score"":100.0},""M3_earnings_risk"":{""value"":null,""score"":80.0},""M4_vix"":{""value"":null,""score"":60.0},""_score"":84.0},""liquidity"":{""L1_price"":{""value"":299.0,""score"":100.0},""L2_dollar_vol"":{""value"":175694149.211295,""score"":100.0},""L3_spread_proxy"":{""value"":0.026989966555183924,""score"":73.01003344481607},""L4_volume_zscore"":{""value"":-1.3145265566100826,""score"":100.0},""_score"":97.3},""pattern_structure"":{""pole_low"":274.97,""pole_low_idx"":30,""peak_price"":303.13,""peak_idx"":55,""pole_gain"":0.10241117212786836,""flag_bars"":4,""flag_low"":295.06,""flag_high"":300.49,""structural_low"":295.06,""current_price"":298.515,""neckline_distance_pct"":0.015459859638544158,""base_bars"":4},""pattern_geometry_features"":{""pole_gain"":0.10241117212786836,""pullback_pct"":0.026622241282617996,""flag_range_pct"":0.017913106587932593,""flag_drift_per_bar"":0.0009614257240005837,""atr_pct"":0.054512422360248454,""pole_atr_multiple"":1.8786758631102154},""_schema_version"":""1.0""}",,,,,,,,,,
20260504T200431Z-7bad84,2026-05-04T20:04:31.798741+00:00,VSAT,ascending_triangle,candidate,61.88,97.9,58.0,76.7,49.6,22.2,53.4,37.2,84.0,88.4,14.68,16.24,6.13,6.94,2.67,4.27,1.49,5.04,4.42,False,,64.06,66.75,55.7806,76.87,"{""trend"":{""T1_ema_stack"":{""value"":[true,true,true],""score"":100.0},""T2_ema50_slope"":{""value"":0.6635394608033359,""score"":100},""T3_high_proximity"":{""value"":0.9719314216355638,""score"":85.96571081778187},""T4_rs_1m"":{""value"":0.09827369046828838,""score"":100},""T5_rs_3m"":{""value"":0.43167223775491137,""score"":100},""T6_adr_healthy"":{""value"":5.169058375587706,""score"":100.0},""_score"":97.89},""geometry"":{""sub_flat_top_quality"":33.3,""sub_hl_slope"":100,""sub_compression"":12.0,""sub_duration"":100.0,""_score"":57.99},""compression"":{""VC1_atr_ratio"":{""value"":0.49380071522522384,""score"":100},""VC2_range_contraction"":{""value"":0.792736472034938,""score"":34.54392132751033},""VC3_range_pct_rank"":{""score"":98.33333333333333},""_score"":76.67},""sr_quality"":{""SR1_touches"":{""value"":3,""score"":50.0},""SR2_tightness"":{""value"":0.3151013946159069,""score"":80.67074367565912},""SR3_recency"":{""value"":268,""score"":0.0},""SR4_price_location"":{""score"":30.0},""SR5_reaction"":{""value"":2.505860444736553,""score"":100},""_score"":49.6,""_levels_found"":5,""_target_level"":49.8067},""volume"":{""V1_rvol_day"":{""value"":0.39266288949623707,""score"":0},""V2_rvol_sameslot"":{""value"":0.5604249079683348,""score"":4.028327197888984,""status"":""ok""},""V3_breakout_bar"":{""value"":1.1657829144537166,""score"":44.38552763024777},""V4_base_dryup"":{""value"":0.9839601250325195,""score"":51.60398749674805},""V5_bo_expansion"":{""value"":0.39266288949623707,""score"":0},""_score"":22.22},""readiness"":{""_distance_atr"":0.825,""BR1_atr_distance"":{""score"":44.995800927447405},""BR2_compression"":{""score"":71.46682403959723},""BR3_retest"":{""score"":50.0},""BR4_bo_age"":{""score"":50.0},""_score"":53.37},""risk"":{""R1_stop_clarity"":{""score"":47.89221163325684},""R2_stop_distance_pct"":{""value"":12.924523883858877,""score"":0.0},""R3_stop_distance_atr"":{""value"":2.53943038667981,""score"":100.0},""R4_rr_potential"":{""value"":1.5472042225027034,""score"":27.36021112513517},""_score"":37.23},""market"":{""M1_spy_regime"":{""score"":100.0},""M3_earnings_risk"":{""value"":null,""score"":80.0},""M4_vix"":{""value"":null,""score"":60.0},""_score"":84.0},""liquidity"":{""L1_price"":{""value"":64.06,""score"":100.0},""L2_dollar_vol"":{""value"":36833643.01435246,""score"":78.31223373366028},""L3_spread_proxy"":{""value"":0.029035279425538546,""score"":70.96472057446145},""L4_volume_zscore"":{""value"":-1.8890794509180582,""score"":100.0},""_score"":88.42},""pattern_structure"":{""top"":66.75,""top_touches"":2,""low_slope_per_bar"":0.25818321917808273,""lowest_low"":56.63,""structural_low"":56.63,""current_price"":64.1,""neckline_distance_pct"":0.04134165366614674,""base_bars"":28},""pattern_geometry_features"":{""top_touches"":2.0,""low_slope"":0.25818321917808273,""compression"":0.060119341935735426,""atr_pct"":0.050895365951563284},""_schema_version"":""1.0""}",,,,,,,,,,
20260504T200431Z-7bad84,2026-05-04T20:04:31.798741+00:00,UUUU,double_bottom,candidate,61.83,80.0,66.3,50.2,51.5,37.9,31.8,80.9,84.0,93.2,12.0,16.59,4.01,7.21,4.92,2.55,4.85,5.04,4.66,False,,21.575,23.13,20.0369,25.918,"{""trend"":{""T1_ema_stack"":{""value"":[true,true,true],""score"":100.0},""T2_ema50_slope"":{""value"":0.20828031066565136,""score"":84.7133851109419},""T3_high_proximity"":{""value"":0.8795352629433346,""score"":39.767631471667286},""T4_rs_1m"":{""value"":0.12062081100113331,""score"":100},""T5_rs_3m"":{""value"":-0.005664377462332171,""score"":47.167811268833916},""T6_adr_healthy"":{""value"":7.153133717673818,""score"":100.0},""_score"":79.98},""geometry"":{""sub_low_similarity"":59.3,""sub_bounce_quality"":100,""sub_separation_fit"":0.0,""sub_right_bottom_reaction"":57.1,""sub_base_context"":100.0,""_score"":66.35},""compression"":{""VC1_atr_ratio"":{""value"":0.6524604511010107,""score"":86.88488722474732},""VC2_range_contraction"":{""value"":1.0420390304808027,""score"":0},""VC3_range_pct_rank"":{""score"":61.66666666666667},""_score"":50.17},""sr_quality"":{""SR1_touches"":{""value"":3,""score"":50.0},""SR2_tightness"":{""value"":0.32484531703566244,""score"":59.76097753505538},""SR3_recency"":{""value"":228,""score"":0.0},""SR4_price_location"":{""score"":50.179531275859304},""SR5_reaction"":{""value"":2.474701492207165,""score"":100},""_score"":51.51,""_levels_found"":5,""_target_level"":23.5532},""volume"":{""V1_rvol_day"":{""value"":0.9697935356306348,""score"":31.319569042042318},""V2_rvol_sameslot"":{""value"":1.1313723112163403,""score"":42.09148741442269,""status"":""ok""},""V3_breakout_bar"":{""value"":0.9511835023656285,""score"":30.07890015770857},""V4_base_dryup"":{""value"":0.7163566326745333,""score"":78.36433673254666},""V5_bo_expansion"":{""value"":0.9697935356306348,""score"":0},""_score"":37.87},""readiness"":{""_distance_atr"":0.963,""BR1_atr_distance"":{""score"":35.79335902188838},""BR2_compression"":{""score"":0},""BR3_retest"":{""score"":50.0},""BR4_bo_age"":{""score"":50.0},""_score"":31.82},""risk"":{""R1_stop_clarity"":{""score"":62.203140138293264},""R2_stop_distance_pct"":{""value"":7.129223638470464,""score"":100.0},""R3_stop_distance_atr"":{""value"":0.9526510677266528,""score"":72.63255338633263},""R4_rr_potential"":{""value"":2.823558476851757,""score"":91.17792384258784},""_score"":80.9},""market"":{""M1_spy_regime"":{""score"":100.0},""M3_earnings_risk"":{""value"":null,""score"":80.0},""M4_vix"":{""value"":null,""score"":60.0},""_score"":84.0},""liquidity"":{""L1_price"":{""value"":21.575,""score"":100.0},""L2_dollar_vol"":{""value"":204541298.97244218,""score"":100.0},""L3_spread_proxy"":{""value"":0.0683661645422944,""score"":31.6338354577056},""L4_volume_zscore"":{""value"":-0.14430944488006528,""score"":100.0},""_score"":93.16},""pattern_structure"":{""left_low"":20.342,""left_idx"":23,""right_low"":20.76,""right_idx"":69,""separation_bars"":46,""structural_low"":20.342,""current_price"":21.365,""neckline_distance_pct"":0.08261174818628601,""base_bars"":46},""pattern_geometry_features"":{""low_similarity_pct"":0.020339642839764624,""bounce_pct"":0.13705633664339792,""right_bottom_reaction"":0.5714285714285668,""atr_pct"":0.07483562324118524},""_schema_version"":""1.0""}",,,,,,,,,,
20260504T200431Z-7bad84,2026-05-04T20:04:31.798741+00:00,IREN,high_tight_pullback,candidate,61.67,78.9,71.8,37.8,43.3,30.5,58.5,76.8,84.0,90.0,9.47,25.11,3.78,3.46,4.27,5.27,0.77,5.04,4.5,False,,49.735,51.29,48.591,60.37,"{""trend"":{""T1_ema_stack"":{""value"":[true,true,true],""score"":100.0},""T2_ema50_slope"":{""value"":0.33224520323277046,""score"":100},""T3_high_proximity"":{""value"":0.9144144144144144,""score"":57.207207207207176},""T4_rs_1m"":{""value"":0.3355276231712492,""score"":100},""T5_rs_3m"":{""value"":-0.0955744195817233,""score"":2.2127902091383476},""T6_adr_healthy"":{""value"":7.368736005910651,""score"":100.0},""_score"":78.91},""geometry"":{""sub_pole_impulse"":48.9,""sub_flag_tightness"":79.5,""sub_flag_shallowness"":64.5,""sub_flag_drift"":95.4,""sub_flag_duration"":100.0,""_score"":71.75},""compression"":{""VC1_atr_ratio"":{""value"":0.7338620731807197,""score"":66.53448170482007},""VC2_range_contraction"":{""value"":0.9119635670286688,""score"":14.672738828555207},""VC3_range_pct_rank"":{""score"":24.16666666666667},""_score"":37.79},""sr_quality"":{""SR1_touches"":{""value"":2,""score"":25.0},""SR2_tightness"":{""value"":0.03999999999999915,""score"":97.7897368800163},""SR3_recency"":{""value"":227,""score"":0.0},""SR4_price_location"":{""score"":24.44829078321074},""SR5_reaction"":{""value"":3.656604049123097,""score"":100},""_score"":43.28,""_levels_found"":5,""_target_level"":54.1},""volume"":{""V1_rvol_day"":{""value"":1.0357098688951683,""score"":35.71399125967788},""V2_rvol_sameslot"":{""value"":0.9186353606013166,""score"":27.909024040087772,""status"":""ok""},""V3_breakout_bar"":{""value"":0.6819044259727275,""score"":12.126961731515166},""V4_base_dryup"":{""value"":0.7805639053392232,""score"":71.94360946607769},""V5_bo_expansion"":{""value"":1.0357098688951683,""score"":2.3806579263445498},""_score"":30.5},""readiness"":{""_distance_atr"":0.43,""BR1_atr_distance"":{""score"":71.35867373687739},""BR2_compression"":{""score"":49.856052846960594},""BR3_retest"":{""score"":50.0},""BR4_bo_age"":{""score"":50.0},""_score"":58.51},""risk"":{""R1_stop_clarity"":{""score"":59.11206626053094},""R2_stop_distance_pct"":{""value"":2.300120639388749,""score"":100.0},""R3_stop_distance_atr"":{""value"":0.3160579562565231,""score"":40.80289781282615},""R4_rr_potential"":{""value"":9.296613095680419,""score"":100.0},""_score"":76.81},""market"":{""M1_spy_regime"":{""score"":100.0},""M3_earnings_risk"":{""value"":null,""score"":80.0},""M4_vix"":{""value"":null,""score"":60.0},""_score"":84.0},""liquidity"":{""L1_price"":{""value"":49.735,""score"":100.0},""L2_dollar_vol"":{""value"":1811102221.1312363,""score"":100.0},""L3_spread_proxy"":{""value"":0.10395093998190413,""score"":0},""L4_volume_zscore"":{""value"":0.15955994391208136,""score"":100.0},""_score"":90.0},""pattern_structure"":{""pole_low"":42.21,""pole_low_idx"":36,""peak_price"":51.29,""peak_idx"":54,""pole_gain"":0.21511490168206582,""flag_bars"":5,""flag_low"":49.331,""flag_high"":50.69,""structural_low"":49.331,""current_price"":49.76,""neckline_distance_pct"":0.03074758842443732,""base_bars"":5},""pattern_geometry_features"":{""pole_gain"":0.21511490168206582,""pullback_pct"":0.038194579840124705,""flag_range_pct"":0.02649639305907574,""flag_drift_per_bar"":-0.0009244372990354637,""atr_pct"":0.07277528041476972,""pole_atr_multiple"":2.9558787057371245},""_schema_version"":""1.0""}",,,,,,,,,,
20260504T200431Z-7bad84,2026-05-04T20:04:31.798741+00:00,TXN,breakout_retest_hold,setup,61.65,99.8,59.0,11.0,49.5,20.6,81.0,54.6,84.0,97.5,13.98,12.97,0.66,6.93,2.67,14.58,2.73,4.2,2.92,False,,281.64,278.395,276.0516,280.7377,"{""trend"":{""T1_ema_stack"":{""value"":[true,true,true],""score"":100.0},""T2_ema50_slope"":{""value"":0.5042795340513069,""score"":100},""T3_high_proximity"":{""value"":0.997909506430925,""score"":98.95475321546249},""T4_rs_1m"":{""value"":0.35039905969997687,""score"":100},""T5_rs_3m"":{""value"":0.21912136953953043,""score"":100},""T6_adr_healthy"":{""value"":2.9879842145575948,""score"":100.0},""_score"":99.84},""geometry"":{""sub_retest_depth"":30.0,""sub_retest_timing"":40.0,""sub_retest_freshness"":100.0,""sub_hold_quality"":73.2,""_score"":58.96},""compression"":{""VC1_atr_ratio"":{""value"":1.2623637795964815,""score"":0},""VC2_range_contraction"":{""value"":1.429602719130084,""score"":0},""VC3_range_pct_rank"":{""score"":44.166666666666664},""_score"":11.04},""sr_quality"":{""SR1_touches"":{""value"":4,""score"":75.0},""SR2_tightness"":{""value"":2.6941881894181074,""score"":50.56117502481732},""SR3_recency"":{""value"":269,""score"":0.0},""SR4_price_location"":{""score"":30.0},""SR5_reaction"":{""value"":1.5924511311899887,""score"":79.62255655949943},""_score"":49.53,""_levels_found"":5,""_target_level"":228.58},""volume"":{""V1_rvol_day"":{""value"":0.4420820694764911,""score"":0},""V2_rvol_sameslot"":{""value"":0.5980125861875891,""score"":6.534172412505941,""status"":""ok""},""V3_breakout_bar"":{""value"":0.8615312492904088,""score"":24.102083286027252},""V4_base_dryup"":{""value"":0.8383772984308929,""score"":66.16227015691071},""V5_bo_expansion"":{""value"":0.4420820694764911,""score"":0},""_score"":20.56},""readiness"":{""_distance_atr"":-0.298,""BR1_atr_distance"":{""score"":100.0},""BR2_compression"":{""score"":66.05623426718799},""BR3_retest"":{""score"":100},""BR4_bo_age"":{""score"":30.0},""_score"":81.01},""risk"":{""R1_stop_clarity"":{""score"":48.83237180600415},""R2_stop_distance_pct"":{""value"":1.9842351938645204,""score"":99.605879846613},""R3_stop_distance_atr"":{""value"":0.5127405920946165,""score"":50.63702960473082},""R4_rr_potential"":{""value"":-0.16145689540578786,""score"":0.0},""_score"":54.57},""market"":{""M1_spy_regime"":{""score"":100.0},""M3_earnings_risk"":{""value"":null,""score"":80.0},""M4_vix"":{""value"":null,""score"":60.0},""_score"":84.0},""liquidity"":{""L1_price"":{""value"":281.64,""score"":100.0},""L2_dollar_vol"":{""value"":992988285.0496501,""score"":100.0},""L3_spread_proxy"":{""value"":0.025387018889362428,""score"":74.61298111063758},""L4_volume_zscore"":{""value"":-0.890829448675306,""score"":100.0},""_score"":97.46},""pattern_structure"":{""level"":278.395,""level_idx"":42,""breakout_idx"":65,""bo_peak_idx"":74,""bo_peak_price"":283.79,""retest_idx"":76,""retest_low"":278.84,""structural_low"":278.84,""current_price"":281.24,""neckline_distance_pct"":-0.010115915232541697,""base_bars"":37,""bars_since_breakout"":14},""pattern_geometry_features"":{""retest_depth_atr"":-0.1899506067443101,""bars_breakout_to_retest"":11.0,""bars_since_retest"":3.0,""current_above_level_atr"":1.214403317275451,""bo_peak_excess_pct"":0.019378939995330517,""atr_pct"":0.03869861728244772},""_schema_version"":""1.0""}",,,,,,,,,,
20260504T200431Z-7bad84,2026-05-04T20:04:31.798741+00:00,UUUU,breakout_retest_hold,setup,61.64,80.0,64.4,50.2,51.5,33.9,64.3,61.9,84.0,93.2,11.2,14.16,3.01,7.21,4.4,11.57,3.09,4.2,2.79,False,,21.575,21.3174,21.0722,21.874,"{""trend"":{""T1_ema_stack"":{""value"":[true,true,true],""score"":100.0},""T2_ema50_slope"":{""value"":0.20828031066565136,""score"":84.7133851109419},""T3_high_proximity"":{""value"":0.8795352629433346,""score"":39.767631471667286},""T4_rs_1m"":{""value"":0.12062081100113331,""score"":100},""T5_rs_3m"":{""value"":-0.005664377462332171,""score"":47.167811268833916},""T6_adr_healthy"":{""value"":7.153133717673818,""score"":100.0},""_score"":79.98},""geometry"":{""sub_retest_depth"":65.5,""sub_retest_timing"":20.0,""sub_retest_freshness"":75.0,""sub_hold_quality"":85.7,""_score"":64.36},""compression"":{""VC1_atr_ratio"":{""value"":0.6524604511010107,""score"":86.88488722474732},""VC2_range_contraction"":{""value"":1.0420390304808027,""score"":0},""VC3_range_pct_rank"":{""score"":61.66666666666667},""_score"":50.17},""sr_quality"":{""SR1_touches"":{""value"":3,""score"":50.0},""SR2_tightness"":{""value"":0.32484531703566244,""score"":59.76097753505538},""SR3_recency"":{""value"":228,""score"":0.0},""SR4_price_location"":{""score"":50.179531275859304},""SR5_reaction"":{""value"":2.474701492207165,""score"":100},""_score"":51.51,""_levels_found"":5,""_target_level"":23.5532},""volume"":{""V1_rvol_day"":{""value"":0.9697935356306348,""score"":31.319569042042318},""V2_rvol_sameslot"":{""value"":1.1313723112163403,""score"":42.09148741442269,""status"":""ok""},""V3_breakout_bar"":{""value"":0.9511835023656285,""score"":30.07890015770857},""V4_base_dryup"":{""value"":0.9168726555509705,""score"":58.312734444902944},""V5_bo_expansion"":{""value"":0.9697935356306348,""score"":0},""_score"":33.86},""readiness"":{""_distance_atr"":-0.16,""BR1_atr_distance"":{""score"":100.0},""BR2_compression"":{""score"":0},""BR3_retest"":{""score"":98.9966422020784},""BR4_bo_age"":{""score"":30.0},""_score"":64.3},""risk"":{""R1_stop_clarity"":{""score"":73.63398675461536},""R2_stop_distance_pct"":{""value"":2.3307068366164483,""score"":100.0},""R3_stop_distance_atr"":{""value"":0.3114434991881995,""score"":40.57217495940998},""R4_rr_potential"":{""value"":0.5946391283967116,""score"":0.0},""_score"":61.86},""market"":{""M1_spy_regime"":{""score"":100.0},""M3_earnings_risk"":{""value"":null,""score"":80.0},""M4_vix"":{""value"":null,""score"":60.0},""_score"":84.0},""liquidity"":{""L1_price"":{""value"":21.575,""score"":100.0},""L2_dollar_vol"":{""value"":204541298.97244218,""score"":100.0},""L3_spread_proxy"":{""value"":0.0683661645422944,""score"":31.6338354577056},""L4_volume_zscore"":{""value"":-0.14430944488006528,""score"":100.0},""_score"":93.16},""pattern_structure"":{""level"":21.3174,""level_idx"":49,""breakout_idx"":67,""bo_peak_idx"":74,""bo_peak_price"":22.76,""retest_idx"":79,""retest_low"":21.285,""structural_low"":21.285,""current_price"":21.365,""neckline_distance_pct"":-0.0022279428972618396,""base_bars"":30,""bars_since_breakout"":12},""pattern_geometry_features"":{""retest_depth_atr"":0.05820907014346782,""bars_breakout_to_retest"":12.0,""bars_since_retest"":0.0,""current_above_level_atr"":0.08551702897620675,""bo_peak_excess_pct"":0.06767241783707217,""atr_pct"":0.07483562324118524},""_schema_version"":""1.0""}",,,,,,,,,,
20260504T200431Z-7bad84,2026-05-04T20:04:31.798741+00:00,FLY,double_bottom,candidate,61.58,46.0,80.8,74.3,61.7,6.9,56.9,78.9,84.0,93.7,6.9,20.2,5.94,8.63,0.9,4.55,4.73,5.04,4.68,True,reversal_trend_cap,33.74,35.45,31.8648,38.55,"{""trend"":{""T1_ema_stack"":{""value"":[false,true,false],""score"":33.33333333333333},""T2_ema50_slope"":{""value"":1.1172155497274496,""score"":100},""T3_high_proximity"":{""value"":0.7638668779714739,""score"":0},""T4_rs_1m"":{""value"":-0.07027451540614105,""score"":0},""T5_rs_3m"":{""value"":0.4433841737629105,""score"":100},""T6_adr_healthy"":{""value"":9.86749019168543,""score"":53.31274520786424},""_score"":46.0},""geometry"":{""sub_low_similarity"":60.2,""sub_bounce_quality"":94.0,""sub_separation_fit"":100.0,""sub_right_bottom_reaction"":59.6,""sub_base_context"":100.0,""_score"":80.8},""compression"":{""VC1_atr_ratio"":{""value"":0.38291640728336707,""score"":100},""VC2_range_contraction"":{""value"":0.7796192032800769,""score"":36.73013278665385},""VC3_range_pct_rank"":{""score"":85.83333333333334},""_score"":74.31},""sr_quality"":{""SR1_touches"":{""value"":2,""score"":25.0},""SR2_tightness"":{""value"":0.14499999999999957,""score"":91.99761899599686},""SR3_recency"":{""value"":80,""score"":16.666666666666664},""SR4_price_location"":{""score"":91.46877748460874},""SR5_reaction"":{""value"":3.0003271909474547,""score"":100},""_score"":61.67,""_levels_found"":6,""_target_level"":34.225},""volume"":{""V1_rvol_day"":{""value"":0.5310246799118745,""score"":2.0683119941249677},""V2_rvol_sameslot"":{""value"":0.6193316828713201,""score"":7.9554455247546745,""status"":""ok""},""V3_breakout_bar"":{""value"":0.7932946845574061,""score"":19.552978970493744},""V4_base_dryup"":{""value"":1.7122211385007875,""score"":0},""V5_bo_expansion"":{""value"":0.5310246799118746,""score"":0},""_score"":6.89},""readiness"":{""_distance_atr"":0.472,""BR1_atr_distance"":{""score"":68.542364329091},""BR2_compression"":{""score"":47.756670348409415},""BR3_retest"":{""score"":50.0},""BR4_bo_age"":{""score"":50.0},""_score"":56.86},""risk"":{""R1_stop_clarity"":{""score"":73.21961805384456},""R2_stop_distance_pct"":{""value"":5.5579430942501515,""score"":100.0},""R3_stop_distance_atr"":{""value"":0.5174643095778255,""score"":50.873215478891275},""R4_rr_potential"":{""value"":2.5649913344887345,""score"":78.24956672443673},""_score"":78.91},""market"":{""M1_spy_regime"":{""score"":100.0},""M3_earnings_risk"":{""value"":null,""score"":80.0},""M4_vix"":{""value"":null,""score"":60.0},""_score"":84.0},""liquidity"":{""L1_price"":{""value"":33.74,""score"":100.0},""L2_dollar_vol"":{""value"":111588473.12526494,""score"":100.0},""L3_spread_proxy"":{""value"":0.0631298162418493,""score"":36.8701837581507},""L4_volume_zscore"":{""value"":-1.0616530539892048,""score"":100.0},""_score"":93.69},""pattern_structure"":{""left_low"":33.0,""left_idx"":46,""right_low"":32.35,""right_idx"":74,""separation_bars"":28,""structural_low"":32.35,""current_price"":33.31,""neckline_distance_pct"":0.06424497148003604,""base_bars"":28},""pattern_geometry_features"":{""low_similarity_pct"":0.019892884468247853,""bounce_pct"":0.0958268933539413,""right_bottom_reaction"":0.5962441314553985,""atr_pct"":0.10740727411296468},""_schema_version"":""1.0""}",,,,,,,,,,
20260504T200431Z-7bad84,2026-05-04T20:04:31.798741+00:00,MPWR,double_bottom,candidate,61.52,97.8,77.5,40.6,43.6,22.4,29.9,69.9,84.0,71.8,14.66,19.39,3.25,6.1,2.92,2.39,4.2,5.04,3.59,False,,1583.0,1661.79,1498.185,1802.58,"{""trend"":{""T1_ema_stack"":{""value"":[true,true,true],""score"":100.0},""T2_ema50_slope"":{""value"":0.7331756143533841,""score"":100},""T3_high_proximity"":{""value"":0.9699398306434813,""score"":84.96991532174064},""T4_rs_1m"":{""value"":0.32042883940562583,""score"":100},""T5_rs_3m"":{""value"":0.3167217215930418,""score"":100},""T6_adr_healthy"":{""value"":3.4681447927750013,""score"":100.0},""_score"":97.75},""geometry"":{""sub_low_similarity"":99.5,""sub_bounce_quality"":89.4,""sub_separation_fit"":20.0,""sub_right_bottom_reaction"":45.4,""sub_base_context"":100.0,""_score"":77.54},""compression"":{""VC1_atr_ratio"":{""value"":0.7640787346670711,""score"":58.98031633323222},""VC2_range_contraction"":{""value"":0.9552898272355883,""score"":7.451695460735283},""VC3_range_pct_rank"":{""score"":57.49999999999999},""_score"":40.58},""sr_quality"":{""SR1_touches"":{""value"":2,""score"":25.0},""SR2_tightness"":{""value"":3.1100000000000136,""score"":90.48810089603877},""SR3_recency"":{""value"":268,""score"":0.0},""SR4_price_location"":{""score"":30.0},""SR5_reaction"":{""value"":2.370902021431483,""score"":100},""_score"":43.57,""_levels_found"":3,""_target_level"":1253.11},""volume"":{""V1_rvol_day"":{""value"":0.6204747370429633,""score"":8.031649136197554},""V2_rvol_sameslot"":{""value"":0.9557768197085561,""score"":30.38512131390374,""status"":""ok""},""V3_breakout_bar"":{""value"":0.6812053137562292,""score"":12.080354250415278},""V4_base_dryup"":{""value"":0.9138653910883024,""score"":58.61346089116976},""V5_bo_expansion"":{""value"":0.6204747370429633,""score"":0},""_score"":22.43},""readiness"":{""_distance_atr"":1.205,""BR1_atr_distance"":{""score"":19.673898134930198},""BR2_compression"":{""score"":17.90201573253919},""BR3_retest"":{""score"":50.0},""BR4_bo_age"":{""score"":50.0},""_score"":29.85},""risk"":{""R1_stop_clarity"":{""score"":30.220585833802275},""R2_stop_distance_pct"":{""value"":5.357864813644982,""score"":100.0},""R3_stop_distance_atr"":{""value"":1.2970284927692417,""score"":89.85142463846209},""R4_rr_potential"":{""value"":2.5889288451335233,""score"":79.44644225667616},""_score"":69.94},""market"":{""M1_spy_regime"":{""score"":100.0},""M3_earnings_risk"":{""value"":null,""score"":80.0},""M4_vix"":{""value"":null,""score"":60.0},""_score"":84.0},""liquidity"":{""L1_price"":{""value"":1583.0,""score"":0.0},""L2_dollar_vol"":{""value"":595925959.032819,""score"":100.0},""L3_spread_proxy"":{""value"":0.03212886923562863,""score"":67.87113076437137},""L4_volume_zscore"":{""value"":-1.1751392790689374,""score"":100.0},""_score"":71.79},""pattern_structure"":{""left_low"":1521.38,""left_idx"":26,""right_low"":1521.0,""right_idx"":68,""separation_bars"":42,""structural_low"":1521.0,""current_price"":1568.03,""neckline_distance_pct"":0.059794774334674713,""base_bars"":42},""pattern_geometry_features"":{""low_similarity_pct"":0.00024980442942703355,""bounce_pct"":0.09256410256410254,""right_bottom_reaction"":0.45376291195277835,""atr_pct"":0.041308767259272655},""_schema_version"":""1.0""}",,,,,,,,,,
20260504T200431Z-7bad84,2026-05-04T20:04:31.798741+00:00,PL,double_bottom,candidate,61.3,83.2,74.9,65.4,39.3,14.2,48.3,67.7,84.0,91.1,12.47,18.73,5.23,5.5,1.85,3.86,4.06,5.04,4.55,False,,38.57,40.0,35.2827,44.18,"{""trend"":{""T1_ema_stack"":{""value"":[true,true,true],""score"":100.0},""T2_ema50_slope"":{""value"":0.7091251557947315,""score"":100},""T3_high_proximity"":{""value"":0.9669089997493105,""score"":83.45449987465526},""T4_rs_1m"":{""value"":-0.01990001742539027,""score"":30.09998257460973},""T5_rs_3m"":{""value"":0.6554086553854208,""score"":100},""T6_adr_healthy"":{""value"":8.305783810314301,""score"":92.35540474214248},""_score"":83.16},""geometry"":{""sub_low_similarity"":71.7,""sub_bounce_quality"":100,""sub_separation_fit"":20.0,""sub_right_bottom_reaction"":69.3,""sub_base_context"":100.0,""_score"":74.91},""compression"":{""VC1_atr_ratio"":{""value"":0.4163967160952788,""score"":100},""VC2_range_contraction"":{""value"":0.7322970027237937,""score"":44.61716621270105},""VC3_range_pct_rank"":{""score"":39.16666666666667},""_score"":65.41},""sr_quality"":{""SR1_touches"":{""value"":2,""score"":25.0},""SR2_tightness"":{""value"":0.5800000000000018,""score"":62.10954634114461},""SR3_recency"":{""value"":239,""score"":0.0},""SR4_price_location"":{""score"":30.0},""SR5_reaction"":{""value"":2.7919711435264265,""score"":100},""_score"":39.32,""_levels_found"":6,""_target_level"":37.63},""volume"":{""V1_rvol_day"":{""value"":0.6819060704317834,""score"":12.127071362118896},""V2_rvol_sameslot"":{""value"":0.7943119349657667,""score"":19.620795664384445,""status"":""ok""},""V3_breakout_bar"":{""value"":0.6287292380445882,""score"":8.581949202972549},""V4_base_dryup"":{""value"":1.2144456293956116,""score"":28.555437060438834},""V5_bo_expansion"":{""value"":0.6819060704317832,""score"":0},""_score"":14.21},""readiness"":{""_distance_atr"":0.467,""BR1_atr_distance"":{""score"":68.86014440680285},""BR2_compression"":{""score"":13.035014452044877},""BR3_retest"":{""score"":50.0},""BR4_bo_age"":{""score"":50.0},""_score"":48.3},""risk"":{""R1_stop_clarity"":{""score"":64.89906767085688},""R2_stop_distance_pct"":{""value"":8.522945294270164,""score"":86.92636764324591},""R3_stop_distance_atr"":{""value"":1.073769726834095,""score"":78.68848634170476},""R4_rr_potential"":{""value"":1.7065676999361166,""score"":35.32838499680583},""_score"":67.66},""market"":{""M1_spy_regime"":{""score"":100.0},""M3_earnings_risk"":{""value"":null,""score"":80.0},""M4_vix"":{""value"":null,""score"":60.0},""_score"":84.0},""liquidity"":{""L1_price"":{""value"":38.57,""score"":100.0},""L2_dollar_vol"":{""value"":290033556.7525049,""score"":100.0},""L3_spread_proxy"":{""value"":0.08944775732434541,""score"":10.552242675654583},""L4_volume_zscore"":{""value"":-1.024841747232065,""score"":100.0},""_score"":91.06},""pattern_structure"":{""left_low"":36.33,""left_idx"":32,""right_low"":35.82,""right_idx"":74,""separation_bars"":42,""structural_low"":35.82,""current_price"":38.665,""neckline_distance_pct"":0.034527350316824024,""base_bars"":42},""pattern_geometry_features"":{""low_similarity_pct"":0.01413721413721408,""bounce_pct"":0.11669458403126744,""right_bottom_reaction"":0.6926605504587148,""atr_pct"":0.07937405089077369},""_schema_version"":""1.0""}",,,,,,,,,,
20260504T200431Z-7bad84,2026-05-04T20:04:31.798741+00:00,NOK,high_tight_pullback,candidate,61.1,99.0,79.6,11.0,35.1,25.6,36.8,71.5,84.0,96.1,11.88,27.85,1.1,2.8,3.59,3.31,0.71,5.04,4.81,False,,13.12,13.89,12.8247,17.32,"{""trend"":{""T1_ema_stack"":{""value"":[true,true,true],""score"":100.0},""T2_ema50_slope"":{""value"":0.6402324242164535,""score"":100},""T3_high_proximity"":{""value"":0.9864661654135337,""score"":93.23308270676684},""T4_rs_1m"":{""value"":0.39265619792585627,""score"":100},""T5_rs_3m"":{""value"":0.9374136362963097,""score"":100},""T6_adr_healthy"":{""value"":5.135070989262081,""score"":100.0},""_score"":98.98},""geometry"":{""sub_pole_impulse"":100.0,""sub_flag_tightness"":70.4,""sub_flag_shallowness"":61.8,""sub_flag_drift"":77.4,""sub_flag_duration"":80.0,""_score"":79.57},""compression"":{""VC1_atr_ratio"":{""value"":0.9667817508789359,""score"":8.30456228026602},""VC2_range_contraction"":{""value"":1.455276632469564,""score"":0},""VC3_range_pct_rank"":{""score"":30.833333333333336},""_score"":11.03},""sr_quality"":{""SR1_touches"":{""value"":2,""score"":25.0},""SR2_tightness"":{""value"":0.08250000000000046,""score"":75.14177795473853},""SR3_recency"":{""value"":248,""score"":0.0},""SR4_price_location"":{""score"":30.0},""SR5_reaction"":{""value"":1.1713495539509506,""score"":58.56747769754753},""_score"":35.06,""_levels_found"":5,""_target_level"":8.4525},""volume"":{""V1_rvol_day"":{""value"":1.044156228071724,""score"":36.27708187144827},""V2_rvol_sameslot"":{""value"":1.492053261981333,""score"":66.13688413208885,""status"":""ok""},""V3_breakout_bar"":{""value"":0.7300480014383119,""score"":15.336533429220797},""V4_base_dryup"":{""value"":1.4556227815383438,""score"":4.437721846165616},""V5_bo_expansion"":{""value"":1.0441562280717243,""score"":2.94374853811495},""_score"":25.65},""readiness"":{""_distance_atr"":1.16,""BR1_atr_distance"":{""score"":22.66330919252016},""BR2_compression"":{""score"":41.06459028079094},""BR3_retest"":{""score"":50.0},""BR4_bo_age"":{""score"":50.0},""_score"":36.83},""risk"":{""R1_stop_clarity"":{""score"":41.15380890376329},""R2_stop_distance_pct"":{""value"":2.2507621951219456,""score"":100.0},""R3_stop_distance_atr"":{""value"":0.44488684666458506,""score"":47.24434233322925},""R4_rr_potential"":{""value"":14.222824246528994,""score"":100.0},""_score"":71.49},""market"":{""M1_spy_regime"":{""score"":100.0},""M3_earnings_risk"":{""value"":null,""score"":80.0},""M4_vix"":{""value"":null,""score"":60.0},""_score"":84.0},""liquidity"":{""L1_price"":{""value"":13.12,""score"":100.0},""L2_dollar_vol"":{""value"":1497504996.736635,""score"":100.0},""L3_spread_proxy"":{""value"":0.03886432926829269,""score"":61.13567073170731},""L4_volume_zscore"":{""value"":0.12913013354990108,""score"":100.0},""_score"":96.11},""pattern_structure"":{""pole_low"":10.46,""pole_low_idx"":30,""peak_price"":13.89,""peak_idx"":48,""pole_gain"":0.32791586998087946,""flag_bars"":11,""flag_low"":13.02,""flag_high"":13.83,""structural_low"":13.02,""current_price"":13.07,""neckline_distance_pct"":0.06273909716908954,""base_bars"":11},""pattern_geometry_features"":{""pole_gain"":0.32791586998087946,""pullback_pct"":0.062634989200864,""flag_range_pct"":0.05831533477321817,""flag_drift_per_bar"":-0.004517632329415034,""atr_pct"":0.050591790069686414,""pole_atr_multiple"":6.481602440419677},""_schema_version"":""1.0""}",,,,,,,,,,
20260504T200431Z-7bad84,2026-05-04T20:04:31.798741+00:00,NXE,double_bottom,candidate,61.1,66.6,66.6,62.7,55.0,37.9,40.0,66.6,84.0,91.4,9.99,16.66,5.02,7.7,4.92,3.2,4.0,5.04,4.57,False,,12.465,12.88,11.8495,13.73,"{""trend"":{""T1_ema_stack"":{""value"":[true,true,true],""score"":100.0},""T2_ema50_slope"":{""value"":0.17042998198003653,""score"":78.40499699667275},""T3_high_proximity"":{""value"":0.9372180451127818,""score"":68.6090225563909},""T4_rs_1m"":{""value"":-0.03221230019803101,""score"":17.78769980196899},""T5_rs_3m"":{""value"":-0.00578532873132076,""score"":47.10733563433962},""T6_adr_healthy"":{""value"":4.763550232488919,""score"":100.0},""_score"":66.6},""geometry"":{""sub_low_similarity"":56.4,""sub_bounce_quality"":58.1,""sub_separation_fit"":80.0,""sub_right_bottom_reaction"":40.6,""sub_base_context"":100.0,""_score"":66.63},""compression"":{""VC1_atr_ratio"":{""value"":0.5937570492676938,""score"":100},""VC2_range_contraction"":{""value"":1.0624393938239023,""score"":0},""VC3_range_pct_rank"":{""score"":90.83333333333333},""_score"":62.71},""sr_quality"":{""SR1_touches"":{""value"":4,""score"":75.0},""SR2_tightness"":{""value"":0.0919238815542511,""score"":70.92954874666498},""SR3_recency"":{""value"":228,""score"":0.0},""SR4_price_location"":{""score"":27.467811158798177},""SR5_reaction"":{""value"":2.4706626458396848,""score"":100},""_score"":55.01,""_levels_found"":7,""_target_level"":13.31},""volume"":{""V1_rvol_day"":{""value"":0.7921858210691615,""score"":19.4790547379441},""V2_rvol_sameslot"":{""value"":1.1687532708386867,""score"":44.583551389245784,""status"":""ok""},""V3_breakout_bar"":{""value"":1.0632647640471653,""score"":37.550984269811025},""V4_base_dryup"":{""value"":0.7165797102710801,""score"":78.34202897289198},""V5_bo_expansion"":{""value"":0.7921858210691612,""score"":0},""_score"":37.87},""readiness"":{""_distance_atr"":0.656,""BR1_atr_distance"":{""score"":56.25280008433189},""BR2_compression"":{""score"":0},""BR3_retest"":{""score"":50.0},""BR4_bo_age"":{""score"":50.0},""_score"":40.0},""risk"":{""R1_stop_clarity"":{""score"":42.93362247145316},""R2_stop_distance_pct"":{""value"":4.937424789410357,""score"":100.0},""R3_stop_distance_atr"":{""value"":0.9731643682445033,""score"":73.65821841222517},""R4_rr_potential"":{""value"":2.0554066130473645,""score"":52.77033065236822},""_score"":66.63},""market"":{""M1_spy_regime"":{""score"":100.0},""M3_earnings_risk"":{""value"":null,""score"":80.0},""M4_vix"":{""value"":null,""score"":60.0},""_score"":84.0},""liquidity"":{""L1_price"":{""value"":12.465,""score"":100.0},""L2_dollar_vol"":{""value"":51206858.21226303,""score"":85.46640652953003},""L3_spread_proxy"":{""value"":0.028078620136381842,""score"":71.92137986361816},""L4_volume_zscore"":{""value"":-0.975387478073955,""score"":100.0},""_score"":91.38},""pattern_structure"":{""left_low"":12.295,""left_idx"":36,""right_low"":12.03,""right_idx"":69,""separation_bars"":33,""structural_low"":12.03,""current_price"":12.435,""neckline_distance_pct"":0.035786087655810234,""base_bars"":33},""pattern_geometry_features"":{""low_similarity_pct"":0.021788283658787305,""bounce_pct"":0.07065669160432266,""right_bottom_reaction"":0.40625000000000205,""atr_pct"":0.05073577445418604},""_schema_version"":""1.0""}",,,,,,,,,,
20260504T200431Z-7bad84,2026-05-04T20:04:31.798741+00:00,COHR,high_tight_pullback,candidate,61.07,96.1,64.2,52.4,37.5,24.5,55.2,78.1,84.0,92.5,11.53,22.46,5.24,3.0,3.43,4.96,0.78,5.04,4.62,False,,332.24,348.3,318.4702,405.598,"{""trend"":{""T1_ema_stack"":{""value"":[true,true,true],""score"":100.0},""T2_ema50_slope"":{""value"":0.7564999671264563,""score"":100},""T3_high_proximity"":{""value"":0.9479841355893514,""score"":73.99206779467565},""T4_rs_1m"":{""value"":0.19208168033863338,""score"":100},""T5_rs_3m"":{""value"":0.4610599223953924,""score"":100},""T6_adr_healthy"":{""value"":6.491180927678504,""score"":100.0},""_score"":96.1},""geometry"":{""sub_pole_impulse"":48.9,""sub_flag_tightness"":76.2,""sub_flag_shallowness"":27.2,""sub_flag_drift"":100,""sub_flag_duration"":100.0,""_score"":64.16},""compression"":{""VC1_atr_ratio"":{""value"":0.40179628244760257,""score"":100},""VC2_range_contraction"":{""value"":0.958091408865683,""score"":6.984765189052833},""VC3_range_pct_rank"":{""score"":40.0},""_score"":52.44},""sr_quality"":{""SR1_touches"":{""value"":2,""score"":25.0},""SR2_tightness"":{""value"":4.920999999999992,""score"":55.5266213136412},""SR3_recency"":{""value"":225,""score"":0.0},""SR4_price_location"":{""score"":30.0},""SR5_reaction"":{""value"":1.8872943855054514,""score"":94.36471927527256},""_score"":37.48,""_levels_found"":6,""_target_level"":286.081},""volume"":{""V1_rvol_day"":{""value"":1.0045744830491299,""score"":33.63829886994199},""V2_rvol_sameslot"":{""value"":1.0024841965428777,""score"":33.498946436191844,""status"":""ok""},""V3_breakout_bar"":{""value"":0.6421522961044467,""score"":9.476819740296445},""V4_base_dryup"":{""value"":1.0671873911417646,""score"":43.281260885823535},""V5_bo_expansion"":{""value"":1.0045744830491299,""score"":0.304965536608659},""_score"":24.5},""readiness"":{""_distance_atr"":0.726,""BR1_atr_distance"":{""score"":51.61942276617737},""BR2_compression"":{""score"":68.06361308696418},""BR3_retest"":{""score"":50.0},""BR4_bo_age"":{""score"":50.0},""_score"":55.16},""risk"":{""R1_stop_clarity"":{""score"":56.17008901582931},""R2_stop_distance_pct"":{""value"":4.144534071755367,""score"":100.0},""R3_stop_distance_atr"":{""value"":0.6222206155612942,""score"":56.11103077806471},""R4_rr_potential"":{""value"":5.3274557364667485,""score"":100.0},""_score"":78.08},""market"":{""M1_spy_regime"":{""score"":100.0},""M3_earnings_risk"":{""value"":null,""score"":80.0},""M4_vix"":{""value"":null,""score"":60.0},""_score"":84.0},""liquidity"":{""L1_price"":{""value"":332.24,""score"":100.0},""L2_dollar_vol"":{""value"":1894611087.1294317,""score"":100.0},""L3_spread_proxy"":{""value"":0.07518661208764754,""score"":24.813387912352454},""L4_volume_zscore"":{""value"":0.02353759430047673,""score"":100.0},""_score"":92.48},""pattern_structure"":{""pole_low"":291.002,""pole_low_idx"":31,""peak_price"":348.3,""peak_idx"":54,""pole_gain"":0.19689899038494582,""flag_bars"":5,""flag_low"":323.32,""flag_high"":333.13,""structural_low"":323.32,""current_price"":332.52,""neckline_distance_pct"":0.04745579213280413,""base_bars"":5},""pattern_geometry_features"":{""pole_gain"":0.19689899038494582,""pullback_pct"":0.07171978179730122,""flag_range_pct"":0.02816537467700259,""flag_drift_per_bar"":0.0038614218693610626,""atr_pct"":0.06660875528877577,""pole_atr_multiple"":2.956052692041901},""_schema_version"":""1.0""}",,,,,,,,,,
20260504T200431Z-7bad84,2026-05-04T20:04:31.798741+00:00,OKLO,inverse_head_shoulders,candidate,60.81,62.2,90.8,21.5,60.7,6.1,50.9,63.9,84.0,94.8,7.47,25.42,1.72,8.5,0.86,4.07,3.84,4.2,4.74,False,,68.8195,72.28,62.252,81.36,"{""trend"":{""T1_ema_stack"":{""value"":[true,true,false],""score"":66.66666666666666},""T2_ema50_slope"":{""value"":0.1627600736062237,""score"":77.12667893437062},""T3_high_proximity"":{""value"":0.8823012820512821,""score"":41.150641025641036},""T4_rs_1m"":{""value"":0.33499488005706457,""score"":100},""T5_rs_3m"":{""value"":-0.09776279930799858,""score"":1.1186003460007115},""T6_adr_healthy"":{""value"":8.966261204009268,""score"":75.84346989976831},""_score"":62.22},""geometry"":{""sub_head_depth"":100.0,""sub_shoulder_price_sym"":90.2,""sub_shoulder_time_sym"":60.0,""sub_right_shoulder_reaction"":98.7,""sub_base_context"":100.0,""_score"":90.8},""compression"":{""VC1_atr_ratio"":{""value"":1.006794126861724,""score"":0},""VC2_range_contraction"":{""value"":1.130015732231724,""score"":0},""VC3_range_pct_rank"":{""score"":85.83333333333334},""_score"":21.46},""sr_quality"":{""SR1_touches"":{""value"":3,""score"":50.0},""SR2_tightness"":{""value"":0.3904698025029146,""score"":89.28857208770295},""SR3_recency"":{""value"":267,""score"":0.0},""SR4_price_location"":{""score"":69.39836845683206},""SR5_reaction"":{""value"":2.319845857418112,""score"":100},""_score"":60.74,""_levels_found"":7,""_target_level"":70.32},""volume"":{""V1_rvol_day"":{""value"":0.5013347381428578,""score"":0.08898254285718554},""V2_rvol_sameslot"":{""value"":0.6750027886223181,""score"":11.666852574821206,""status"":""ok""},""V3_breakout_bar"":{""value"":0.7255255232213729,""score"":15.035034881424858},""V4_base_dryup"":{""value"":1.854314550055749,""score"":0},""V5_bo_expansion"":{""value"":0.5013347381428578,""score"":0},""_score"":6.11},""readiness"":{""_distance_atr"":0.475,""BR1_atr_distance"":{""score"":68.35700989517002},""BR2_compression"":{""score"":24.069352085588655},""BR3_retest"":{""score"":50.0},""BR4_bo_age"":{""score"":50.0},""_score"":50.86},""risk"":{""R1_stop_clarity"":{""score"":73.9943176251592},""R2_stop_distance_pct"":{""value"":9.543080086312749,""score"":61.42299784218128},""R3_stop_distance_atr"":{""value"":0.9008033702361128,""score"":70.04016851180563},""R4_rr_potential"":{""value"":1.9094784925770825,""score"":45.47392462885412},""_score"":63.93},""market"":{""M1_spy_regime"":{""score"":100.0},""M3_earnings_risk"":{""value"":null,""score"":80.0},""M4_vix"":{""value"":null,""score"":60.0},""_score"":84.0},""liquidity"":{""L1_price"":{""value"":68.8195,""score"":100.0},""L2_dollar_vol"":{""value"":524962718.7635132,""score"":100.0},""L3_spread_proxy"":{""value"":0.05158421668277155,""score"":48.41578331722845},""L4_volume_zscore"":{""value"":-1.0955199979649235,""score"":100.0},""_score"":94.84},""pattern_structure"":{""left_shoulder"":69.01,""left_shoulder_idx"":71,""head"":63.2,""head_idx"":79,""right_shoulder"":68.47,""right_shoulder_idx"":89,""left_to_head_bars"":8,""head_to_right_bars"":10,""structural_low"":63.2,""current_price"":69.09,""neckline_distance_pct"":0.046171660153423034,""base_bars"":18},""pattern_geometry_features"":{""head_depth_pct"":0.08059354087867335,""shoulder_price_asymmetry"":0.007855688100087375,""shoulder_time_asymmetry"":0.2,""right_shoulder_reaction"":0.9872881355932198,""atr_pct"":0.10593965788351101},""_schema_version"":""1.0""}",,,,,,,,,,
20260504T200431Z-7bad84,2026-05-04T20:04:31.798741+00:00,LSCC,ascending_triangle,retest_hold,60.56,100.0,42.5,39.9,41.8,74.9,57.5,31.6,84.0,94.3,15.0,11.9,3.19,5.86,8.99,4.6,1.26,5.04,4.72,False,,126.38,126.349,111.4429,139.558,"{""trend"":{""T1_ema_stack"":{""value"":[true,true,true],""score"":100.0},""T2_ema50_slope"":{""value"":0.5622492133995266,""score"":100},""T3_high_proximity"":{""value"":1.0,""score"":99.99999999999997},""T4_rs_1m"":{""value"":0.2351636351952986,""score"":100},""T5_rs_3m"":{""value"":0.4917471279111909,""score"":100},""T6_adr_healthy"":{""value"":4.450831546962316,""score"":100.0},""_score"":100.0},""geometry"":{""sub_flat_top_quality"":33.3,""sub_hl_slope"":58.4,""sub_compression"":0,""sub_duration"":100.0,""_score"":42.51},""compression"":{""VC1_atr_ratio"":{""value"":0.6616565473922894,""score"":84.58586315192764},""VC2_range_contraction"":{""value"":1.0557221350275716,""score"":0},""VC3_range_pct_rank"":{""score"":24.16666666666667},""_score"":39.88},""sr_quality"":{""SR1_touches"":{""value"":2,""score"":25.0},""SR2_tightness"":{""value"":0.634999999999998,""score"":78.90019960553586},""SR3_recency"":{""value"":225,""score"":0.0},""SR4_price_location"":{""score"":30.0},""SR5_reaction"":{""value"":2.525330440912252,""score"":100},""_score"":41.84,""_levels_found"":6,""_target_level"":108.715},""volume"":{""V1_rvol_day"":{""value"":1.5414532229355862,""score"":69.43021486237241},""V2_rvol_sameslot"":{""value"":2.639181491239964,""score"":100,""status"":""ok""},""V3_breakout_bar"":{""value"":1.8648415908657188,""score"":90.98943939104792},""V4_base_dryup"":{""value"":0.8561072378908474,""score"":64.38927621091526},""V5_bo_expansion"":{""value"":1.5414532229355864,""score"":36.096881529039095},""_score"":74.93},""readiness"":{""_distance_atr"":-0.005,""BR1_atr_distance"":{""score"":100.0},""BR2_compression"":{""score"":0},""BR3_retest"":{""score"":50.0},""BR4_bo_age"":{""score"":50.0},""_score"":57.5},""risk"":{""R1_stop_clarity"":{""score"":43.60870669378688},""R2_stop_distance_pct"":{""value"":11.819196075328374,""score"":4.520098116790638},""R3_stop_distance_atr"":{""value"":2.4816521926941046,""score"":100.0},""R4_rr_potential"":{""value"":0.8822328296657314,""score"":0.0},""_score"":31.62},""market"":{""M1_spy_regime"":{""score"":100.0},""M3_earnings_risk"":{""value"":null,""score"":80.0},""M4_vix"":{""value"":null,""score"":60.0},""_score"":84.0},""liquidity"":{""L1_price"":{""value"":126.38,""score"":100.0},""L2_dollar_vol"":{""value"":376947463.19139904,""score"":100.0},""L3_spread_proxy"":{""value"":0.056703592340560244,""score"":43.29640765943976},""L4_volume_zscore"":{""value"":1.298813335806296,""score"":100.0},""_score"":94.33},""pattern_structure"":{""top"":126.349,""top_touches"":2,""low_slope_per_bar"":0.19837161231052003,""lowest_low"":113.14,""structural_low"":113.14,""current_price"":126.23,""neckline_distance_pct"":0.0009427235997781808,""base_bars"":37},""pattern_geometry_features"":{""top_touches"":2.0,""low_slope"":0.19837161231052003,""compression"":-0.2736825368920699,""atr_pct"":0.047626319716049116},""_schema_version"":""1.0""}",,,,,,,,,,
20260504T200431Z-7bad84,2026-05-04T20:04:31.798741+00:00,LRCX,double_bottom,candidate,60.39,92.7,71.9,58.3,38.8,15.9,28.5,70.0,84.0,96.8,13.9,17.98,4.67,5.43,2.06,2.28,4.2,5.04,4.84,False,,258.14,275.84,251.1257,296.73,"{""trend"":{""T1_ema_stack"":{""value"":[true,true,true],""score"":100.0},""T2_ema50_slope"":{""value"":0.46591506211519795,""score"":100},""T3_high_proximity"":{""value"":0.947615726294923,""score"":73.80786314746146},""T4_rs_1m"":{""value"":0.08687112371793959,""score"":100},""T5_rs_3m"":{""value"":0.05434892948423453,""score"":77.17446474211727},""T6_adr_healthy"":{""value"":3.732461715923042,""score"":100.0},""_score"":92.65},""geometry"":{""sub_low_similarity"":80.9,""sub_bounce_quality"":74.2,""sub_separation_fit"":0.0,""sub_right_bottom_reaction"":85.3,""sub_base_context"":100.0,""_score"":71.91},""compression"":{""VC1_atr_ratio"":{""value"":0.5055947720995804,""score"":100},""VC2_range_contraction"":{""value"":1.0133313281643415,""score"":0},""VC3_range_pct_rank"":{""score"":73.33333333333334},""_score"":58.33},""sr_quality"":{""SR1_touches"":{""value"":2,""score"":25.0},""SR2_tightness"":{""value"":1.1699999999999875,""score"":79.65721538575245},""SR3_recency"":{""value"":227,""score"":0.0},""SR4_price_location"":{""score"":17.32244081360458},""SR5_reaction"":{""value"":2.2716109485910003,""score"":100},""_score"":38.78,""_levels_found"":8,""_target_level"":274.67},""volume"":{""V1_rvol_day"":{""value"":0.4970700946640243,""score"":0},""V2_rvol_sameslot"":{""value"":0.5317135224683173,""score"":2.114234831221151,""status"":""ok""},""V3_breakout_bar"":{""value"":0.6254342986323169,""score"":8.362286575487794},""V4_base_dryup"":{""value"":0.8325923833681494,""score"":66.74076166318505},""V5_bo_expansion"":{""value"":0.49707009466402435,""score"":0},""_score"":15.86},""readiness"":{""_distance_atr"":1.539,""BR1_atr_distance"":{""score"":0},""BR2_compression"":{""score"":43.847183181379926},""BR3_retest"":{""score"":50.0},""BR4_bo_age"":{""score"":50.0},""_score"":28.46},""risk"":{""R1_stop_clarity"":{""score"":33.507782853814405},""R2_stop_distance_pct"":{""value"":2.717227086077324,""score"":100.0},""R3_stop_distance_atr"":{""value"":0.6097836623097755,""score"":55.489183115488785},""R4_rr_potential"":{""value"":5.50165734041415,""score"":100.0},""_score"":70.05},""market"":{""M1_spy_regime"":{""score"":100.0},""M3_earnings_risk"":{""value"":null,""score"":80.0},""M4_vix"":{""value"":null,""score"":60.0},""_score"":84.0},""liquidity"":{""L1_price"":{""value"":258.14,""score"":100.0},""L2_dollar_vol"":{""value"":1165639866.3839808,""score"":100.0},""L3_spread_proxy"":{""value"":0.03149453784767954,""score"":68.50546215232046},""L4_volume_zscore"":{""value"":-2.210325927562253,""score"":100.0},""_score"":96.85},""pattern_structure"":{""left_low"":257.4,""left_idx"":26,""right_low"":254.95,""right_idx"":76,""separation_bars"":50,""structural_low"":254.95,""current_price"":257.54,""neckline_distance_pct"":0.07105692319639649,""base_bars"":50},""pattern_geometry_features"":{""low_similarity_pct"":0.009563774763345327,""bounce_pct"":0.08193763483035885,""right_bottom_reaction"":0.8530534351145076,""atr_pct"":0.04456050980088326},""_schema_version"":""1.0""}",,,,,,,,,,
20260504T200431Z-7bad84,2026-05-04T20:04:31.798741+00:00,INTC,high_tight_pullback,candidate,60.35,97.7,78.5,17.1,30.7,10.3,55.5,72.0,84.0,96.1,11.73,27.46,1.71,2.45,1.44,5.0,0.72,5.04,4.8,False,,96.58,100.45,94.757,120.1,"{""trend"":{""T1_ema_stack"":{""value"":[true,true,true],""score"":100.0},""T2_ema50_slope"":{""value"":0.8460477998469359,""score"":100},""T3_high_proximity"":{""value"":0.9694840393495281,""score"":84.74201967476402},""T4_rs_1m"":{""value"":0.8221584209402439,""score"":100},""T5_rs_3m"":{""value"":0.9461365571274052,""score"":100},""T6_adr_healthy"":{""value"":5.453939883788929,""score"":100.0},""_score"":97.71},""geometry"":{""sub_pole_impulse"":81.9,""sub_flag_tightness"":73.3,""sub_flag_shallowness"":65.2,""sub_flag_drift"":83.5,""sub_flag_duration"":100.0,""_score"":78.46},""compression"":{""VC1_atr_ratio"":{""value"":1.241316004238039,""score"":0},""VC2_range_contraction"":{""value"":1.010385380820915,""score"":0},""VC3_range_pct_rank"":{""score"":68.33333333333333},""_score"":17.08},""sr_quality"":{""SR1_touches"":{""value"":2,""score"":25.0},""SR2_tightness"":{""value"":1.1600000000000001,""score"":57.7622304871388},""SR3_recency"":{""value"":255,""score"":0.0},""SR4_price_location"":{""score"":30.0},""SR5_reaction"":{""value"":0.9333272646882884,""score"":46.66636323441442},""_score"":30.66,""_levels_found"":4,""_target_level"":50.33},""volume"":{""V1_rvol_day"":{""value"":0.7432349700907377,""score"":16.215664672715846},""V2_rvol_sameslot"":{""value"":0.7485186715064979,""score"":16.567911433766525,""status"":""ok""},""V3_breakout_bar"":{""value"":0.5121204277242741,""score"":0.8080285149516087},""V4_base_dryup"":{""value"":1.3240890042738211,""score"":17.59109957261788},""V5_bo_expansion"":{""value"":0.7432349700907376,""score"":0},""_score"":10.28},""readiness"":{""_distance_atr"":0.705,""BR1_atr_distance"":{""score"":53.028687352076716},""BR2_compression"":{""score"":67.29703870154684},""BR3_retest"":{""score"":50.0},""BR4_bo_age"":{""score"":50.0},""_score"":55.54},""risk"":{""R1_stop_clarity"":{""score"":47.45767120081153},""R2_stop_distance_pct"":{""value"":1.887554359080548,""score"":97.18885897701371},""R3_stop_distance_atr"":{""value"":0.33189419750838656,""score"":41.59470987541933},""R4_rr_potential"":{""value"":12.901810202962203,""score"":100.0},""_score"":72.01},""market"":{""M1_spy_regime"":{""score"":100.0},""M3_earnings_risk"":{""value"":null,""score"":80.0},""M4_vix"":{""value"":null,""score"":60.0},""_score"":84.0},""liquidity"":{""L1_price"":{""value"":96.58,""score"":100.0},""L2_dollar_vol"":{""value"":10086817670.530115,""score"":100.0},""L3_spread_proxy"":{""value"":0.03924207910540477,""score"":60.75792089459523},""L4_volume_zscore"":{""value"":-0.7128331912407062,""score"":100.0},""_score"":96.08},""pattern_structure"":{""pole_low"":80.8,""pole_low_idx"":30,""peak_price"":100.45,""peak_idx"":49,""pole_gain"":0.24319306930693077,""flag_bars"":10,""flag_low"":96.2,""flag_high"":100.12,""structural_low"":96.2,""current_price"":96.62,""neckline_distance_pct"":0.03963982612295589,""base_bars"":10},""pattern_geometry_features"":{""pole_gain"":0.24319306930693077,""pullback_pct"":0.04230960676953708,""flag_range_pct"":0.03902439024390245,""flag_drift_per_bar"":-0.003293063108836211,""atr_pct"":0.05687217110907316,""pole_atr_multiple"":4.276134787267384},""_schema_version"":""1.0""}",,,,,,,,,,
20260504T200431Z-7bad84,2026-05-04T20:04:31.798741+00:00,WULF,high_tight_pullback,candidate,60.31,100.0,49.4,70.7,53.1,26.4,61.0,73.0,84.0,94.6,12.0,17.29,7.07,4.25,3.7,5.49,0.73,5.04,4.73,False,,22.39,22.625,20.8623,25.68,"{""trend"":{""T1_ema_stack"":{""value"":[true,true,true],""score"":100.0},""T2_ema50_slope"":{""value"":0.6699057708228574,""score"":100},""T3_high_proximity"":{""value"":1.0,""score"":99.99999999999997},""T4_rs_1m"":{""value"":0.40983215432992326,""score"":100},""T5_rs_3m"":{""value"":0.633366285373959,""score"":100},""T6_adr_healthy"":{""value"":6.969064191300648,""score"":100.0},""_score"":100.0},""geometry"":{""sub_pole_impulse"":33.9,""sub_flag_tightness"":42.4,""sub_flag_shallowness"":18.2,""sub_flag_drift"":100,""sub_flag_duration"":100.0,""_score"":49.41},""compression"":{""VC1_atr_ratio"":{""value"":0.5712485926406109,""score"":100},""VC2_range_contraction"":{""value"":0.8481181963893863,""score"":25.313633935102274},""VC3_range_pct_rank"":{""score"":87.5},""_score"":70.73},""sr_quality"":{""SR1_touches"":{""value"":4,""score"":75.0},""SR2_tightness"":{""value"":0.341192760767283,""score"":54.03661665503673},""SR3_recency"":{""value"":233,""score"":0.0},""SR4_price_location"":{""score"":30.0},""SR5_reaction"":{""value"":2.4778924983641897,""score"":100},""_score"":53.11,""_levels_found"":7,""_target_level"":18.05},""volume"":{""V1_rvol_day"":{""value"":0.6136092997282317,""score"":7.57395331521545},""V2_rvol_sameslot"":{""value"":0.7870121873856356,""score"":19.13414582570904,""status"":""ok""},""V3_breakout_bar"":{""value"":0.8423779751133766,""score"":22.825198340891774},""V4_base_dryup"":{""value"":0.7299937032041209,""score"":77.0006296795879},""V5_bo_expansion"":{""value"":0.613609299728232,""score"":0},""_score"":26.45},""readiness"":{""_distance_atr"":0.158,""BR1_atr_distance"":{""score"":89.44741670194888},""BR2_compression"":{""score"":30.939370215604484},""BR3_retest"":{""score"":50.0},""BR4_bo_age"":{""score"":50.0},""_score"":61.01},""risk"":{""R1_stop_clarity"":{""score"":57.201416419691505},""R2_stop_distance_pct"":{""value"":6.8231353282715475,""score"":100.0},""R3_stop_distance_atr"":{""value"":1.0290115853893227,""score"":76.45057926946613},""R4_rr_potential"":{""value"":2.1535641814492377,""score"":57.67820907246188},""_score"":73.02},""market"":{""M1_spy_regime"":{""score"":100.0},""M3_earnings_risk"":{""value"":null,""score"":80.0},""M4_vix"":{""value"":null,""score"":60.0},""_score"":84.0},""liquidity"":{""L1_price"":{""value"":22.39,""score"":100.0},""L2_dollar_vol"":{""value"":479539794.9754851,""score"":100.0},""L3_spread_proxy"":{""value"":0.05403751674854851,""score"":45.96248325145149},""L4_volume_zscore"":{""value"":-1.2713971376971516,""score"":100.0},""_score"":94.6},""pattern_structure"":{""pole_low"":19.57,""pole_low_idx"":37,""peak_price"":22.625,""peak_idx"":49,""pole_gain"":0.15610628513030148,""flag_bars"":10,""flag_low"":21.18,""flag_high"":22.4,""structural_low"":21.18,""current_price"":22.24,""neckline_distance_pct"":0.017311151079136763,""base_bars"":10},""pattern_geometry_features"":{""pole_gain"":0.15610628513030148,""pullback_pct"":0.06386740331491714,""flag_range_pct"":0.053922651933701604,""flag_drift_per_bar"":0.0025889197732723314,""atr_pct"":0.066307662859695,""pole_atr_multiple"":2.354272167013602},""_schema_version"":""1.0""}",,,,,,,,,,
20260504T200431Z-7bad84,2026-05-04T20:04:31.798741+00:00,WULF,inverse_head_shoulders,setup,60.3,100.0,57.9,70.7,53.1,19.2,65.2,36.2,84.0,94.6,12.0,16.21,5.66,7.44,2.69,5.22,2.17,4.2,4.73,False,,22.39,22.07,19.2765,24.57,"{""trend"":{""T1_ema_stack"":{""value"":[true,true,true],""score"":100.0},""T2_ema50_slope"":{""value"":0.6699057708228574,""score"":100},""T3_high_proximity"":{""value"":1.0,""score"":99.99999999999997},""T4_rs_1m"":{""value"":0.40983215432992326,""score"":100},""T5_rs_3m"":{""value"":0.633366285373959,""score"":100},""T6_adr_healthy"":{""value"":6.969064191300648,""score"":100.0},""_score"":100.0},""geometry"":{""sub_head_depth"":81.1,""sub_shoulder_price_sym"":27.1,""sub_shoulder_time_sym"":9.1,""sub_right_shoulder_reaction"":85.8,""sub_base_context"":100.0,""_score"":57.88},""compression"":{""VC1_atr_ratio"":{""value"":0.5712485926406109,""score"":100},""VC2_range_contraction"":{""value"":0.8481181963893863,""score"":25.313633935102274},""VC3_range_pct_rank"":{""score"":87.5},""_score"":70.73},""sr_quality"":{""SR1_touches"":{""value"":4,""score"":75.0},""SR2_tightness"":{""value"":0.341192760767283,""score"":54.03661665503673},""SR3_recency"":{""value"":233,""score"":0.0},""SR4_price_location"":{""score"":30.0},""SR5_reaction"":{""value"":2.4778924983641897,""score"":100},""_score"":53.11,""_levels_found"":7,""_target_level"":18.05},""volume"":{""V1_rvol_day"":{""value"":0.6136092997282317,""score"":7.57395331521545},""V2_rvol_sameslot"":{""value"":0.7870121873856356,""score"":19.13414582570904,""status"":""ok""},""V3_breakout_bar"":{""value"":0.8423779751133766,""score"":22.825198340891774},""V4_base_dryup"":{""value"":1.0930839252438131,""score"":40.69160747561868},""V5_bo_expansion"":{""value"":0.613609299728232,""score"":0},""_score"":19.19},""readiness"":{""_distance_atr"":-0.216,""BR1_atr_distance"":{""score"":100.0},""BR2_compression"":{""score"":30.939370215604484},""BR3_retest"":{""score"":50.0},""BR4_bo_age"":{""score"":50.0},""_score"":65.23},""risk"":{""R1_stop_clarity"":{""score"":60.454755398175614},""R2_stop_distance_pct"":{""value"":13.905984814649397,""score"":0.0},""R3_stop_distance_atr"":{""value"":2.0971912166583278,""score"":100.0},""R4_rr_potential"":{""value"":0.7001654060477589,""score"":0.0},""_score"":36.16},""market"":{""M1_spy_regime"":{""score"":100.0},""M3_earnings_risk"":{""value"":null,""score"":80.0},""M4_vix"":{""value"":null,""score"":60.0},""_score"":84.0},""liquidity"":{""L1_price"":{""value"":22.39,""score"":100.0},""L2_dollar_vol"":{""value"":479539794.9754851,""score"":100.0},""L3_spread_proxy"":{""value"":0.05403751674854851,""score"":45.96248325145149},""L4_volume_zscore"":{""value"":-1.2713971376971516,""score"":100.0},""_score"":94.6},""pattern_structure"":{""left_shoulder"":20.235,""left_shoulder_idx"":71,""head"":19.57,""head_idx"":77,""right_shoulder"":21.45,""right_shoulder_idx"":88,""left_to_head_bars"":6,""head_to_right_bars"":11,""structural_low"":19.57,""current_price"":22.24,""neckline_distance_pct"":-0.007643884892086249,""base_bars"":17},""pattern_geometry_features"":{""head_depth_pct"":0.06105313661988729,""shoulder_price_asymmetry"":0.058294350485786246,""shoulder_time_asymmetry"":0.45454545454545453,""right_shoulder_reaction"":0.8575058225704014,""atr_pct"":0.066307662859695},""_schema_version"":""1.0""}",,,,,,,,,,
20260504T200431Z-7bad84,2026-05-04T20:04:31.798741+00:00,KLAC,double_bottom,candidate,60.05,79.0,79.9,44.9,42.5,23.6,35.2,70.8,84.0,70.6,11.84,19.96,3.59,5.95,3.06,2.82,4.25,5.04,3.53,False,,1707.105,1788.66,1621.31,1931.32,"{""trend"":{""T1_ema_stack"":{""value"":[false,true,true],""score"":66.66666666666666},""T2_ema50_slope"":{""value"":0.5690443930885306,""score"":100},""T3_high_proximity"":{""value"":0.8822248062015504,""score"":41.11240310077518},""T4_rs_1m"":{""value"":0.030562968362378484,""score"":80.56296836237848},""T5_rs_3m"":{""value"":0.17777015787159134,""score"":100},""T6_adr_healthy"":{""value"":3.363500866885282,""score"":100.0},""_score"":78.95},""geometry"":{""sub_low_similarity"":62.9,""sub_bounce_quality"":81.0,""sub_separation_fit"":100.0,""sub_right_bottom_reaction"":65.3,""sub_base_context"":100.0,""_score"":79.86},""compression"":{""VC1_atr_ratio"":{""value"":0.6137248442091884,""score"":96.5687889477029},""VC2_range_contraction"":{""value"":1.0798642410959565,""score"":0},""VC3_range_pct_rank"":{""score"":25.0},""_score"":44.88},""sr_quality"":{""SR1_touches"":{""value"":2,""score"":25.0},""SR2_tightness"":{""value"":6.419499999999971,""score"":83.31515209122658},""SR3_recency"":{""value"":234,""score"":0.0},""SR4_price_location"":{""score"":30.0},""SR5_reaction"":{""value"":3.5806925976477526,""score"":100},""_score"":42.5,""_levels_found"":6,""_target_level"":1686.9305},""volume"":{""V1_rvol_day"":{""value"":0.6417159731496879,""score"":9.447731543312525},""V2_rvol_sameslot"":{""value"":1.0522474499849015,""score"":36.8164966656601,""status"":""ok""},""V3_breakout_bar"":{""value"":0.9641851268344277,""score"":30.945675122295178},""V4_base_dryup"":{""value"":1.1712626327993814,""score"":32.873736720061856},""V5_bo_expansion"":{""value"":0.6417159731496878,""score"":0},""_score"":23.56},""readiness"":{""_distance_atr"":1.06,""BR1_atr_distance"":{""score"":29.3437821637187},""BR2_compression"":{""score"":23.831921745599505},""BR3_retest"":{""score"":50.0},""BR4_bo_age"":{""score"":50.0},""_score"":35.2},""risk"":{""R1_stop_clarity"":{""score"":35.828507692558844},""R2_stop_distance_pct"":{""value"":5.025759985472486,""score"":100.0},""R3_stop_distance_atr"":{""value"":1.1149439413764493,""score"":80.74719706882246},""R4_rr_potential"":{""value"":2.6133807331429564,""score"":80.66903665714781},""_score"":70.79},""market"":{""M1_spy_regime"":{""score"":100.0},""M3_earnings_risk"":{""value"":null,""score"":80.0},""M4_vix"":{""value"":null,""score"":60.0},""_score"":84.0},""liquidity"":{""L1_price"":{""value"":1707.105,""score"":0.0},""L2_dollar_vol"":{""value"":1012021701.6693665,""score"":100.0},""L3_spread_proxy"":{""value"":0.04355326708081819,""score"":56.446732919181805},""L4_volume_zscore"":{""value"":-1.046850041371943,""score"":100.0},""_score"":70.64},""pattern_structure"":{""left_low"":1646.0,""left_idx"":62,""right_low"":1676.79,""right_idx"":76,""separation_bars"":14,""structural_low"":1646.0,""current_price"":1702.43,""neckline_distance_pct"":0.050651128093372424,""base_bars"":14},""pattern_geometry_features"":{""low_similarity_pct"":0.018532618672862242,""bounce_pct"":0.08667071688942897,""right_bottom_reaction"":0.6530845392231568,""atr_pct"":0.04507634688133248},""_schema_version"":""1.0""}",,,,,,,,,,
20260504T200431Z-7bad84,2026-05-04T20:04:31.798741+00:00,CDNS,double_bottom,breakout_confirmed,60.0,88.8,69.4,32.2,53.6,29.3,50.2,25.9,84.0,97.0,13.31,17.34,2.57,7.5,3.81,4.01,1.55,5.04,4.85,False,,349.9,338.55,303.774,368.7,"{""trend"":{""T1_ema_stack"":{""value"":[true,true,false],""score"":66.66666666666666},""T2_ema50_slope"":{""value"":0.2127216077939019,""score"":85.45360129898364},""T3_high_proximity"":{""value"":1.0,""score"":99.99999999999997},""T4_rs_1m"":{""value"":0.1605095983752054,""score"":100},""T5_rs_3m"":{""value"":0.17737485343516113,""score"":100},""T6_adr_healthy"":{""value"":3.869261197941492,""score"":100.0},""_score"":88.76},""geometry"":{""sub_low_similarity"":54.4,""sub_bounce_quality"":96.8,""sub_separation_fit"":0.0,""sub_right_bottom_reaction"":91.3,""sub_base_context"":100.0,""_score"":69.38},""compression"":{""VC1_atr_ratio"":{""value"":0.7950051903731293,""score"":51.24870240671766},""VC2_range_contraction"":{""value"":1.060302827641675,""score"":0},""VC3_range_pct_rank"":{""score"":46.666666666666664},""_score"":32.17},""sr_quality"":{""SR1_touches"":{""value"":4,""score"":75.0},""SR2_tightness"":{""value"":2.870481231431403,""score"":57.26392784786933},""SR3_recency"":{""value"":287,""score"":0.0},""SR4_price_location"":{""score"":30.0},""SR5_reaction"":{""value"":2.3464795442533424,""score"":100},""_score"":53.59,""_levels_found"":5,""_target_level"":326.025},""volume"":{""V1_rvol_day"":{""value"":0.7463556357465688,""score"":16.423709049771254},""V2_rvol_sameslot"":{""value"":1.015314383017756,""score"":34.35429220118373,""status"":""ok""},""V3_breakout_bar"":{""value"":1.0590701010072427,""score"":37.27134006714952},""V4_base_dryup"":{""value"":1.0081816489285056,""score"":49.18183510714944},""V5_bo_expansion"":{""value"":0.7463556357465688,""score"":0},""_score"":29.31},""readiness"":{""_distance_atr"":-0.845,""BR1_atr_distance"":{""score"":43.10198256601027},""BR2_compression"":{""score"":61.76342632354691},""BR3_retest"":{""score"":50.0},""BR4_bo_age"":{""score"":50.0},""_score"":50.18},""risk"":{""R1_stop_clarity"":{""score"":31.127551850540684},""R2_stop_distance_pct"":{""value"":13.182623606744778,""score"":0.0},""R3_stop_distance_atr"":{""value"":3.4336473663445473,""score"":100.0},""R4_rr_potential"":{""value"":0.4075792394744846,""score"":0.0},""_score"":25.89},""market"":{""M1_spy_regime"":{""score"":100.0},""M3_earnings_risk"":{""value"":null,""score"":80.0},""M4_vix"":{""value"":null,""score"":60.0},""_score"":84.0},""liquidity"":{""L1_price"":{""value"":349.9,""score"":100.0},""L2_dollar_vol"":{""value"":677362170.7809812,""score"":100.0},""L3_spread_proxy"":{""value"":0.029722777936553237,""score"":70.27722206344677},""L4_volume_zscore"":{""value"":-0.7661241038898062,""score"":100.0},""_score"":97.03},""pattern_structure"":{""left_low"":308.4,""left_idx"":11,""right_low"":315.51,""right_idx"":57,""separation_bars"":46,""structural_low"":308.4,""current_price"":349.11,""neckline_distance_pct"":-0.03024834579358942,""base_bars"":46},""pattern_geometry_features"":{""low_similarity_pct"":0.02279174880992455,""bounce_pct"":0.09776264591439701,""right_bottom_reaction"":0.9126685393258417,""atr_pct"":0.03839247948393422},""_schema_version"":""1.0""}",,,,,,,,,,
20260504T200431Z-7bad84,2026-05-04T20:04:31.798741+00:00,PANW,breakout_retest_hold,setup,59.79,77.8,58.4,61.0,35.9,25.5,81.1,46.7,84.0,96.6,10.89,12.86,3.66,5.03,3.32,14.6,2.34,4.2,2.9,False,,184.89,184.02,182.3481,185.9802,"{""trend"":{""T1_ema_stack"":{""value"":[true,true,false],""score"":66.66666666666666},""T2_ema50_slope"":{""value"":0.1328695381617227,""score"":72.14492302695379},""T3_high_proximity"":{""value"":1.0,""score"":99.99999999999997},""T4_rs_1m"":{""value"":0.03796285111017794,""score"":87.96285111017795},""T5_rs_3m"":{""value"":0.021428388706912216,""score"":60.71419435345611},""T6_adr_healthy"":{""value"":4.130096874352881,""score"":100.0},""_score"":77.8},""geometry"":{""sub_retest_depth"":44.8,""sub_retest_timing"":0.0,""sub_retest_freshness"":75.0,""sub_hold_quality"":100.0,""_score"":58.44},""compression"":{""VC1_atr_ratio"":{""value"":0.5704267152415804,""score"":100},""VC2_range_contraction"":{""value"":0.8219736857799479,""score"":29.671052370008688},""VC3_range_pct_rank"":{""score"":42.50000000000001},""_score"":61.01},""sr_quality"":{""SR1_touches"":{""value"":2,""score"":25.0},""SR2_tightness"":{""value"":0.5650000000000119,""score"":82.17964762562352},""SR3_recency"":{""value"":288,""score"":0.0},""SR4_price_location"":{""score"":4.342516116035233},""SR5_reaction"":{""value"":2.5066691148061,""score"":100},""_score"":35.91,""_levels_found"":7,""_target_level"":189.955},""volume"":{""V1_rvol_day"":{""value"":0.4977921470930825,""score"":0},""V2_rvol_sameslot"":{""value"":0.5750155443608214,""score"":5.001036290721425,""status"":""ok""},""V3_breakout_bar"":{""value"":0.8441558620783989,""score"":22.943724138559926},""V4_base_dryup"":{""value"":0.5603232896051468,""score"":93.96767103948532},""V5_bo_expansion"":{""value"":0.4977921470930825,""score"":0},""_score"":25.53},""readiness"":{""_distance_atr"":-0.137,""BR1_atr_distance"":{""score"":100.0},""BR2_compression"":{""score"":66.3647923458338},""BR3_retest"":{""score"":100},""BR4_bo_age"":{""score"":30.0},""_score"":81.09},""risk"":{""R1_stop_clarity"":{""score"":41.905651259533606},""R2_stop_distance_pct"":{""value"":1.3748174590296924,""score"":84.37043647574231},""R3_stop_distance_atr"":{""value"":0.40086330708342105,""score"":45.04316535417105},""R4_rr_potential"":{""value"":0.42887772363755833,""score"":0.0},""_score"":46.73},""market"":{""M1_spy_regime"":{""score"":100.0},""M3_earnings_risk"":{""value"":null,""score"":80.0},""M4_vix"":{""value"":null,""score"":60.0},""_score"":84.0},""liquidity"":{""L1_price"":{""value"":184.89,""score"":100.0},""L2_dollar_vol"":{""value"":676040460.1813196,""score"":100.0},""L3_spread_proxy"":{""value"":0.03420952999080544,""score"":65.79047000919456},""L4_volume_zscore"":{""value"":-1.303833942799363,""score"":100.0},""_score"":96.58},""pattern_structure"":{""level"":184.02,""level_idx"":46,""breakout_idx"":53,""bo_peak_idx"":75,""bo_peak_price"":187.27,""retest_idx"":79,""retest_low"":184.19,""structural_low"":184.19,""current_price"":184.76,""neckline_distance_pct"":-0.004005195929854843,""base_bars"":33,""bars_since_breakout"":26},""pattern_geometry_features"":{""retest_depth_atr"":-0.08672742445056822,""bars_breakout_to_retest"":26.0,""bars_since_retest"":0.0,""current_above_level_atr"":0.3775193770201384,""bo_peak_excess_pct"":0.017661123790892293,""atr_pct"":0.03429641562937034},""_schema_version"":""1.0""}",,,,,,,,,,
20260504T200431Z-7bad84,2026-05-04T20:04:31.798741+00:00,ON,double_bottom,forming,59.7,99.8,57.6,25.4,38.2,42.6,47.6,62.1,84.0,96.6,14.97,14.41,2.03,5.35,5.54,3.81,3.73,5.04,4.83,False,,102.78,105.0,95.8799,112.66,"{""trend"":{""T1_ema_stack"":{""value"":[true,true,true],""score"":100.0},""T2_ema50_slope"":{""value"":0.7397194336723115,""score"":100},""T3_high_proximity"":{""value"":0.9975735222750655,""score"":98.78676113753271},""T4_rs_1m"":{""value"":0.5578051325600091,""score"":100},""T5_rs_3m"":{""value"":0.6378483469699283,""score"":100},""T6_adr_healthy"":{""value"":3.7789635971451268,""score"":100.0},""_score"":99.82},""geometry"":{""sub_low_similarity"":16.5,""sub_bounce_quality"":69.6,""sub_separation_fit"":100.0,""sub_right_bottom_reaction"":25.2,""sub_base_context"":100.0,""_score"":57.65},""compression"":{""VC1_atr_ratio"":{""value"":0.9101487581110982,""score"":22.462810472225453},""VC2_range_contraction"":{""value"":0.9329727899840604,""score"":11.171201669323265},""VC3_range_pct_rank"":{""score"":50.0},""_score"":25.4},""sr_quality"":{""SR1_touches"":{""value"":2,""score"":25.0},""SR2_tightness"":{""value"":0.8300000000000054,""score"":63.892578868457804},""SR3_recency"":{""value"":268,""score"":0.0},""SR4_price_location"":{""score"":30.0},""SR5_reaction"":{""value"":1.813527853519465,""score"":90.67639267597325},""_score"":38.19,""_levels_found"":5,""_target_level"":72.93},""volume"":{""V1_rvol_day"":{""value"":1.1077339876230479,""score"":40.51559917486986},""V2_rvol_sameslot"":{""value"":1.9748341100184916,""score"":98.32227400123278,""status"":""ok""},""V3_breakout_bar"":{""value"":1.3240042378588173,""score"":54.93361585725448},""V4_base_dryup"":{""value"":1.5628409334023317,""score"":0},""V5_bo_expansion"":{""value"":1.1077339876230483,""score"":7.182265841536554},""_score"":42.58},""readiness"":{""_distance_atr"":0.483,""BR1_atr_distance"":{""score"":67.80784140079393},""BR2_compression"":{""score"":11.863659110629829},""BR3_retest"":{""score"":50.0},""BR4_bo_age"":{""score"":50.0},""_score"":47.59},""risk"":{""R1_stop_clarity"":{""score"":36.48139085040445},""R2_stop_distance_pct"":{""value"":6.713465654796648,""score"":100.0},""R3_stop_distance_atr"":{""value"":1.5008723888539306,""score"":100.0},""R4_rr_potential"":{""value"":1.4318633063288941,""score"":21.593165316444708},""_score"":62.09},""market"":{""M1_spy_regime"":{""score"":100.0},""M3_earnings_risk"":{""value"":null,""score"":80.0},""M4_vix"":{""value"":null,""score"":60.0},""_score"":84.0},""liquidity"":{""L1_price"":{""value"":102.78,""score"":100.0},""L2_dollar_vol"":{""value"":1220432601.8467515,""score"":100.0},""L3_spread_proxy"":{""value"":0.03415061295971984,""score"":65.84938704028016},""L4_volume_zscore"":{""value"":0.2742171003968271,""score"":100.0},""_score"":96.58},""pattern_structure"":{""left_low"":97.34,""left_idx"":59,""right_low"":101.49,""right_idx"":76,""separation_bars"":17,""structural_low"":97.34,""current_price"":103.04,""neckline_distance_pct"":0.01902173913043472,""base_bars"":17},""pattern_geometry_features"":{""low_similarity_pct"":0.04174420359100731,""bounce_pct"":0.07869324018902811,""right_bottom_reaction"":0.2517985611510852,""atr_pct"":0.04473042281711282},""_schema_version"":""1.0""}",,,,,,,,,,
20260504T200431Z-7bad84,2026-05-04T20:04:31.798741+00:00,NET,double_bottom,setup,59.67,72.2,65.6,82.9,46.6,22.1,52.6,38.3,84.0,97.0,10.84,16.41,6.64,6.52,2.88,4.21,2.3,5.04,4.85,False,,223.13,216.5,199.4428,230.52,"{""trend"":{""T1_ema_stack"":{""value"":[true,true,true],""score"":100.0},""T2_ema50_slope"":{""value"":0.03568988591856722,""score"":55.9483143197612},""T3_high_proximity"":{""value"":0.9895777896043996,""score"":94.78889480219976},""T4_rs_1m"":{""value"":-0.04083085995806224,""score"":9.169140041937766},""T5_rs_3m"":{""value"":0.1906099858088528,""score"":100},""T6_adr_healthy"":{""value"":6.123274001354105,""score"":100.0},""_score"":72.24},""geometry"":{""sub_low_similarity"":65.4,""sub_bounce_quality"":56.1,""sub_separation_fit"":33.3,""sub_right_bottom_reaction"":65.3,""sub_base_context"":100.0,""_score"":65.63},""compression"":{""VC1_atr_ratio"":{""value"":0.41628347439978064,""score"":100},""VC2_range_contraction"":{""value"":0.6139232296289359,""score"":64.34612839517736},""VC3_range_pct_rank"":{""score"":81.66666666666667},""_score"":82.94},""sr_quality"":{""SR1_touches"":{""value"":2,""score"":25.0},""SR2_tightness"":{""value"":2.010000000000005,""score"":58.243000805758626},""SR3_recency"":{""value"":239,""score"":0.0},""SR4_price_location"":{""score"":61.36801541425826},""SR5_reaction"":{""value"":4.15388656163609,""score"":100},""_score"":46.58,""_levels_found"":6,""_target_level"":227.14},""volume"":{""V1_rvol_day"":{""value"":0.5470533713912233,""score"":3.136891426081556},""V2_rvol_sameslot"":{""value"":0.660951884765536,""score"":10.730125651035733,""status"":""ok""},""V3_breakout_bar"":{""value"":0.762021123402676,""score"":17.468074893511734},""V4_base_dryup"":{""value"":0.7510264746172213,""score"":74.89735253827787},""V5_bo_expansion"":{""value"":0.5470533713912233,""score"":0},""_score"":22.12},""readiness"":{""_distance_atr"":-0.689,""BR1_atr_distance"":{""score"":46.22642265383983},""BR2_compression"":{""score"":66.56677688872897},""BR3_retest"":{""score"":50.0},""BR4_bo_age"":{""score"":50.0},""_score"":52.63},""risk"":{""R1_stop_clarity"":{""score"":36.90330450111935},""R2_stop_distance_pct"":{""value"":10.615874154080588,""score"":34.6031461479853},""R3_stop_distance_atr"":{""value"":2.460463659984658,""score"":100.0},""R4_rr_potential"":{""value"":0.31198284305447704,""score"":0.0},""_score"":38.3},""market"":{""M1_spy_regime"":{""score"":100.0},""M3_earnings_risk"":{""value"":null,""score"":80.0},""M4_vix"":{""value"":null,""score"":60.0},""_score"":84.0},""liquidity"":{""L1_price"":{""value"":223.13,""score"":100.0},""L2_dollar_vol"":{""value"":538968631.3113263,""score"":100.0},""L3_spread_proxy"":{""value"":0.029892439385111876,""score"":70.10756061488811},""L4_volume_zscore"":{""value"":-0.6504862888204461,""score"":100.0},""_score"":97.01},""pattern_structure"":{""left_low"":206.01,""left_idx"":27,""right_low"":202.48,""right_idx"":67,""separation_bars"":40,""structural_low"":202.48,""current_price"":223.17,""neckline_distance_pct"":-0.029887529685889626,""base_bars"":40},""pattern_geometry_features"":{""low_similarity_pct"":0.017283164826556348,""bounce_pct"":0.06924140655867252,""right_bottom_reaction"":0.6530612244898019,""atr_pct"":0.04314582786460168},""_schema_version"":""1.0""}",,,,,,,,,,
20260504T200431Z-7bad84,2026-05-04T20:04:31.798741+00:00,ON,breakout_retest_hold,setup,59.66,99.8,49.1,25.4,38.2,45.5,67.5,57.1,84.0,96.6,13.97,10.8,1.52,5.35,5.91,12.14,2.85,4.2,2.9,False,,102.78,101.255,100.4751,102.5482,"{""trend"":{""T1_ema_stack"":{""value"":[true,true,true],""score"":100.0},""T2_ema50_slope"":{""value"":0.7397194336723115,""score"":100},""T3_high_proximity"":{""value"":0.9975735222750655,""score"":98.78676113753271},""T4_rs_1m"":{""value"":0.5578051325600091,""score"":100},""T5_rs_3m"":{""value"":0.6378483469699283,""score"":100},""T6_adr_healthy"":{""value"":3.7789635971451268,""score"":100.0},""_score"":99.82},""geometry"":{""sub_retest_depth"":31.2,""sub_retest_timing"":20.0,""sub_retest_freshness"":100.0,""sub_hold_quality"":52.5,""_score"":49.11},""compression"":{""VC1_atr_ratio"":{""value"":0.9101487581110982,""score"":22.462810472225453},""VC2_range_contraction"":{""value"":0.9329727899840604,""score"":11.171201669323265},""VC3_range_pct_rank"":{""score"":50.0},""_score"":25.4},""sr_quality"":{""SR1_touches"":{""value"":2,""score"":25.0},""SR2_tightness"":{""value"":0.8300000000000054,""score"":63.892578868457804},""SR3_recency"":{""value"":268,""score"":0.0},""SR4_price_location"":{""score"":30.0},""SR5_reaction"":{""value"":1.813527853519465,""score"":90.67639267597325},""_score"":38.19,""_levels_found"":5,""_target_level"":72.93},""volume"":{""V1_rvol_day"":{""value"":1.1077339876230479,""score"":40.51559917486986},""V2_rvol_sameslot"":{""value"":1.9748341100184916,""score"":98.32227400123278,""status"":""ok""},""V3_breakout_bar"":{""value"":1.3240042378588173,""score"":54.93361585725448},""V4_base_dryup"":{""value"":1.3542955047366179,""score"":14.570449526338209},""V5_bo_expansion"":{""value"":1.1077339876230483,""score"":7.182265841536554},""_score"":45.49},""readiness"":{""_distance_atr"":-0.332,""BR1_atr_distance"":{""score"":100.0},""BR2_compression"":{""score"":11.863659110629829},""BR3_retest"":{""score"":100},""BR4_bo_age"":{""score"":30.0},""_score"":67.47},""risk"":{""R1_stop_clarity"":{""score"":55.848889510359236},""R2_stop_distance_pct"":{""value"":2.2425569176882694,""score"":100.0},""R3_stop_distance_atr"":{""value"":0.5013493672656095,""score"":50.067468363280476},""R4_rr_potential"":{""value"":-0.10056215639972248,""score"":0.0},""_score"":57.06},""market"":{""M1_spy_regime"":{""score"":100.0},""M3_earnings_risk"":{""value"":null,""score"":80.0},""M4_vix"":{""value"":null,""score"":60.0},""_score"":84.0},""liquidity"":{""L1_price"":{""value"":102.78,""score"":100.0},""L2_dollar_vol"":{""value"":1220432601.8467515,""score"":100.0},""L3_spread_proxy"":{""value"":0.03415061295971984,""score"":65.84938704028016},""L4_volume_zscore"":{""value"":0.2742171003968271,""score"":100.0},""_score"":96.58},""pattern_structure"":{""level"":101.255,""level_idx"":57,""breakout_idx"":64,""bo_peak_idx"":74,""bo_peak_price"":105.0,""retest_idx"":76,""retest_low"":101.49,""structural_low"":101.49,""current_price"":103.04,""neckline_distance_pct"":-0.017323369565217496,""base_bars"":22,""bars_since_breakout"":15},""pattern_geometry_features"":{""retest_depth_atr"":-0.1817177575255451,""bars_breakout_to_retest"":12.0,""bars_since_retest"":3.0,""current_above_level_atr"":1.3802816901408541,""bo_peak_excess_pct"":0.03698582786035262,""atr_pct"":0.04473042281711282},""_schema_version"":""1.0""}",,,,,,,,,,
20260504T200431Z-7bad84,2026-05-04T20:04:31.798741+00:00,NXPI,double_bottom,forming,59.39,97.5,68.3,6.0,46.9,17.9,59.2,62.5,84.0,96.1,14.62,17.07,0.48,6.56,2.33,4.74,3.75,5.04,4.8,False,,291.96,299.8,275.5734,319.83,"{""trend"":{""T1_ema_stack"":{""value"":[true,true,true],""score"":100.0},""T2_ema50_slope"":{""value"":0.2483705920178051,""score"":91.3950986696342},""T3_high_proximity"":{""value"":0.9888903942555208,""score"":94.4451971277604},""T4_rs_1m"":{""value"":0.4058217622754716,""score"":100},""T5_rs_3m"":{""value"":0.23090220882244505,""score"":100},""T6_adr_healthy"":{""value"":3.3797214028088107,""score"":100.0},""_score"":97.45},""geometry"":{""sub_low_similarity"":40.0,""sub_bounce_quality"":59.4,""sub_separation_fit"":100.0,""sub_right_bottom_reaction"":62.7,""sub_base_context"":100.0,""_score"":68.28},""compression"":{""VC1_atr_ratio"":{""value"":1.27238187148687,""score"":0},""VC2_range_contraction"":{""value"":1.2071306225476266,""score"":0},""VC3_range_pct_rank"":{""score"":24.16666666666667},""_score"":6.04},""sr_quality"":{""SR1_touches"":{""value"":3,""score"":50.0},""SR2_tightness"":{""value"":1.755227114142836,""score"":72.74037026145147},""SR3_recency"":{""value"":287,""score"":0.0},""SR4_price_location"":{""score"":30.0},""SR5_reaction"":{""value"":1.7914481066327068,""score"":89.57240533163534},""_score"":46.85,""_levels_found"":5,""_target_level"":244.4267},""volume"":{""V1_rvol_day"":{""value"":0.4859497677749102,""score"":0},""V2_rvol_sameslot"":{""value"":0.9608873081850405,""score"":30.725820545669368,""status"":""ok""},""V3_breakout_bar"":{""value"":1.0436939666451133,""score"":36.246264443007554},""V4_base_dryup"":{""value"":1.364416091368513,""score"":13.558390863148702},""V5_bo_expansion"":{""value"":0.4859497677749102,""score"":0},""_score"":17.92},""readiness"":{""_distance_atr"":0.609,""BR1_atr_distance"":{""score"":59.41351493714644},""BR2_compression"":{""score"":71.91420848596935},""BR3_retest"":{""score"":50.0},""BR4_bo_age"":{""score"":50.0},""_score"":59.24},""risk"":{""R1_stop_clarity"":{""score"":34.82530080719994},""R2_stop_distance_pct"":{""value"":5.612601041238526,""score"":100.0},""R3_stop_distance_atr"":{""value"":1.272460076798534,""score"":88.6230038399267},""R4_rr_potential"":{""value"":1.7007850950932357,""score"":35.03925475466178},""_score"":62.49},""market"":{""M1_spy_regime"":{""score"":100.0},""M3_earnings_risk"":{""value"":null,""score"":80.0},""M4_vix"":{""value"":null,""score"":60.0},""_score"":84.0},""liquidity"":{""L1_price"":{""value"":291.96,""score"":100.0},""L2_dollar_vol"":{""value"":499664797.05187327,""score"":100.0},""L3_spread_proxy"":{""value"":0.039440334292368776,""score"":60.559665707631225},""L4_volume_zscore"":{""value"":-0.9205299148215027,""score"":100.0},""_score"":96.06},""pattern_structure"":{""left_low"":279.77,""left_idx"":62,""right_low"":288.285,""right_idx"":76,""separation_bars"":14,""structural_low"":279.77,""current_price"":291.13,""neckline_distance_pct"":0.02978051042489615,""base_bars"":14},""pattern_geometry_features"":{""low_similarity_pct"":0.029979491422485648,""bounce_pct"":0.07159452407334607,""right_bottom_reaction"":0.6269284712482351,""atr_pct"":0.044108268255925474},""_schema_version"":""1.0""}",,,,,,,,,,
20260504T200431Z-7bad84,2026-05-04T20:04:31.798741+00:00,APP,bull_flag,forming,59.37,56.0,58.1,71.6,63.5,30.7,55.6,73.1,84.0,95.5,7.84,17.42,6.45,6.35,4.3,5.0,2.19,5.04,4.77,False,,474.46,483.55,458.7638,536.85,"{""trend"":{""T1_ema_stack"":{""value"":[true,false,false],""score"":33.33333333333333},""T2_ema50_slope"":{""value"":0.004057651886888288,""score"":50.67627531448138},""T3_high_proximity"":{""value"":0.9173095141426444,""score"":58.65475707132217},""T4_rs_1m"":{""value"":0.13312174511996488,""score"":100},""T5_rs_3m"":{""value"":-0.05023749309394998,""score"":24.88125345302501},""T6_adr_healthy"":{""value"":5.560970692952063,""score"":100.0},""_score"":56.0},""geometry"":{""sub_pole_impulse"":36.9,""sub_flag_tightness"":55.5,""sub_flag_shallowness"":40.6,""sub_flag_drift"":100,""sub_flag_duration"":100.0,""_score"":58.06},""compression"":{""VC1_atr_ratio"":{""value"":0.4333064064352187,""score"":100},""VC2_range_contraction"":{""value"":0.7398826623402701,""score"":43.35288960995498},""VC3_range_pct_rank"":{""score"":65.83333333333333},""_score"":71.63},""sr_quality"":{""SR1_touches"":{""value"":4,""score"":75.0},""SR2_tightness"":{""value"":7.3639166718533735,""score"":37.916426621670055},""SR3_recency"":{""value"":230,""score"":0.0},""SR4_price_location"":{""score"":81.31590456290391},""SR5_reaction"":{""value"":4.482646590968284,""score"":100},""_score"":63.52,""_levels_found"":6,""_target_level"":484.0725},""volume"":{""V1_rvol_day"":{""value"":0.8208906083123189,""score"":21.392707220821258},""V2_rvol_sameslot"":{""value"":0.7532536784324158,""score"":16.88357856216105,""status"":""ok""},""V3_breakout_bar"":{""value"":0.9209510007059232,""score"":28.063400047061542},""V4_base_dryup"":{""value"":0.6965115222269039,""score"":80.3488477773096},""V5_bo_expansion"":{""value"":0.8208906083123185,""score"":0},""_score"":30.74},""readiness"":{""_distance_atr"":0.383,""BR1_atr_distance"":{""score"":74.45473167080318},""BR2_compression"":{""score"":33.15821029564117},""BR3_retest"":{""score"":50.0},""BR4_bo_age"":{""score"":50.0},""_score"":55.57},""risk"":{""R1_stop_clarity"":{""score"":41.1004518597854},""R2_stop_distance_pct"":{""value"":3.308234624625883,""score"":100.0},""R3_stop_distance_atr"":{""value"":0.6616582805481076,""score"":58.08291402740537},""R4_rr_potential"":{""value"":3.9748347535239428,""score"":100.0},""_score"":73.1},""market"":{""M1_spy_regime"":{""score"":100.0},""M3_earnings_risk"":{""value"":null,""score"":80.0},""M4_vix"":{""value"":null,""score"":60.0},""_score"":84.0},""liquidity"":{""L1_price"":{""value"":474.46,""score"":100.0},""L2_dollar_vol"":{""value"":1517609243.8965962,""score"":100.0},""L3_spread_proxy"":{""value"":0.045420056485267486,""score"":54.57994351473251},""L4_volume_zscore"":{""value"":-0.5834551787448343,""score"":100.0},""_score"":95.46},""pattern_structure"":{""pole_low"":430.25,""pole_low_idx"":36,""peak_price"":483.55,""peak_idx"":54,""pole_gain"":0.12388146426496226,""flag_bars"":5,""flag_low"":465.75,""flag_high"":481.74,""structural_low"":465.75,""current_price"":476.76,""neckline_distance_pct"":0.01424196660793695,""base_bars"":5},""pattern_geometry_features"":{""pole_gain"":0.12388146426496226,""pullback_pct"":0.03681108468617519,""flag_range_pct"":0.0330679350635922,""flag_drift_per_bar"":0.003548955449282598,""atr_pct"":0.049999141881597736,""pole_atr_multiple"":2.4776718080147098},""_schema_version"":""1.0""}",,,,,,,,,,
20260504T200431Z-7bad84,2026-05-04T20:04:31.798741+00:00,WULF,breakout_retest_hold,extended,59.37,100.0,54.5,70.7,53.1,18.6,49.6,66.0,84.0,94.6,14.0,12.0,4.24,7.44,2.42,8.93,3.3,4.2,2.84,False,,22.39,21.24,20.9682,21.7182,"{""trend"":{""T1_ema_stack"":{""value"":[true,true,true],""score"":100.0},""T2_ema50_slope"":{""value"":0.6699057708228574,""score"":100},""T3_high_proximity"":{""value"":1.0,""score"":99.99999999999997},""T4_rs_1m"":{""value"":0.40983215432992326,""score"":100},""T5_rs_3m"":{""value"":0.633366285373959,""score"":100},""T6_adr_healthy"":{""value"":6.969064191300648,""score"":100.0},""_score"":100.0},""geometry"":{""sub_retest_depth"":75.1,""sub_retest_timing"":60.0,""sub_retest_freshness"":100.0,""sub_hold_quality"":0.0,""_score"":54.53},""compression"":{""VC1_atr_ratio"":{""value"":0.5712485926406109,""score"":100},""VC2_range_contraction"":{""value"":0.8481181963893863,""score"":25.313633935102274},""VC3_range_pct_rank"":{""score"":87.5},""_score"":70.73},""sr_quality"":{""SR1_touches"":{""value"":4,""score"":75.0},""SR2_tightness"":{""value"":0.341192760767283,""score"":54.03661665503673},""SR3_recency"":{""value"":233,""score"":0.0},""SR4_price_location"":{""score"":30.0},""SR5_reaction"":{""value"":2.4778924983641897,""score"":100},""_score"":53.11,""_levels_found"":7,""_target_level"":18.05},""volume"":{""V1_rvol_day"":{""value"":0.6136092997282317,""score"":7.57395331521545},""V2_rvol_sameslot"":{""value"":0.7870121873856356,""score"":19.13414582570904,""status"":""ok""},""V3_breakout_bar"":{""value"":0.8423779751133766,""score"":22.825198340891774},""V4_base_dryup"":{""value"":1.1201387913267602,""score"":37.98612086732398},""V5_bo_expansion"":{""value"":0.613609299728232,""score"":0},""_score"":18.65},""readiness"":{""_distance_atr"":-0.775,""BR1_atr_distance"":{""score"":44.50790962626532},""BR2_compression"":{""score"":30.939370215604484},""BR3_retest"":{""score"":97.9792925599477},""BR4_bo_age"":{""score"":30.0},""_score"":49.63},""risk"":{""R1_stop_clarity"":{""score"":71.46761094646084},""R2_stop_distance_pct"":{""value"":6.350156319785623,""score"":100.0},""R3_stop_distance_atr"":{""value"":0.957680612755476,""score"":72.8840306377738},""R4_rr_potential"":{""value"":-0.4724644816429895,""score"":0.0},""_score"":65.95},""market"":{""M1_spy_regime"":{""score"":100.0},""M3_earnings_risk"":{""value"":null,""score"":80.0},""M4_vix"":{""value"":null,""score"":60.0},""_score"":84.0},""liquidity"":{""L1_price"":{""value"":22.39,""score"":100.0},""L2_dollar_vol"":{""value"":479539794.9754851,""score"":100.0},""L3_spread_proxy"":{""value"":0.05403751674854851,""score"":45.96248325145149},""L4_volume_zscore"":{""value"":-1.2713971376971516,""score"":100.0},""_score"":94.6},""pattern_structure"":{""level"":21.24,""level_idx"":56,""breakout_idx"":63,""bo_peak_idx"":69,""bo_peak_price"":22.625,""retest_idx"":73,""retest_low"":21.18,""structural_low"":21.18,""current_price"":22.24,""neckline_distance_pct"":-0.04496402877697842,""base_bars"":23,""bars_since_breakout"":16},""pattern_geometry_features"":{""retest_depth_atr"":0.12545739675901452,""bars_breakout_to_retest"":10.0,""bars_since_retest"":6.0,""current_above_level_atr"":2.0909566126502868,""bo_peak_excess_pct"":0.06520715630885131,""atr_pct"":0.066307662859695},""_schema_version"":""1.0""}",,,,,,,,,,
20260504T200431Z-7bad84,2026-05-04T20:04:31.798741+00:00,MRVL,double_bottom,forming,59.36,99.4,64.7,52.1,39.2,2.9,51.9,69.7,84.0,97.2,14.91,16.18,4.16,5.5,0.37,4.15,4.18,5.04,4.86,False,,164.21,170.84,156.1324,183.17,"{""trend"":{""T1_ema_stack"":{""value"":[true,true,true],""score"":100.0},""T2_ema50_slope"":{""value"":1.0406345435581987,""score"":100},""T3_high_proximity"":{""value"":0.9918458564870742,""score"":95.9229282435371},""T4_rs_1m"":{""value"":0.4382246696116707,""score"":100},""T5_rs_3m"":{""value"":1.055035835154207,""score"":100},""T6_adr_healthy"":{""value"":4.7890855518384265,""score"":100.0},""_score"":99.39},""geometry"":{""sub_low_similarity"":53.2,""sub_bounce_quality"":68.3,""sub_separation_fit"":46.7,""sub_right_bottom_reaction"":54.1,""sub_base_context"":100.0,""_score"":64.74},""compression"":{""VC1_atr_ratio"":{""value"":0.6898454022171259,""score"":77.53864944571853},""VC2_range_contraction"":{""value"":1.0562866271611633,""score"":0},""VC3_range_pct_rank"":{""score"":84.16666666666667},""_score"":52.06},""sr_quality"":{""SR1_touches"":{""value"":2,""score"":25.0},""SR2_tightness"":{""value"":1.0587499999999963,""score"":74.92599171107173},""SR3_recency"":{""value"":247,""score"":0.0},""SR4_price_location"":{""score"":30.0},""SR5_reaction"":{""value"":1.7349023090586135,""score"":86.74511545293068},""_score"":39.25,""_levels_found"":4,""_target_level"":101.7113},""volume"":{""V1_rvol_day"":{""value"":0.3829024896584714,""score"":0},""V2_rvol_sameslot"":{""value"":0.39265129744811805,""score"":0,""status"":""ok""},""V3_breakout_bar"":{""value"":0.5729649852670504,""score"":4.864332351136694},""V4_base_dryup"":{""value"":1.4185237565669293,""score"":8.147624343307072},""V5_bo_expansion"":{""value"":0.38290248965847135,""score"":0},""_score"":2.85},""readiness"":{""_distance_atr"":0.785,""BR1_atr_distance"":{""score"":47.66133806986389},""BR2_compression"":{""score"":61.25013786311616},""BR3_retest"":{""score"":50.0},""BR4_bo_age"":{""score"":50.0},""_score"":51.88},""risk"":{""R1_stop_clarity"":{""score"":43.690941385435465},""R2_stop_distance_pct"":{""value"":4.919097497107366,""score"":100.0},""R3_stop_distance_atr"":{""value"":0.9565008880994673,""score"":72.82504440497337},""R4_rr_potential"":{""value"":2.3472173218696026,""score"":67.36086609348013},""_score"":69.69},""market"":{""M1_spy_regime"":{""score"":100.0},""M3_earnings_risk"":{""value"":null,""score"":80.0},""M4_vix"":{""value"":null,""score"":60.0},""_score"":84.0},""liquidity"":{""L1_price"":{""value"":164.21,""score"":100.0},""L2_dollar_vol"":{""value"":1745604272.2628577,""score"":100.0},""L3_spread_proxy"":{""value"":0.027769319773460824,""score"":72.23068022653918},""L4_volume_zscore"":{""value"":-2.0388882524723217,""score"":100.0},""_score"":97.22},""pattern_structure"":{""left_low"":158.51,""left_idx"":38,""right_low"":162.26,""right_idx"":76,""separation_bars"":38,""structural_low"":158.51,""current_price"":164.175,""neckline_distance_pct"":0.04059692401400939,""base_bars"":38},""pattern_geometry_features"":{""low_similarity_pct"":0.023381238893911527,""bounce_pct"":0.07778689041700848,""right_bottom_reaction"":0.5413223140495842,""atr_pct"":0.05142804944887646},""_schema_version"":""1.0""}",,,,,,,,,,
20260504T200431Z-7bad84,2026-05-04T20:04:31.798741+00:00,AMD,double_bottom,forming,59.28,96.6,74.1,2.7,39.9,21.1,44.6,74.2,84.0,93.3,14.49,18.52,0.22,5.59,2.74,3.57,4.45,5.04,4.66,False,,344.35,362.79,323.8779,396.77,"{""trend"":{""T1_ema_stack"":{""value"":[true,true,true],""score"":100.0},""T2_ema50_slope"":{""value"":0.7529057477609222,""score"":100},""T3_high_proximity"":{""value"":0.9550951350751651,""score"":77.54756753758252},""T4_rs_1m"":{""value"":0.4883462440592523,""score"":100},""T5_rs_3m"":{""value"":0.3657057364120182,""score"":100},""T6_adr_healthy"":{""value"":4.432119261654983,""score"":100.0},""_score"":96.63},""geometry"":{""sub_low_similarity"":40.7,""sub_bounce_quality"":100,""sub_separation_fit"":86.7,""sub_right_bottom_reaction"":59.1,""sub_base_context"":100.0,""_score"":74.08},""compression"":{""VC1_atr_ratio"":{""value"":1.289667299391449,""score"":0},""VC2_range_contraction"":{""value"":1.228339880788061,""score"":0},""VC3_range_pct_rank"":{""score"":10.833333333333329},""_score"":2.71},""sr_quality"":{""SR1_touches"":{""value"":2,""score"":25.0},""SR2_tightness"":{""value"":3.2150999999999783,""score"":65.97649193091222},""SR3_recency"":{""value"":286,""score"":0.0},""SR4_price_location"":{""score"":30.0},""SR5_reaction"":{""value"":2.704329717676404,""score"":100},""_score"":39.9,""_levels_found"":3,""_target_level"":263.7449},""volume"":{""V1_rvol_day"":{""value"":0.9269067817621811,""score"":28.46045211747874},""V2_rvol_sameslot"":{""value"":0.8344588738759932,""score"":22.297258258399545,""status"":""ok""},""V3_breakout_bar"":{""value"":0.5707132389275953,""score"":4.714215928506352},""V4_base_dryup"":{""value"":1.0129684514352622,""score"":48.70315485647379},""V5_bo_expansion"":{""value"":0.9269067817621811,""score"":0},""_score"":21.07},""readiness"":{""_distance_atr"":0.976,""BR1_atr_distance"":{""score"":34.953449991811254},""BR2_compression"":{""score"":52.54153811755779},""BR3_retest"":{""score"":50.0},""BR4_bo_age"":{""score"":50.0},""_score"":44.62},""risk"":{""R1_stop_clarity"":{""score"":47.80596394421581},""R2_stop_distance_pct"":{""value"":5.945157543197328,""score"":100.0},""R3_stop_distance_atr"":{""value"":1.0832234778336292,""score"":79.16117389168146},""R4_rr_potential"":{""value"":2.5605517739954045,""score"":78.02758869977022},""_score"":74.21},""market"":{""M1_spy_regime"":{""score"":100.0},""M3_earnings_risk"":{""value"":null,""score"":80.0},""M4_vix"":{""value"":null,""score"":60.0},""_score"":84.0},""liquidity"":{""L1_price"":{""value"":344.35,""score"":100.0},""L2_dollar_vol"":{""value"":12766608776.919155,""score"":100.0},""L3_spread_proxy"":{""value"":0.06722811093364318,""score"":32.77188906635682},""L4_volume_zscore"":{""value"":-0.2068889116537369,""score"":100.0},""_score"":93.28},""pattern_structure"":{""left_low"":328.81,""left_idx"":44,""right_low"":338.7,""right_idx"":76,""separation_bars"":32,""structural_low"":328.81,""current_price"":342.435,""neckline_distance_pct"":0.059441937886022214,""base_bars"":32},""pattern_geometry_features"":{""low_similarity_pct"":0.029632514868691066,""bounce_pct"":0.10334235576776868,""right_bottom_reaction"":0.5912500000000023,""atr_pct"":0.054883942832251245},""_schema_version"":""1.0""}",,,,,,,,,,
20260504T200431Z-7bad84,2026-05-04T20:04:31.798741+00:00,ATI,double_bottom,forming,59.1,65.1,62.3,60.8,44.4,34.4,49.0,72.8,84.0,97.9,9.76,15.57,4.87,6.21,4.47,3.92,4.37,5.04,4.89,False,,153.59,161.39,145.8194,174.74,"{""trend"":{""T1_ema_stack"":{""value"":[false,true,true],""score"":66.66666666666666},""T2_ema50_slope"":{""value"":0.25972521940757193,""score"":93.28753656792867},""T3_high_proximity"":{""value"":0.9229059007330851,""score"":61.452950366542524},""T4_rs_1m"":{""value"":-0.04740573468778564,""score"":2.594265312214361},""T5_rs_3m"":{""value"":0.2287559764191378,""score"":100},""T6_adr_healthy"":{""value"":4.0195136095995325,""score"":100.0},""_score"":65.06},""geometry"":{""sub_low_similarity"":42.3,""sub_bounce_quality"":86.0,""sub_separation_fit"":0.0,""sub_right_bottom_reaction"":82.6,""sub_base_context"":100.0,""_score"":62.28},""compression"":{""VC1_atr_ratio"":{""value"":0.4160798873383686,""score"":100},""VC2_range_contraction"":{""value"":1.486607546097183,""score"":0},""VC3_range_pct_rank"":{""score"":83.33333333333334},""_score"":60.83},""sr_quality"":{""SR1_touches"":{""value"":4,""score"":75.0},""SR2_tightness"":{""value"":2.0580389189408037,""score"":44.36105373449718},""SR3_recency"":{""value"":230,""score"":0.0},""SR4_price_location"":{""score"":0.9190130063358167},""SR5_reaction"":{""value"":2.4418864783812264,""score"":100},""_score"":44.38,""_levels_found"":6,""_target_level"":165.6434},""volume"":{""V1_rvol_day"":{""value"":0.4976618420396778,""score"":0},""V2_rvol_sameslot"":{""value"":1.068484715055729,""score"":37.89898100371527,""status"":""ok""},""V3_breakout_bar"":{""value"":1.6186265429578173,""score"":74.57510286385448},""V4_base_dryup"":{""value"":1.093732403061446,""score"":40.626759693855405},""V5_bo_expansion"":{""value"":0.4976618420396778,""score"":0},""_score"":34.35},""readiness"":{""_distance_atr"":1.054,""BR1_atr_distance"":{""score"":29.709171697900246},""BR2_compression"":{""score"":78.44113817751125},""BR3_retest"":{""score"":50.0},""BR4_bo_age"":{""score"":50.0},""_score"":48.99},""risk"":{""R1_stop_clarity"":{""score"":39.96622564321447},""R2_stop_distance_pct"":{""value"":5.059313757406082,""score"":100.0},""R3_stop_distance_atr"":{""value"":1.050388289239034,""score"":77.5194144619517},""R4_rr_potential"":{""value"":2.7217975445911478,""score"":86.08987722955739},""_score"":72.83},""market"":{""M1_spy_regime"":{""score"":100.0},""M3_earnings_risk"":{""value"":null,""score"":80.0},""M4_vix"":{""value"":null,""score"":60.0},""_score"":84.0},""liquidity"":{""L1_price"":{""value"":153.59,""score"":100.0},""L2_dollar_vol"":{""value"":130898381.82821007,""score"":100.0},""L3_spread_proxy"":{""value"":0.021094472296373498,""score"":78.9055277036265},""L4_volume_zscore"":{""value"":-1.3231701042738275,""score"":100.0},""_score"":97.89},""pattern_structure"":{""left_low"":148.04,""left_idx"":26,""right_low"":152.37,""right_idx"":74,""separation_bars"":48,""structural_low"":148.04,""current_price"":153.48,""neckline_distance_pct"":0.051537659629919186,""base_bars"":48},""pattern_geometry_features"":{""low_similarity_pct"":0.028827269398488817,""bounce_pct"":0.09017833018103212,""right_bottom_reaction"":0.8258075601374563,""atr_pct"":0.04816612874722129},""_schema_version"":""1.0""}",,,,,,,,,,
20260504T200431Z-7bad84,2026-05-04T20:04:31.798741+00:00,MKSI,vcp,absent,59.05,100.0,35.0,51.2,52.1,47.0,62.0,52.8,84.0,95.5,15.0,8.75,6.15,6.25,6.1,4.34,2.64,5.04,4.78,False,,290.12,294.05,257.3116,379.63,"{""trend"":{""T1_ema_stack"":{""value"":[true,true,true],""score"":100.0},""T2_ema50_slope"":{""value"":0.4853037880233643,""score"":100},""T3_high_proximity"":{""value"":1.0,""score"":99.99999999999997},""T4_rs_1m"":{""value"":0.14146979478708444,""score"":100},""T5_rs_3m"":{""value"":0.20955523887418437,""score"":100},""T6_adr_healthy"":{""value"":4.444092531108425,""score"":100.0},""_score"":100.0},""geometry"":{""sub_contraction_count"":100.0,""sub_reduction_rate"":0,""sub_pivot_tightness"":0,""sub_volume_dryup"":0,""sub_base_depth"":0.0,""sub_base_duration"":100.0,""_score"":35.0},""compression"":{""VC1_atr_ratio"":{""value"":0.4635681104027942,""score"":100},""VC2_range_contraction"":{""value"":1.2138640958117515,""score"":0},""VC3_range_pct_rank"":{""score"":44.99999999999999},""_score"":51.25},""sr_quality"":{""SR1_touches"":{""value"":4,""score"":75.0},""SR2_tightness"":{""value"":3.5844531922596055,""score"":48.68225009164311},""SR3_recency"":{""value"":224,""score"":0.0},""SR4_price_location"":{""score"":30.0},""SR5_reaction"":{""value"":1.968912182027357,""score"":98.44560910136785},""_score"":52.07,""_levels_found"":4,""_target_level"":264.9688},""volume"":{""V1_rvol_day"":{""value"":1.3763564692034431,""score"":58.42376461356288},""V2_rvol_sameslot"":{""value"":1.451642462938648,""score"":63.44283086257653,""status"":""ok""},""V3_breakout_bar"":{""value"":0.9563788270848131,""score"":30.425255138987545},""V4_base_dryup"":{""value"":0.9390160171551034,""score"":56.09839828448966},""V5_bo_expansion"":{""value"":1.3763564692034431,""score"":25.09043128022954},""_score"":46.96},""readiness"":{""_distance_atr"":0.281,""BR1_atr_distance"":{""score"":81.24504665729256},""BR2_compression"":{""score"":47.87543443544344},""BR3_retest"":{""score"":50.0},""BR4_bo_age"":{""score"":50.0},""_score"":61.97},""risk"":{""R1_stop_clarity"":{""score"":43.90049852997559},""R2_stop_distance_pct"":{""value"":11.308579208603334,""score"":17.28551978491666},""R3_stop_distance_atr"":{""value"":2.348553240444842,""score"":100.0},""R4_rr_potential"":{""value"":2.728260554826577,""score"":86.41302774132885},""_score"":52.83},""market"":{""M1_spy_regime"":{""score"":100.0},""M3_earnings_risk"":{""value"":null,""score"":80.0},""M4_vix"":{""value"":null,""score"":60.0},""_score"":84.0},""liquidity"":{""L1_price"":{""value"":290.12,""score"":100.0},""L2_dollar_vol"":{""value"":432071746.0452095,""score"":100.0},""L3_spread_proxy"":{""value"":0.044946918516475816,""score"":55.05308148352418},""L4_volume_zscore"":{""value"":1.2434541734029871,""score"":100.0},""_score"":95.51},""pattern_structure"":{""n_contractions"":4,""contractions_pct"":[13.57,10.27,15.9,11.16],""descending_strict"":false,""final_low"":261.23,""final_pivot"":294.05,""structural_low"":261.23,""dry_up_ratio"":1.244338156483869,""current_price"":290.12,""neckline_distance_pct"":0.013546118847373523,""base_bars"":62,""recent_base_height"":85.58000000000001},""pattern_geometry_features"":{""contraction_count"":4.0,""first_contraction_pct"":0.13574147990317834,""last_contraction_pct"":0.11161367114436317,""dry_up_ratio"":1.244338156483869,""near_monotone"":0.0,""base_depth_pct"":-0.060402297707447934},""_schema_version"":""1.0""}",,,,,,,,,,
20260504T200431Z-7bad84,2026-05-04T20:04:31.798741+00:00,ORCL,double_bottom,forming,58.93,86.2,56.1,34.4,63.3,15.8,62.0,59.2,84.0,94.9,12.93,14.04,2.75,8.87,2.05,4.96,3.55,5.04,4.74,False,,180.925,181.89,168.6714,192.54,"{""trend"":{""T1_ema_stack"":{""value"":[true,true,false],""score"":66.66666666666666},""T2_ema50_slope"":{""value"":0.21917502612404952,""score"":86.52917102067492},""T3_high_proximity"":{""value"":0.9649333333333334,""score"":82.46666666666668},""T4_rs_1m"":{""value"":0.14112320781128807,""score"":100},""T5_rs_3m"":{""value"":0.09780103231409454,""score"":98.90051615704726},""T6_adr_healthy"":{""value"":4.600339081464839,""score"":100.0},""_score"":86.18},""geometry"":{""sub_low_similarity"":54.5,""sub_bounce_quality"":46.0,""sub_separation_fit"":26.7,""sub_right_bottom_reaction"":43.9,""sub_base_context"":100.0,""_score"":56.14},""compression"":{""VC1_atr_ratio"":{""value"":0.721874639062681,""score"":69.53134023432975},""VC2_range_contraction"":{""value"":0.9951133564876113,""score"":0.8144405853981093},""VC3_range_pct_rank"":{""score"":25.0},""_score"":34.35},""sr_quality"":{""SR1_touches"":{""value"":4,""score"":75.0},""SR2_tightness"":{""value"":1.5378292330424757,""score"":66.71820682761455},""SR3_recency"":{""value"":229,""score"":0.0},""SR4_price_location"":{""score"":63.33062550771737},""SR5_reaction"":{""value"":2.7014701915399644,""score"":100},""_score"":63.34,""_levels_found"":6,""_target_level"":186.5675},""volume"":{""V1_rvol_day"":{""value"":0.903018164477532,""score"":26.86787763183547},""V2_rvol_sameslot"":{""value"":0.7358951870157731,""score"":15.726345801051536,""status"":""ok""},""V3_breakout_bar"":{""value"":0.4833357452945087,""score"":0},""V4_base_dryup"":{""value"":1.1361255384786388,""score"":36.387446152136114},""V5_bo_expansion"":{""value"":0.903018164477532,""score"":0},""_score"":15.8},""readiness"":{""_distance_atr"":0.104,""BR1_atr_distance"":{""score"":93.03847056589626},""BR2_compression"":{""score"":29.03811585546442},""BR3_retest"":{""score"":50.0},""BR4_bo_age"":{""score"":50.0},""_score"":61.97},""risk"":{""R1_stop_clarity"":{""score"":44.41020361314191},""R2_stop_distance_pct"":{""value"":6.772751139975131,""score"":100.0},""R3_stop_distance_atr"":{""value"":1.3259657576228367,""score"":91.29828788114183},""R4_rr_potential"":{""value"":0.9478847032708712,""score"":0.0},""_score"":59.24},""market"":{""M1_spy_regime"":{""score"":100.0},""M3_earnings_risk"":{""value"":null,""score"":80.0},""M4_vix"":{""value"":null,""score"":60.0},""_score"":84.0},""liquidity"":{""L1_price"":{""value"":180.925,""score"":100.0},""L2_dollar_vol"":{""value"":5395145832.366485,""score"":100.0},""L3_spread_proxy"":{""value"":0.05107088572612966,""score"":48.92911427387034},""L4_volume_zscore"":{""value"":-0.2791913566601381,""score"":100.0},""_score"":94.89},""pattern_structure"":{""left_low"":175.18,""left_idx"":32,""right_low"":171.24,""right_idx"":73,""separation_bars"":41,""structural_low"":171.24,""current_price"":181.28,""neckline_distance_pct"":0.003364960282435929,""base_bars"":41},""pattern_geometry_features"":{""low_similarity_pct"":0.022746954563824244,""bounce_pct"":0.062193412754029294,""right_bottom_reaction"":0.4390243902438996,""atr_pct"":0.051077873625614396},""_schema_version"":""1.0""}",,,,,,,,,,
20260504T200431Z-7bad84,2026-05-04T20:04:31.798741+00:00,AMD,breakout_retest_hold,setup,58.91,96.6,60.2,2.7,39.9,18.7,77.6,59.8,84.0,93.3,13.53,13.24,0.16,5.59,2.43,13.98,2.99,4.2,2.8,False,,344.35,337.808,335.313,343.2984,"{""trend"":{""T1_ema_stack"":{""value"":[true,true,true],""score"":100.0},""T2_ema50_slope"":{""value"":0.7529057477609222,""score"":100},""T3_high_proximity"":{""value"":0.9550951350751651,""score"":77.54756753758252},""T4_rs_1m"":{""value"":0.4883462440592523,""score"":100},""T5_rs_3m"":{""value"":0.3657057364120182,""score"":100},""T6_adr_healthy"":{""value"":4.432119261654983,""score"":100.0},""_score"":96.63},""geometry"":{""sub_retest_depth"":33.9,""sub_retest_timing"":0.0,""sub_retest_freshness"":100.0,""sub_hold_quality"":100.0,""_score"":60.17},""compression"":{""VC1_atr_ratio"":{""value"":1.289667299391449,""score"":0},""VC2_range_contraction"":{""value"":1.228339880788061,""score"":0},""VC3_range_pct_rank"":{""score"":10.833333333333329},""_score"":2.71},""sr_quality"":{""SR1_touches"":{""value"":2,""score"":25.0},""SR2_tightness"":{""value"":3.2150999999999783,""score"":65.97649193091222},""SR3_recency"":{""value"":286,""score"":0.0},""SR4_price_location"":{""score"":30.0},""SR5_reaction"":{""value"":2.704329717676404,""score"":100},""_score"":39.9,""_levels_found"":3,""_target_level"":263.7449},""volume"":{""V1_rvol_day"":{""value"":0.9269067817621811,""score"":28.46045211747874},""V2_rvol_sameslot"":{""value"":0.8344588738759932,""score"":22.297258258399545,""status"":""ok""},""V3_breakout_bar"":{""value"":0.5707132389275953,""score"":4.714215928506352},""V4_base_dryup"":{""value"":1.1299925196014342,""score"":37.00074803985658},""V5_bo_expansion"":{""value"":0.9269067817621811,""score"":0},""_score"":18.73},""readiness"":{""_distance_atr"":-0.346,""BR1_atr_distance"":{""score"":100.0},""BR2_compression"":{""score"":52.54153811755779},""BR3_retest"":{""score"":100},""BR4_bo_age"":{""score"":30.0},""_score"":77.64},""risk"":{""R1_stop_clarity"":{""score"":64.15737556219057},""R2_stop_distance_pct"":{""value"":2.6243647451720733,""score"":100.0},""R3_stop_distance_atr"":{""value"":0.4781662194338428,""score"":48.90831097169214},""R4_rr_potential"":{""value"":-0.11637000268736675,""score"":0.0},""_score"":59.79},""market"":{""M1_spy_regime"":{""score"":100.0},""M3_earnings_risk"":{""value"":null,""score"":80.0},""M4_vix"":{""value"":null,""score"":60.0},""_score"":84.0},""liquidity"":{""L1_price"":{""value"":344.35,""score"":100.0},""L2_dollar_vol"":{""value"":12766608776.919155,""score"":100.0},""L3_spread_proxy"":{""value"":0.06722811093364318,""score"":32.77188906635682},""L4_volume_zscore"":{""value"":-0.2068889116537369,""score"":100.0},""_score"":93.28},""pattern_structure"":{""level"":337.808,""level_idx"":49,""breakout_idx"":61,""bo_peak_idx"":72,""bo_peak_price"":362.79,""retest_idx"":76,""retest_low"":338.7,""structural_low"":338.7,""current_price"":342.435,""neckline_distance_pct"":-0.013512053382393767,""base_bars"":30,""bars_since_breakout"":18},""pattern_geometry_features"":{""retest_depth_atr"":-0.16246645096409082,""bars_breakout_to_retest"":15.0,""bars_since_retest"":3.0,""current_above_level_atr"":0.8427491800570103,""bo_peak_excess_pct"":0.07395325155117709,""atr_pct"":0.054883942832251245},""_schema_version"":""1.0""}",,,,,,,,,,
20260504T200431Z-7bad84,2026-05-04T20:04:31.798741+00:00,ATI,bull_flag,forming,58.83,65.1,58.7,60.8,44.4,33.7,60.1,70.7,84.0,97.9,9.11,17.62,5.47,4.44,4.72,5.41,2.12,5.04,4.89,False,,153.59,158.31,150.0845,174.27,"{""trend"":{""T1_ema_stack"":{""value"":[false,true,true],""score"":66.66666666666666},""T2_ema50_slope"":{""value"":0.25972521940757193,""score"":93.28753656792867},""T3_high_proximity"":{""value"":0.9229059007330851,""score"":61.452950366542524},""T4_rs_1m"":{""value"":-0.04740573468778564,""score"":2.594265312214361},""T5_rs_3m"":{""value"":0.2287559764191378,""score"":100},""T6_adr_healthy"":{""value"":4.0195136095995325,""score"":100.0},""_score"":65.06},""geometry"":{""sub_pole_impulse"":33.2,""sub_flag_tightness"":69.6,""sub_flag_shallowness"":33.1,""sub_flag_drift"":98.4,""sub_flag_duration"":100.0,""_score"":58.74},""compression"":{""VC1_atr_ratio"":{""value"":0.4160798873383686,""score"":100},""VC2_range_contraction"":{""value"":1.486607546097183,""score"":0},""VC3_range_pct_rank"":{""score"":83.33333333333334},""_score"":60.83},""sr_quality"":{""SR1_touches"":{""value"":4,""score"":75.0},""SR2_tightness"":{""value"":2.0580389189408037,""score"":44.36105373449718},""SR3_recency"":{""value"":230,""score"":0.0},""SR4_price_location"":{""score"":0.9190130063358167},""SR5_reaction"":{""value"":2.4418864783812264,""score"":100},""_score"":44.38,""_levels_found"":6,""_target_level"":165.6434},""volume"":{""V1_rvol_day"":{""value"":0.4976618420396778,""score"":0},""V2_rvol_sameslot"":{""value"":1.068484715055729,""score"":37.89898100371527,""status"":""ok""},""V3_breakout_bar"":{""value"":1.6186265429578173,""score"":74.57510286385448},""V4_base_dryup"":{""value"":1.1257685051699522,""score"":37.42314948300478},""V5_bo_expansion"":{""value"":0.4976618420396778,""score"":0},""_score"":33.71},""readiness"":{""_distance_atr"":0.638,""BR1_atr_distance"":{""score"":57.46503723257545},""BR2_compression"":{""score"":78.44113817751125},""BR3_retest"":{""score"":50.0},""BR4_bo_age"":{""score"":50.0},""_score"":60.1},""risk"":{""R1_stop_clarity"":{""score"":38.21030668235981},""R2_stop_distance_pct"":{""value"":2.28240770883521,""score"":100.0},""R3_stop_distance_atr"":{""value"":0.4738615637585121,""score"":48.69307818792561},""R4_rr_potential"":{""value"":5.899216955969822,""score"":100.0},""_score"":70.68},""market"":{""M1_spy_regime"":{""score"":100.0},""M3_earnings_risk"":{""value"":null,""score"":80.0},""M4_vix"":{""value"":null,""score"":60.0},""_score"":84.0},""liquidity"":{""L1_price"":{""value"":153.59,""score"":100.0},""L2_dollar_vol"":{""value"":130898381.82821007,""score"":100.0},""L3_spread_proxy"":{""value"":0.021094472296373498,""score"":78.9055277036265},""L4_volume_zscore"":{""value"":-1.3231701042738275,""score"":100.0},""_score"":97.89},""pattern_structure"":{""pole_low"":142.35,""pole_low_idx"":39,""peak_price"":158.31,""peak_idx"":48,""pole_gain"":0.1121180189673341,""flag_bars"":11,""flag_low"":152.37,""flag_high"":155.6099,""structural_low"":152.37,""current_price"":153.48,""neckline_distance_pct"":0.031469898358092344,""base_bars"":11},""pattern_geometry_features"":{""pole_gain"":0.1121180189673341,""pullback_pct"":0.0375213189312109,""flag_range_pct"":0.02046554229044284,""flag_drift_per_bar"":-0.00032398061932848815,""atr_pct"":0.04816612874722129,""pole_atr_multiple"":2.3277357322141485},""_schema_version"":""1.0""}",,,,,,,,,,
20260504T200431Z-7bad84,2026-05-04T20:04:31.798741+00:00,AMD,inverse_head_shoulders,setup,58.34,96.6,78.5,2.7,39.9,15.6,70.6,37.8,84.0,93.3,11.6,21.98,0.22,5.59,2.18,5.65,2.27,4.2,4.66,False,,344.35,337.808,305.35,365.616,"{""trend"":{""T1_ema_stack"":{""value"":[true,true,true],""score"":100.0},""T2_ema50_slope"":{""value"":0.7529057477609222,""score"":100},""T3_high_proximity"":{""value"":0.9550951350751651,""score"":77.54756753758252},""T4_rs_1m"":{""value"":0.4883462440592523,""score"":100},""T5_rs_3m"":{""value"":0.3657057364120182,""score"":100},""T6_adr_healthy"":{""value"":4.432119261654983,""score"":100.0},""_score"":96.63},""geometry"":{""sub_head_depth"":62.7,""sub_shoulder_price_sym"":61.6,""sub_shoulder_time_sym"":100,""sub_right_shoulder_reaction"":87.4,""sub_base_context"":100.0,""_score"":78.5},""compression"":{""VC1_atr_ratio"":{""value"":1.289667299391449,""score"":0},""VC2_range_contraction"":{""value"":1.228339880788061,""score"":0},""VC3_range_pct_rank"":{""score"":10.833333333333329},""_score"":2.71},""sr_quality"":{""SR1_touches"":{""value"":2,""score"":25.0},""SR2_tightness"":{""value"":3.2150999999999783,""score"":65.97649193091222},""SR3_recency"":{""value"":286,""score"":0.0},""SR4_price_location"":{""score"":30.0},""SR5_reaction"":{""value"":2.704329717676404,""score"":100},""_score"":39.9,""_levels_found"":3,""_target_level"":263.7449},""volume"":{""V1_rvol_day"":{""value"":0.9269067817621811,""score"":28.46045211747874},""V2_rvol_sameslot"":{""value"":0.8344588738759932,""score"":22.297258258399545,""status"":""ok""},""V3_breakout_bar"":{""value"":0.5707132389275953,""score"":4.714215928506352},""V4_base_dryup"":{""value"":1.2886143442720892,""score"":21.13856557279108},""V5_bo_expansion"":{""value"":0.9269067817621811,""score"":0},""_score"":15.56},""readiness"":{""_distance_atr"":-0.346,""BR1_atr_distance"":{""score"":100.0},""BR2_compression"":{""score"":52.54153811755779},""BR3_retest"":{""score"":50.0},""BR4_bo_age"":{""score"":50.0},""_score"":70.64},""risk"":{""R1_stop_clarity"":{""score"":50.791791072981084},""R2_stop_distance_pct"":{""value"":11.325686075214172,""score"":16.857848119645702},""R3_stop_distance_atr"":{""value"":2.0635700517782225,""score"":100.0},""R4_rr_potential"":{""value"":0.5452820512820503,""score"":0.0},""_score"":37.83},""market"":{""M1_spy_regime"":{""score"":100.0},""M3_earnings_risk"":{""value"":null,""score"":80.0},""M4_vix"":{""value"":null,""score"":60.0},""_score"":84.0},""liquidity"":{""L1_price"":{""value"":344.35,""score"":100.0},""L2_dollar_vol"":{""value"":12766608776.919155,""score"":100.0},""L3_spread_proxy"":{""value"":0.06722811093364318,""score"":32.77188906635682},""L4_volume_zscore"":{""value"":-0.2068889116537369,""score"":100.0},""_score"":93.28},""pattern_structure"":{""left_shoulder"":328.81,""left_shoulder_idx"":64,""head"":310.0,""head_idx"":70,""right_shoulder"":318.86,""right_shoulder_idx"":76,""left_to_head_bars"":6,""head_to_right_bars"":6,""structural_low"":310.0,""current_price"":342.435,""neckline_distance_pct"":-0.013512053382393767,""base_bars"":12},""pattern_geometry_features"":{""head_depth_pct"":0.042722374048512465,""shoulder_price_asymmetry"":0.030725523800700937,""shoulder_time_asymmetry"":0.0,""right_shoulder_reaction"":0.8740416210295691,""atr_pct"":0.054883942832251245},""_schema_version"":""1.0""}",,,,,,,,,,
20260504T200431Z-7bad84,2026-05-04T20:04:31.798741+00:00,INTC,breakout_retest_hold,setup,57.91,97.7,59.8,17.1,30.7,10.4,81.3,53.7,84.0,96.1,13.68,13.15,1.02,4.29,1.35,14.64,2.69,4.2,2.88,False,,96.58,95.69,95.238,97.8011,"{""trend"":{""T1_ema_stack"":{""value"":[true,true,true],""score"":100.0},""T2_ema50_slope"":{""value"":0.8460477998469359,""score"":100},""T3_high_proximity"":{""value"":0.9694840393495281,""score"":84.74201967476402},""T4_rs_1m"":{""value"":0.8221584209402439,""score"":100},""T5_rs_3m"":{""value"":0.9461365571274052,""score"":100},""T6_adr_healthy"":{""value"":5.453939883788929,""score"":100.0},""_score"":97.71},""geometry"":{""sub_retest_depth"":22.6,""sub_retest_timing"":40.0,""sub_retest_freshness"":75.0,""sub_hold_quality"":100.0,""_score"":59.78},""compression"":{""VC1_atr_ratio"":{""value"":1.241316004238039,""score"":0},""VC2_range_contraction"":{""value"":1.010385380820915,""score"":0},""VC3_range_pct_rank"":{""score"":68.33333333333333},""_score"":17.08},""sr_quality"":{""SR1_touches"":{""value"":2,""score"":25.0},""SR2_tightness"":{""value"":1.1600000000000001,""score"":57.7622304871388},""SR3_recency"":{""value"":255,""score"":0.0},""SR4_price_location"":{""score"":30.0},""SR5_reaction"":{""value"":0.9333272646882884,""score"":46.66636323441442},""_score"":30.66,""_levels_found"":4,""_target_level"":50.33},""volume"":{""V1_rvol_day"":{""value"":0.7432349700907377,""score"":16.215664672715846},""V2_rvol_sameslot"":{""value"":0.7485186715064979,""score"":16.567911433766525,""status"":""ok""},""V3_breakout_bar"":{""value"":0.5121204277242741,""score"":0.8080285149516087},""V4_base_dryup"":{""value"":1.3175320093458673,""score"":18.24679906541327},""V5_bo_expansion"":{""value"":0.7432349700907376,""score"":0},""_score"":10.41},""readiness"":{""_distance_atr"":-0.162,""BR1_atr_distance"":{""score"":100.0},""BR2_compression"":{""score"":67.29703870154684},""BR3_retest"":{""score"":100},""BR4_bo_age"":{""score"":30.0},""_score"":81.32},""risk"":{""R1_stop_clarity"":{""score"":64.97178080054086},""R2_stop_distance_pct"":{""value"":1.3895216400911148,""score"":84.73804100227787},""R3_stop_distance_atr"":{""value"":0.24432364950973995,""score"":37.21618247548699},""R4_rr_potential"":{""value"":0.909926548860971,""score"":0.0},""_score"":53.74},""market"":{""M1_spy_regime"":{""score"":100.0},""M3_earnings_risk"":{""value"":null,""score"":80.0},""M4_vix"":{""value"":null,""score"":60.0},""_score"":84.0},""liquidity"":{""L1_price"":{""value"":96.58,""score"":100.0},""L2_dollar_vol"":{""value"":10086817670.530115,""score"":100.0},""L3_spread_proxy"":{""value"":0.03924207910540477,""score"":60.75792089459523},""L4_volume_zscore"":{""value"":-0.7128331912407062,""score"":100.0},""_score"":96.08},""pattern_structure"":{""level"":95.69,""level_idx"":62,""breakout_idx"":68,""bo_peak_idx"":69,""bo_peak_price"":100.45,""retest_idx"":79,""retest_low"":96.2,""structural_low"":96.2,""current_price"":96.62,""neckline_distance_pct"":-0.009625336369281793,""base_bars"":17,""bars_since_breakout"":11},""pattern_geometry_features"":{""retest_depth_atr"":-0.24157776672520295,""bars_breakout_to_retest"":11.0,""bars_since_retest"":0.0,""current_above_level_atr"":0.44052416285183954,""bo_peak_excess_pct"":0.049743964886613076,""atr_pct"":0.05687217110907316},""_schema_version"":""1.0""}",,,,,,,,,,
20260504T200431Z-7bad84,2026-05-04T20:04:31.798741+00:00,OKLO,double_bottom,forming,57.62,62.2,80.0,21.5,60.7,6.7,36.6,75.0,84.0,94.8,9.33,19.99,1.72,8.5,0.87,2.92,4.5,5.04,4.74,False,,68.8195,76.19,67.8862,83.46,"{""trend"":{""T1_ema_stack"":{""value"":[true,true,false],""score"":66.66666666666666},""T2_ema50_slope"":{""value"":0.1627600736062237,""score"":77.12667893437062},""T3_high_proximity"":{""value"":0.8823012820512821,""score"":41.150641025641036},""T4_rs_1m"":{""value"":0.33499488005706457,""score"":100},""T5_rs_3m"":{""value"":-0.09776279930799858,""score"":1.1186003460007115},""T6_adr_healthy"":{""value"":8.966261204009268,""score"":75.84346989976831},""_score"":62.22},""geometry"":{""sub_low_similarity"":60.4,""sub_bounce_quality"":100,""sub_separation_fit"":86.7,""sub_right_bottom_reaction"":58.9,""sub_base_context"":100.0,""_score"":79.96},""compression"":{""VC1_atr_ratio"":{""value"":1.006794126861724,""score"":0},""VC2_range_contraction"":{""value"":1.130015732231724,""score"":0},""VC3_range_pct_rank"":{""score"":85.83333333333334},""_score"":21.46},""sr_quality"":{""SR1_touches"":{""value"":3,""score"":50.0},""SR2_tightness"":{""value"":0.3904698025029146,""score"":89.28857208770295},""SR3_recency"":{""value"":267,""score"":0.0},""SR4_price_location"":{""score"":69.39836845683206},""SR5_reaction"":{""value"":2.319845857418112,""score"":100},""_score"":60.74,""_levels_found"":7,""_target_level"":70.32},""volume"":{""V1_rvol_day"":{""value"":0.5013347381428578,""score"":0.08898254285718554},""V2_rvol_sameslot"":{""value"":0.6750027886223181,""score"":11.666852574821206,""status"":""ok""},""V3_breakout_bar"":{""value"":0.7255255232213729,""score"":15.035034881424858},""V4_base_dryup"":{""value"":1.4705779177874014,""score"":2.942208221259861},""V5_bo_expansion"":{""value"":0.5013347381428578,""score"":0},""_score"":6.7},""readiness"":{""_distance_atr"":1.011,""BR1_atr_distance"":{""score"":32.60376865549793},""BR2_compression"":{""score"":24.069352085588655},""BR3_retest"":{""score"":50.0},""BR4_bo_age"":{""score"":50.0},""_score"":36.56},""risk"":{""R1_stop_clarity"":{""score"":71.6406387773097},""R2_stop_distance_pct"":{""value"":1.3561563219727004,""score"":83.90390804931751},""R3_stop_distance_atr"":{""value"":0.12801214852552206,""score"":31.400607426276107},""R4_rr_potential"":{""value"":15.686810243222915,""score"":100.0},""_score"":74.96},""market"":{""M1_spy_regime"":{""score"":100.0},""M3_earnings_risk"":{""value"":null,""score"":80.0},""M4_vix"":{""value"":null,""score"":60.0},""_score"":84.0},""liquidity"":{""L1_price"":{""value"":68.8195,""score"":100.0},""L2_dollar_vol"":{""value"":524962718.7635132,""score"":100.0},""L3_spread_proxy"":{""value"":0.05158421668277155,""score"":48.41578331722845},""L4_volume_zscore"":{""value"":-1.0955199979649235,""score"":100.0},""_score"":94.84},""pattern_structure"":{""left_low"":70.3,""left_idx"":44,""right_low"":68.92,""right_idx"":76,""separation_bars"":32,""structural_low"":68.92,""current_price"":69.09,""neckline_distance_pct"":0.1027645100593428,""base_bars"":32},""pattern_geometry_features"":{""low_similarity_pct"":0.019824737825025075,""bounce_pct"":0.10548461984910035,""right_bottom_reaction"":0.5885714285714292,""atr_pct"":0.10593965788351101},""_schema_version"":""1.0""}",,,,,,,,,,
20260504T200431Z-7bad84,2026-05-04T20:04:31.798741+00:00,LRCX,bull_flag,forming,57.46,92.7,53.8,58.3,38.8,15.0,57.0,70.0,84.0,96.8,12.97,16.15,5.25,3.88,2.1,5.13,2.1,5.04,4.84,False,,258.14,263.08,251.1257,284.56,"{""trend"":{""T1_ema_stack"":{""value"":[true,true,true],""score"":100.0},""T2_ema50_slope"":{""value"":0.46591506211519795,""score"":100},""T3_high_proximity"":{""value"":0.947615726294923,""score"":73.80786314746146},""T4_rs_1m"":{""value"":0.08687112371793959,""score"":100},""T5_rs_3m"":{""value"":0.05434892948423453,""score"":77.17446474211727},""T6_adr_healthy"":{""value"":3.732461715923042,""score"":100.0},""_score"":92.65},""geometry"":{""sub_pole_impulse"":24.9,""sub_flag_tightness"":61.0,""sub_flag_shallowness"":30.5,""sub_flag_drift"":100,""sub_flag_duration"":100.0,""_score"":53.82},""compression"":{""VC1_atr_ratio"":{""value"":0.5055947720995804,""score"":100},""VC2_range_contraction"":{""value"":1.0133313281643415,""score"":0},""VC3_range_pct_rank"":{""score"":73.33333333333334},""_score"":58.33},""sr_quality"":{""SR1_touches"":{""value"":2,""score"":25.0},""SR2_tightness"":{""value"":1.1699999999999875,""score"":79.65721538575245},""SR3_recency"":{""value"":227,""score"":0.0},""SR4_price_location"":{""score"":17.32244081360458},""SR5_reaction"":{""value"":2.2716109485910003,""score"":100},""_score"":38.78,""_levels_found"":8,""_target_level"":274.67},""volume"":{""V1_rvol_day"":{""value"":0.4970700946640243,""score"":0},""V2_rvol_sameslot"":{""value"":0.5317135224683173,""score"":2.114234831221151,""status"":""ok""},""V3_breakout_bar"":{""value"":0.6254342986323169,""score"":8.362286575487794},""V4_base_dryup"":{""value"":0.8763765570277977,""score"":62.36234429722023},""V5_bo_expansion"":{""value"":0.49707009466402435,""score"":0},""_score"":14.99},""readiness"":{""_distance_atr"":0.429,""BR1_atr_distance"":{""score"":71.36941424661427},""BR2_compression"":{""score"":43.847183181379926},""BR3_retest"":{""score"":50.0},""BR4_bo_age"":{""score"":50.0},""_score"":57.01},""risk"":{""R1_stop_clarity"":{""score"":33.507782853814405},""R2_stop_distance_pct"":{""value"":2.717227086077324,""score"":100.0},""R3_stop_distance_atr"":{""value"":0.6097836623097755,""score"":55.489183115488785},""R4_rr_potential"":{""value"":3.766617956303232,""score"":100.0},""_score"":70.05},""market"":{""M1_spy_regime"":{""score"":100.0},""M3_earnings_risk"":{""value"":null,""score"":80.0},""M4_vix"":{""value"":null,""score"":60.0},""_score"":84.0},""liquidity"":{""L1_price"":{""value"":258.14,""score"":100.0},""L2_dollar_vol"":{""value"":1165639866.3839808,""score"":100.0},""L3_spread_proxy"":{""value"":0.03149453784767954,""score"":68.50546215232046},""L4_volume_zscore"":{""value"":-2.210325927562253,""score"":100.0},""_score"":96.85},""pattern_structure"":{""pole_low"":241.6,""pole_low_idx"":41,""peak_price"":263.08,""peak_idx"":54,""pole_gain"":0.08890728476821189,""flag_bars"":5,""flag_low"":254.95,""flag_high"":260.43,""structural_low"":254.95,""current_price"":257.54,""neckline_distance_pct"":0.02151122155781612,""base_bars"":5},""pattern_geometry_features"":{""pole_gain"":0.08890728476821189,""pullback_pct"":0.03090314733161014,""flag_range_pct"":0.020830165729055872,""flag_drift_per_bar"":0.0011512774714607615,""atr_pct"":0.04456050980088326,""pole_atr_multiple"":1.9952034921837811},""_schema_version"":""1.0""}",,,,,,,,,,
20260504T200431Z-7bad84,2026-05-04T20:04:31.798741+00:00,ZETA,cup_with_handle,forming,57.3,71.6,57.6,60.6,45.2,30.4,60.1,40.6,84.0,94.9,10.03,17.27,4.85,5.42,3.95,4.81,2.03,4.2,4.75,False,,18.71,18.77,16.3844,23.055,"{""trend"":{""T1_ema_stack"":{""value"":[true,true,false],""score"":66.66666666666666},""T2_ema50_slope"":{""value"":0.0364579515432854,""score"":56.076325257214236},""T3_high_proximity"":{""value"":0.9806079664570232,""score"":90.30398322851157},""T4_rs_1m"":{""value"":0.09005502234901819,""score"":100},""T5_rs_3m"":{""value"":-0.030950337956315188,""score"":34.5248310218424},""T6_adr_healthy"":{""value"":5.28906265160348,""score"":100.0},""_score"":71.61},""geometry"":{""sub_cup_depth"":100.0,""sub_cup_duration"":28.0,""sub_rim_symmetry"":87.1,""sub_handle_shallowness"":5.2,""sub_handle_proportion"":100.0,""sub_u_shape"":32.7,""_score"":57.56},""compression"":{""VC1_atr_ratio"":{""value"":0.4025352721532229,""score"":100},""VC2_range_contraction"":{""value"":0.8499129799017132,""score"":25.014503349714467},""VC3_range_pct_rank"":{""score"":47.5},""_score"":60.63},""sr_quality"":{""SR1_touches"":{""value"":3,""score"":50.0},""SR2_tightness"":{""value"":0.05099019513592815,""score"":89.43693150585233},""SR3_recency"":{""value"":262,""score"":0.0},""SR4_price_location"":{""score"":7.1207430340558115},""SR5_reaction"":{""value"":3.433657388911085,""score"":100},""_score"":45.2,""_levels_found"":6,""_target_level"":19.46},""volume"":{""V1_rvol_day"":{""value"":1.2048580861196638,""score"":46.99053907464425},""V2_rvol_sameslot"":{""value"":1.4818523641851933,""score"":65.45682427901288,""status"":""ok""},""V3_breakout_bar"":{""value"":0.645211875500454,""score"":9.680791700030266},""V4_base_dryup"":{""value"":1.3286298658469906,""score"":17.13701341530094},""V5_bo_expansion"":{""value"":1.2048580861196638,""score"":13.657205741310921},""_score"":30.39},""readiness"":{""_distance_atr"":0.062,""BR1_atr_distance"":{""score"":95.8568236634558},""BR2_compression"":{""score"":16.958264721695834},""BR3_retest"":{""score"":50.0},""BR4_bo_age"":{""score"":50.0},""_score"":60.08},""risk"":{""R1_stop_clarity"":{""score"":48.31211435166666},""R2_stop_distance_pct"":{""value"":12.429762159273123,""score"":0.0},""R3_stop_distance_atr"":{""value"":2.4088515263165706,""score"":100.0},""R4_rr_potential"":{""value"":1.8683282246345403,""score"":43.41641123172701},""_score"":40.59},""market"":{""M1_spy_regime"":{""score"":100.0},""M3_earnings_risk"":{""value"":null,""score"":80.0},""M4_vix"":{""value"":null,""score"":60.0},""_score"":84.0},""liquidity"":{""L1_price"":{""value"":18.71,""score"":100.0},""L2_dollar_vol"":{""value"":188068346.51491463,""score"":100.0},""L3_spread_proxy"":{""value"":0.05077498663816137,""score"":49.22501336183863},""L4_volume_zscore"":{""value"":0.39246843020597777,""score"":100.0},""_score"":94.92},""pattern_structure"":{""left_rim"":18.65,""left_rim_idx"":72,""cup_bottom"":14.365,""cup_bottom_idx"":154,""right_rim"":18.77,""right_rim_idx"":170,""handle_low"":16.6339,""handle_bars"":9,""cup_bars"":98,""structural_low"":16.6339,""current_price"":18.71,""neckline_distance_pct"":0.0032068412613574944,""base_bars"":107},""pattern_geometry_features"":{""cup_depth_pct"":0.22975871313672916,""rim_symmetry_pct"":0.006434316353887453,""handle_depth_pct"":0.11380394246137449,""handle_to_cup_ratio"":0.09183673469387756,""cup_duration_bars"":98.0,""atr_pct"":0.05160036649614413,""u_shape_score"":0.16326530612244897},""_schema_version"":""1.0""}",,,,,,,,,,
20260504T200431Z-7bad84,2026-05-04T20:04:31.798741+00:00,AMPX,double_bottom,forming,57.17,91.9,53.9,59.2,42.3,19.3,29.9,79.3,84.0,91.1,13.78,13.48,4.74,5.92,2.51,2.39,4.76,5.04,4.55,False,,20.29,22.24,19.5129,24.67,"{""trend"":{""T1_ema_stack"":{""value"":[true,true,true],""score"":100.0},""T2_ema50_slope"":{""value"":0.7468127525507463,""score"":100},""T3_high_proximity"":{""value"":0.8942265315116791,""score"":47.11326575583952},""T4_rs_1m"":{""value"":0.17325285325465445,""score"":100},""T5_rs_3m"":{""value"":0.5104094457940205,""score"":100},""T6_adr_healthy"":{""value"":8.159258748167545,""score"":96.01853129581137},""_score"":91.87},""geometry"":{""sub_low_similarity"":9.2,""sub_bounce_quality"":100,""sub_separation_fit"":33.3,""sub_right_bottom_reaction"":41.1,""sub_base_context"":100.0,""_score"":53.92},""compression"":{""VC1_atr_ratio"":{""value"":0.5745625489683992,""score"":100},""VC2_range_contraction"":{""value"":0.8771867799345509,""score"":20.46887001090819},""VC3_range_pct_rank"":{""score"":48.33333333333333},""_score"":59.25},""sr_quality"":{""SR1_touches"":{""value"":3,""score"":50.0},""SR2_tightness"":{""value"":0.26981475126464094,""score"":66.07414460087323},""SR3_recency"":{""value"":225,""score"":0.0},""SR4_price_location"":{""score"":30.0},""SR5_reaction"":{""value"":1.317101209775199,""score"":65.85506048875996},""_score"":42.29,""_levels_found"":5,""_target_level"":19.42},""volume"":{""V1_rvol_day"":{""value"":0.5807204040885504,""score"":5.381360272570027},""V2_rvol_sameslot"":{""value"":0.6692781283152288,""score"":11.285208554348587,""status"":""ok""},""V3_breakout_bar"":{""value"":0.7354477228690723,""score"":15.696514857938157},""V4_base_dryup"":{""value"":0.8975608648356762,""score"":60.24391351643238},""V5_bo_expansion"":{""value"":0.5807204040885505,""score"":0},""_score"":19.31},""readiness"":{""_distance_atr"":1.226,""BR1_atr_distance"":{""score"":18.27056932182542},""BR2_compression"":{""score"":20.183134525768697},""BR3_retest"":{""score"":50.0},""BR4_bo_age"":{""score"":50.0},""_score"":29.85},""risk"":{""R1_stop_clarity"":{""score"":62.63707642150852},""R2_stop_distance_pct"":{""value"":3.8302119270576584,""score"":100.0},""R3_stop_distance_atr"":{""value"":0.48858482347341015,""score"":49.42924117367051},""R4_rr_potential"":{""value"":5.635977610499911,""score"":100.0},""_score"":79.34},""market"":{""M1_spy_regime"":{""score"":100.0},""M3_earnings_risk"":{""value"":null,""score"":80.0},""M4_vix"":{""value"":null,""score"":60.0},""_score"":84.0},""liquidity"":{""L1_price"":{""value"":20.29,""score"":100.0},""L2_dollar_vol"":{""value"":91629820.25585274,""score"":98.10184173195692},""L3_spread_proxy"":{""value"":0.08181370133070479,""score"":18.186298669295212},""L4_volume_zscore"":{""value"":-0.9102845345891908,""score"":100.0},""_score"":91.06},""pattern_structure"":{""left_low"":20.73,""left_idx"":36,""right_low"":19.81,""right_idx"":76,""separation_bars"":40,""structural_low"":19.81,""current_price"":20.17,""neckline_distance_pct"":0.10262766484878516,""base_bars"":40},""pattern_geometry_features"":{""low_similarity_pct"":0.045387271830291155,""bounce_pct"":0.1226653205451792,""right_bottom_reaction"":0.410787640650115,""atr_pct"":0.07839400126733792},""_schema_version"":""1.0""}",,,,,,,,,,
20260504T200431Z-7bad84,2026-05-04T20:04:31.798741+00:00,IREN,double_bottom,setup,56.9,78.9,58.1,37.8,43.3,25.4,70.0,50.5,84.0,90.0,11.84,14.52,3.02,6.06,3.31,5.6,3.03,5.04,4.5,False,,49.735,49.475,44.7288,53.54,"{""trend"":{""T1_ema_stack"":{""value"":[true,true,true],""score"":100.0},""T2_ema50_slope"":{""value"":0.33224520323277046,""score"":100},""T3_high_proximity"":{""value"":0.9144144144144144,""score"":57.207207207207176},""T4_rs_1m"":{""value"":0.3355276231712492,""score"":100},""T5_rs_3m"":{""value"":-0.0955744195817233,""score"":2.2127902091383476},""T6_adr_healthy"":{""value"":7.368736005910651,""score"":100.0},""_score"":78.91},""geometry"":{""sub_low_similarity"":3.3,""sub_bounce_quality"":85.0,""sub_separation_fit"":100.0,""sub_right_bottom_reaction"":33.8,""sub_base_context"":100.0,""_score"":58.06},""compression"":{""VC1_atr_ratio"":{""value"":0.7338620731807197,""score"":66.53448170482007},""VC2_range_contraction"":{""value"":0.9119635670286688,""score"":14.672738828555207},""VC3_range_pct_rank"":{""score"":24.16666666666667},""_score"":37.79},""sr_quality"":{""SR1_touches"":{""value"":2,""score"":25.0},""SR2_tightness"":{""value"":0.03999999999999915,""score"":97.7897368800163},""SR3_recency"":{""value"":227,""score"":0.0},""SR4_price_location"":{""score"":24.44829078321074},""SR5_reaction"":{""value"":3.656604049123097,""score"":100},""_score"":43.28,""_levels_found"":5,""_target_level"":54.1},""volume"":{""V1_rvol_day"":{""value"":1.0357098688951683,""score"":35.71399125967788},""V2_rvol_sameslot"":{""value"":0.9186353606013166,""score"":27.909024040087772,""status"":""ok""},""V3_breakout_bar"":{""value"":0.6819044259727275,""score"":12.126961731515166},""V4_base_dryup"":{""value"":1.033987114141065,""score"":46.6012885858935},""V5_bo_expansion"":{""value"":1.0357098688951683,""score"":2.3806579263445498},""_score"":25.43},""readiness"":{""_distance_atr"":-0.072,""BR1_atr_distance"":{""score"":100.0},""BR2_compression"":{""score"":49.856052846960594},""BR3_retest"":{""score"":50.0},""BR4_bo_age"":{""score"":50.0},""_score"":69.96},""risk"":{""R1_stop_clarity"":{""score"":62.36198189557678},""R2_stop_distance_pct"":{""value"":10.065647934050478,""score"":48.35880164873805},""R3_stop_distance_atr"":{""value"":1.3831135897633255,""score"":94.15567948816627},""R4_rr_potential"":{""value"":0.7600651199025205,""score"":0.0},""_score"":50.46},""market"":{""M1_spy_regime"":{""score"":100.0},""M3_earnings_risk"":{""value"":null,""score"":80.0},""M4_vix"":{""value"":null,""score"":60.0},""_score"":84.0},""liquidity"":{""L1_price"":{""value"":49.735,""score"":100.0},""L2_dollar_vol"":{""value"":1811102221.1312363,""score"":100.0},""L3_spread_proxy"":{""value"":0.10395093998190413,""score"":0},""L4_volume_zscore"":{""value"":0.15955994391208136,""score"":100.0},""_score"":90.0},""pattern_structure"":{""left_low"":47.66,""left_idx"":46,""right_low"":45.41,""right_idx"":73,""separation_bars"":27,""structural_low"":45.41,""current_price"":49.76,""neckline_distance_pct"":-0.0057274919614147225,""base_bars"":27},""pattern_geometry_features"":{""low_similarity_pct"":0.0483507037713549,""bounce_pct"":0.08951772737282548,""right_bottom_reaction"":0.33783783783783694,""atr_pct"":0.07277528041476972},""_schema_version"":""1.0""}",,,,,,,,,,
20260504T200431Z-7bad84,2026-05-04T20:04:31.798741+00:00,NXE,bull_flag,absent,56.89,66.6,48.2,62.7,55.0,40.0,50.8,72.8,84.0,91.4,9.32,14.47,5.64,5.5,5.59,4.57,2.18,5.04,4.57,False,,12.465,12.625,12.0909,13.63,"{""trend"":{""T1_ema_stack"":{""value"":[true,true,true],""score"":100.0},""T2_ema50_slope"":{""value"":0.17042998198003653,""score"":78.40499699667275},""T3_high_proximity"":{""value"":0.9372180451127818,""score"":68.6090225563909},""T4_rs_1m"":{""value"":-0.03221230019803101,""score"":17.78769980196899},""T5_rs_3m"":{""value"":-0.00578532873132076,""score"":47.10733563433962},""T6_adr_healthy"":{""value"":4.763550232488919,""score"":100.0},""_score"":66.6},""geometry"":{""sub_pole_impulse"":17.6,""sub_flag_tightness"":48.1,""sub_flag_shallowness"":35.9,""sub_flag_drift"":100,""sub_flag_duration"":87.5,""_score"":48.23},""compression"":{""VC1_atr_ratio"":{""value"":0.5937570492676938,""score"":100},""VC2_range_contraction"":{""value"":1.0624393938239023,""score"":0},""VC3_range_pct_rank"":{""score"":90.83333333333333},""_score"":62.71},""sr_quality"":{""SR1_touches"":{""value"":4,""score"":75.0},""SR2_tightness"":{""value"":0.0919238815542511,""score"":70.92954874666498},""SR3_recency"":{""value"":228,""score"":0.0},""SR4_price_location"":{""score"":27.467811158798177},""SR5_reaction"":{""value"":2.4706626458396848,""score"":100},""_score"":55.01,""_levels_found"":7,""_target_level"":13.31},""volume"":{""V1_rvol_day"":{""value"":0.7921858210691615,""score"":19.4790547379441},""V2_rvol_sameslot"":{""value"":1.1687532708386867,""score"":44.583551389245784,""status"":""ok""},""V3_breakout_bar"":{""value"":1.0632647640471653,""score"":37.550984269811025},""V4_base_dryup"":{""value"":0.6127105411439389,""score"":88.72894588560611},""V5_bo_expansion"":{""value"":0.7921858210691612,""score"":0},""_score"":39.95},""readiness"":{""_distance_atr"":0.253,""BR1_atr_distance"":{""score"":83.13360967106773},""BR2_compression"":{""score"":0},""BR3_retest"":{""score"":50.0},""BR4_bo_age"":{""score"":50.0},""_score"":50.75},""risk"":{""R1_stop_clarity"":{""score"":41.77142276285035},""R2_stop_distance_pct"":{""value"":3.001403931006814,""score"":100.0},""R3_stop_distance_atr"":{""value"":0.5915754639198532,""score"":54.57877319599266},""R4_rr_potential"":{""value"":3.113932509188113,""score"":100.0},""_score"":72.81},""market"":{""M1_spy_regime"":{""score"":100.0},""M3_earnings_risk"":{""value"":null,""score"":80.0},""M4_vix"":{""value"":null,""score"":60.0},""_score"":84.0},""liquidity"":{""L1_price"":{""value"":12.465,""score"":100.0},""L2_dollar_vol"":{""value"":51206858.21226303,""score"":85.46640652953003},""L3_spread_proxy"":{""value"":0.028078620136381842,""score"":71.92137986361816},""L4_volume_zscore"":{""value"":-0.975387478073955,""score"":100.0},""_score"":91.38},""pattern_structure"":{""pole_low"":11.62,""pole_low_idx"":36,""peak_price"":12.625,""peak_idx"":55,""pole_gain"":0.08648881239242692,""flag_bars"":4,""flag_low"":12.275,""flag_high"":12.615,""structural_low"":12.275,""current_price"":12.435,""neckline_distance_pct"":0.01527945315641331,""base_bars"":4},""pattern_geometry_features"":{""pole_gain"":0.08648881239242692,""pullback_pct"":0.027722772277227695,""flag_range_pct"":0.02693069306930692,""flag_drift_per_bar"":0.0025733815842381197,""atr_pct"":0.05073577445418604,""pole_atr_multiple"":1.7046908876994784},""_schema_version"":""1.0""}",,,,,,,,,,
20260504T200431Z-7bad84,2026-05-04T20:04:31.798741+00:00,CCJ,cup_with_handle,absent,56.87,63.3,43.6,50.2,56.2,58.0,51.9,68.9,84.0,96.4,8.86,13.09,4.01,6.74,7.54,4.15,3.45,4.2,4.82,False,,118.47,119.8,110.179,134.14,"{""trend"":{""T1_ema_stack"":{""value"":[true,true,true],""score"":100.0},""T2_ema50_slope"":{""value"":0.2271421887776951,""score"":87.85703146294918},""T3_high_proximity"":{""value"":0.9367438918320551,""score"":68.37194591602753},""T4_rs_1m"":{""value"":-0.04246031410787543,""score"":7.539685892124567},""T5_rs_3m"":{""value"":-0.04703100300233487,""score"":26.484498498832565},""T6_adr_healthy"":{""value"":4.443497391304952,""score"":100.0},""_score"":63.31},""geometry"":{""sub_cup_depth"":45.3,""sub_cup_duration"":100.0,""sub_rim_symmetry"":6.5,""sub_handle_shallowness"":44.7,""sub_handle_proportion"":33.3,""sub_u_shape"":40.0,""_score"":43.63},""compression"":{""VC1_atr_ratio"":{""value"":0.6816971376875713,""score"":79.57571557810716},""VC2_range_contraction"":{""value"":1.2450785152017192,""score"":0},""VC3_range_pct_rank"":{""score"":73.33333333333334},""_score"":50.16},""sr_quality"":{""SR1_touches"":{""value"":3,""score"":50.0},""SR2_tightness"":{""value"":1.0735130284361822,""score"":66.03609138866034},""SR3_recency"":{""value"":239,""score"":0.0},""SR4_price_location"":{""score"":65.0751085717122},""SR5_reaction"":{""value"":2.009335498283068,""score"":100},""_score"":56.17,""_levels_found"":6,""_target_level"":121.2853},""volume"":{""V1_rvol_day"":{""value"":0.9100898785916086,""score"":27.339325239440576},""V2_rvol_sameslot"":{""value"":1.8463464288043103,""score"":89.75642858695402,""status"":""ok""},""V3_breakout_bar"":{""value"":1.795737943696647,""score"":86.38252957977647},""V4_base_dryup"":{""value"":0.8491940166428067,""score"":65.08059833571933},""V5_bo_expansion"":{""value"":0.9100898785916085,""score"":0},""_score"":58.03},""readiness"":{""_distance_atr"":0.21,""BR1_atr_distance"":{""score"":85.97377729115374},""BR2_compression"":{""score"":0},""BR3_retest"":{""score"":50.0},""BR4_bo_age"":{""score"":50.0},""_score"":51.89},""risk"":{""R1_stop_clarity"":{""score"":46.915909329735705},""R2_stop_distance_pct"":{""value"":6.998356968008778,""score"":100.0},""R3_stop_distance_atr"":{""value"":1.311549927740848,""score"":90.5774963870424},""R4_rr_potential"":{""value"":1.8900118062415845,""score"":44.500590312079225},""_score"":68.91},""market"":{""M1_spy_regime"":{""score"":100.0},""M3_earnings_risk"":{""value"":null,""score"":80.0},""M4_vix"":{""value"":null,""score"":60.0},""_score"":84.0},""liquidity"":{""L1_price"":{""value"":118.47,""score"":100.0},""L2_dollar_vol"":{""value"":318931597.12744045,""score"":100.0},""L3_spread_proxy"":{""value"":0.0359584704988604,""score"":64.04152950113959},""L4_volume_zscore"":{""value"":-0.3453152133647337,""score"":100.0},""_score"":96.4},""pattern_structure"":{""left_rim"":114.45,""left_rim_idx"":101,""cup_bottom"":100.11,""cup_bottom_idx"":149,""right_rim"":119.8,""right_rim_idx"":161,""handle_low"":111.8569,""handle_bars"":18,""cup_bars"":60,""structural_low"":111.8569,""current_price"":118.47,""neckline_distance_pct"":0.011226470836498678,""base_bars"":78},""pattern_geometry_features"":{""cup_depth_pct"":0.12529488859764093,""rim_symmetry_pct"":0.04674530362603752,""handle_depth_pct"":0.06630300500834725,""handle_to_cup_ratio"":0.3,""cup_duration_bars"":60.0,""atr_pct"":0.05335944000289404,""u_shape_score"":0.2},""_schema_version"":""1.0""}",,,,,,,,,,
20260504T200431Z-7bad84,2026-05-04T20:04:31.798741+00:00,FLY,inverse_head_shoulders,forming,56.78,46.0,57.6,74.3,61.7,21.1,56.9,69.7,84.0,93.7,5.52,16.12,5.94,8.63,2.95,4.55,4.18,4.2,4.68,True,reversal_trend_cap,33.74,35.45,30.767,39.6645,"{""trend"":{""T1_ema_stack"":{""value"":[false,true,false],""score"":33.33333333333333},""T2_ema50_slope"":{""value"":1.1172155497274496,""score"":100},""T3_high_proximity"":{""value"":0.7638668779714739,""score"":0},""T4_rs_1m"":{""value"":-0.07027451540614105,""score"":0},""T5_rs_3m"":{""value"":0.4433841737629105,""score"":100},""T6_adr_healthy"":{""value"":9.86749019168543,""score"":53.31274520786424},""_score"":46.0},""geometry"":{""sub_head_depth"":64.1,""sub_shoulder_price_sym"":91.4,""sub_shoulder_time_sym"":0,""sub_right_shoulder_reaction"":11.6,""sub_base_context"":100.0,""_score"":57.56},""compression"":{""VC1_atr_ratio"":{""value"":0.38291640728336707,""score"":100},""VC2_range_contraction"":{""value"":0.7796192032800769,""score"":36.73013278665385},""VC3_range_pct_rank"":{""score"":85.83333333333334},""_score"":74.31},""sr_quality"":{""SR1_touches"":{""value"":2,""score"":25.0},""SR2_tightness"":{""value"":0.14499999999999957,""score"":91.99761899599686},""SR3_recency"":{""value"":80,""score"":16.666666666666664},""SR4_price_location"":{""score"":91.46877748460874},""SR5_reaction"":{""value"":3.0003271909474547,""score"":100},""_score"":61.67,""_levels_found"":6,""_target_level"":34.225},""volume"":{""V1_rvol_day"":{""value"":0.5310246799118745,""score"":2.0683119941249677},""V2_rvol_sameslot"":{""value"":0.6193316828713201,""score"":7.9554455247546745,""status"":""ok""},""V3_breakout_bar"":{""value"":0.7932946845574061,""score"":19.552978970493744},""V4_base_dryup"":{""value"":0.7912872004893143,""score"":70.87127995106857},""V5_bo_expansion"":{""value"":0.5310246799118746,""score"":0},""_score"":21.07},""readiness"":{""_distance_atr"":0.472,""BR1_atr_distance"":{""score"":68.542364329091},""BR2_compression"":{""score"":47.756670348409415},""BR3_retest"":{""score"":50.0},""BR4_bo_age"":{""score"":50.0},""_score"":56.86},""risk"":{""R1_stop_clarity"":{""score"":74.14223739477153},""R2_stop_distance_pct"":{""value"":8.811596028452891,""score"":79.71009928867771},""R3_stop_distance_atr"":{""value"":0.8203909931822095,""score"":66.01954965911048},""R4_rr_potential"":{""value"":1.9927464634173997,""score"":49.63732317086998},""_score"":69.69},""market"":{""M1_spy_regime"":{""score"":100.0},""M3_earnings_risk"":{""value"":null,""score"":80.0},""M4_vix"":{""value"":null,""score"":60.0},""_score"":84.0},""liquidity"":{""L1_price"":{""value"":33.74,""score"":100.0},""L2_dollar_vol"":{""value"":111588473.12526494,""score"":100.0},""L3_spread_proxy"":{""value"":0.0631298162418493,""score"":36.8701837581507},""L4_volume_zscore"":{""value"":-1.0616530539892048,""score"":100.0},""_score"":93.69},""pattern_structure"":{""left_shoulder"":32.79,""left_shoulder_idx"":70,""head"":31.2355,""head_idx"":76,""right_shoulder"":32.5645,""right_shoulder_idx"":88,""left_to_head_bars"":6,""head_to_right_bars"":12,""structural_low"":31.2355,""current_price"":33.31,""neckline_distance_pct"":0.06424497148003604,""base_bars"":18},""pattern_geometry_features"":{""head_depth_pct"":0.0441209098072819,""shoulder_price_asymmetry"":0.006900825497861561,""shoulder_time_asymmetry"":0.5,""right_shoulder_reaction"":0.11563294854235866,""atr_pct"":0.10740727411296468},""_schema_version"":""1.0""}",,,,,,,,,,
20260504T200431Z-7bad84,2026-05-04T20:04:31.798741+00:00,COHR,double_bottom,forming,56.02,96.1,51.7,52.4,37.5,15.8,35.3,78.1,84.0,92.5,14.41,12.94,4.2,5.25,2.06,2.82,4.68,5.04,4.62,False,,332.24,364.8,318.4702,406.28,"{""trend"":{""T1_ema_stack"":{""value"":[true,true,true],""score"":100.0},""T2_ema50_slope"":{""value"":0.7564999671264563,""score"":100},""T3_high_proximity"":{""value"":0.9479841355893514,""score"":73.99206779467565},""T4_rs_1m"":{""value"":0.19208168033863338,""score"":100},""T5_rs_3m"":{""value"":0.4610599223953924,""score"":100},""T6_adr_healthy"":{""value"":6.491180927678504,""score"":100.0},""_score"":96.1},""geometry"":{""sub_low_similarity"":10.6,""sub_bounce_quality"":100,""sub_separation_fit"":0.0,""sub_right_bottom_reaction"":57.1,""sub_base_context"":100.0,""_score"":51.74},""compression"":{""VC1_atr_ratio"":{""value"":0.40179628244760257,""score"":100},""VC2_range_contraction"":{""value"":0.958091408865683,""score"":6.984765189052833},""VC3_range_pct_rank"":{""score"":40.0},""_score"":52.44},""sr_quality"":{""SR1_touches"":{""value"":2,""score"":25.0},""SR2_tightness"":{""value"":4.920999999999992,""score"":55.5266213136412},""SR3_recency"":{""value"":225,""score"":0.0},""SR4_price_location"":{""score"":30.0},""SR5_reaction"":{""value"":1.8872943855054514,""score"":94.36471927527256},""_score"":37.48,""_levels_found"":6,""_target_level"":286.081},""volume"":{""V1_rvol_day"":{""value"":1.0045744830491299,""score"":33.63829886994199},""V2_rvol_sameslot"":{""value"":1.0024841965428777,""score"":33.498946436191844,""status"":""ok""},""V3_breakout_bar"":{""value"":0.6421522961044467,""score"":9.476819740296445},""V4_base_dryup"":{""value"":1.5826000155816915,""score"":0},""V5_bo_expansion"":{""value"":1.0045744830491299,""score"":0.304965536608659},""_score"":15.84},""readiness"":{""_distance_atr"":1.471,""BR1_atr_distance"":{""score"":1.9133502656746657},""BR2_compression"":{""score"":68.06361308696418},""BR3_retest"":{""score"":50.0},""BR4_bo_age"":{""score"":50.0},""_score"":35.28},""risk"":{""R1_stop_clarity"":{""score"":56.17008901582931},""R2_stop_distance_pct"":{""value"":4.144534071755367,""score"":100.0},""R3_stop_distance_atr"":{""value"":0.6222206155612942,""score"":56.11103077806471},""R4_rr_potential"":{""value"":5.376984415169418,""score"":100.0},""_score"":78.08},""market"":{""M1_spy_regime"":{""score"":100.0},""M3_earnings_risk"":{""value"":null,""score"":80.0},""M4_vix"":{""value"":null,""score"":60.0},""_score"":84.0},""liquidity"":{""L1_price"":{""value"":332.24,""score"":100.0},""L2_dollar_vol"":{""value"":1894611087.1294317,""score"":100.0},""L3_spread_proxy"":{""value"":0.07518661208764754,""score"":24.813387912352454},""L4_volume_zscore"":{""value"":0.02353759430047673,""score"":100.0},""_score"":92.48},""pattern_structure"":{""left_low"":338.1,""left_idx"":26,""right_low"":323.32,""right_idx"":76,""separation_bars"":50,""structural_low"":323.32,""current_price"":332.52,""neckline_distance_pct"":0.09707686755683878,""base_bars"":50},""pattern_geometry_features"":{""low_similarity_pct"":0.04469172386683205,""bounce_pct"":0.12829395026599041,""right_bottom_reaction"":0.5714285714285735,""atr_pct"":0.06660875528877577},""_schema_version"":""1.0""}",,,,,,,,,,
20260504T200431Z-7bad84,2026-05-04T20:04:31.798741+00:00,VOYG,inverse_head_shoulders,forming,55.91,23.9,53.1,71.3,55.1,53.9,53.1,73.9,84.0,86.6,2.87,14.86,5.7,7.72,7.55,4.25,4.44,4.2,4.33,True,reversal_trend_cap,25.87,26.98,24.4477,29.14,"{""trend"":{""T1_ema_stack"":{""value"":[false,false,false],""score"":0.0},""T2_ema50_slope"":{""value"":0.26661634130773226,""score"":94.43605688462205},""T3_high_proximity"":{""value"":0.795021511985249,""score"":0},""T4_rs_1m"":{""value"":-0.13029347411298153,""score"":0},""T5_rs_3m"":{""value"":-0.14232921736257942,""score"":0},""T6_adr_healthy"":{""value"":6.8205162393611545,""score"":100.0},""_score"":23.89},""geometry"":{""sub_head_depth"":63.2,""sub_shoulder_price_sym"":60.5,""sub_shoulder_time_sym"":0,""sub_right_shoulder_reaction"":88.9,""sub_base_context"":30.0,""_score"":53.07},""compression"":{""VC1_atr_ratio"":{""value"":0.4345617851798136,""score"":100},""VC2_range_contraction"":{""value"":0.8280443175590522,""score"":28.65928040682464},""VC3_range_pct_rank"":{""score"":85.0},""_score"":71.28},""sr_quality"":{""SR1_touches"":{""value"":6,""score"":100},""SR2_tightness"":{""value"":0.4145280519257211,""score"":57.91883280731134},""SR3_recency"":{""value"":137,""score"":0.0},""SR4_price_location"":{""score"":5.706777793998595},""SR5_reaction"":{""value"":2.526365720514783,""score"":100},""_score"":55.11,""_levels_found"":5,""_target_level"":29.4224},""volume"":{""V1_rvol_day"":{""value"":1.1249687461950189,""score"":41.66458307966792},""V2_rvol_sameslot"":{""value"":1.894518322751092,""score"":92.96788818340613,""status"":""ok""},""V3_breakout_bar"":{""value"":1.2251668587347992,""score"":48.344457248986615},""V4_base_dryup"":{""value"":0.8175790207979906,""score"":68.24209792020093},""V5_bo_expansion"":{""value"":1.1249687461950189,""score"":8.33124974633459},""_score"":53.91},""readiness"":{""_distance_atr"":0.563,""BR1_atr_distance"":{""score"":62.43913581007836},""BR2_compression"":{""score"":42.65361535366347},""BR3_retest"":{""score"":50.0},""BR4_bo_age"":{""score"":50.0},""_score"":53.14},""risk"":{""R1_stop_clarity"":{""score"":62.20564935700594},""R2_stop_distance_pct"":{""value"":5.497873985311171,""score"":100.0},""R3_stop_distance_atr"":{""value"":0.7219299613152105,""score"":61.09649806576052},""R4_rr_potential"":{""value"":2.299093018350559,""score"":64.95465091752794},""_score"":73.93},""market"":{""M1_spy_regime"":{""score"":100.0},""M3_earnings_risk"":{""value"":null,""score"":80.0},""M4_vix"":{""value"":null,""score"":60.0},""_score"":84.0},""liquidity"":{""L1_price"":{""value"":25.87,""score"":100.0},""L2_dollar_vol"":{""value"":39652151.209064424,""score"":79.9133376821552},""L3_spread_proxy"":{""value"":0.05392346347120228,""score"":46.07653652879772},""L4_volume_zscore"":{""value"":0.31132419156146374,""score"":100.0},""_score"":86.57},""pattern_structure"":{""left_shoulder"":26.35,""left_shoulder_idx"":71,""head"":24.82,""head_idx"":77,""right_shoulder"":25.53,""right_shoulder_idx"":89,""left_to_head_bars"":6,""head_to_right_bars"":12,""structural_low"":24.82,""current_price"":25.81,""neckline_distance_pct"":0.045331266950794334,""base_bars"":18},""pattern_geometry_features"":{""head_depth_pct"":0.04317656129529687,""shoulder_price_asymmetry"":0.031611410948342335,""shoulder_time_asymmetry"":0.5,""right_shoulder_reaction"":0.8888888888888872,""atr_pct"":0.07615522668286485},""_schema_version"":""1.0""}",,,,,,,,,,
20260504T200431Z-7bad84,2026-05-04T20:04:31.798741+00:00,TSEM,breakout_retest_hold,setup,55.81,84.3,47.9,51.5,43.6,1.1,77.6,63.1,84.0,94.1,11.8,10.53,3.09,6.11,0.14,13.97,3.16,4.2,2.82,False,,214.73,207.48,206.2269,211.9596,"{""trend"":{""T1_ema_stack"":{""value"":[true,true,true],""score"":100.0},""T2_ema50_slope"":{""value"":0.8329739759160404,""score"":100},""T3_high_proximity"":{""value"":0.9482446456171341,""score"":74.122322808567},""T4_rs_1m"":{""value"":-0.009280640173050303,""score"":40.7193598269497},""T5_rs_3m"":{""value"":0.5360754144452675,""score"":100},""T6_adr_healthy"":{""value"":6.356664705945445,""score"":100.0},""_score"":84.26},""geometry"":{""sub_retest_depth"":30.7,""sub_retest_timing"":20.0,""sub_retest_freshness"":100.0,""sub_hold_quality"":48.9,""_score"":47.88},""compression"":{""VC1_atr_ratio"":{""value"":0.5294731835752667,""score"":100},""VC2_range_contraction"":{""value"":1.0065294414212174,""score"":0},""VC3_range_pct_rank"":{""score"":45.833333333333336},""_score"":51.46},""sr_quality"":{""SR1_touches"":{""value"":2,""score"":25.0},""SR2_tightness"":{""value"":0.6655499999999961,""score"":90.84058387014015},""SR3_recency"":{""value"":235,""score"":0.0},""SR4_price_location"":{""score"":30.0},""SR5_reaction"":{""value"":2.550781445834534,""score"":100},""_score"":43.63,""_levels_found"":6,""_target_level"":196.0256},""volume"":{""V1_rvol_day"":{""value"":0.5785790481517756,""score"":5.2386032101183755},""V2_rvol_sameslot"":{""value"":0.4260877967902117,""score"":0,""status"":""ok""},""V3_breakout_bar"":{""value"":0.4660281821605768,""score"":0},""V4_base_dryup"":{""value"":1.5255375580549146,""score"":0},""V5_bo_expansion"":{""value"":0.5785790481517755,""score"":0},""_score"":1.05},""readiness"":{""_distance_atr"":-0.499,""BR1_atr_distance"":{""score"":100.0},""BR2_compression"":{""score"":52.483719335089205},""BR3_retest"":{""score"":100},""BR4_bo_age"":{""score"":30.0},""_score"":77.62},""risk"":{""R1_stop_clarity"":{""score"":71.33201150911103},""R2_stop_distance_pct"":{""value"":3.9599031341684863,""score"":100.0},""R3_stop_distance_atr"":{""value"":0.5851057868966385,""score"":54.25528934483192},""R4_rr_potential"":{""value"":-0.32580974669742446,""score"":0.0},""_score"":63.1},""market"":{""M1_spy_regime"":{""score"":100.0},""M3_earnings_risk"":{""value"":null,""score"":80.0},""M4_vix"":{""value"":null,""score"":60.0},""_score"":84.0},""liquidity"":{""L1_price"":{""value"":214.73,""score"":100.0},""L2_dollar_vol"":{""value"":305829194.1669729,""score"":100.0},""L3_spread_proxy"":{""value"":0.05905090113165374,""score"":40.94909886834626},""L4_volume_zscore"":{""value"":-1.3585490263888012,""score"":100.0},""_score"":94.09},""pattern_structure"":{""level"":207.48,""level_idx"":38,""breakout_idx"":63,""bo_peak_idx"":70,""bo_peak_price"":223.57,""retest_idx"":75,""retest_low"":208.31,""structural_low"":208.31,""current_price"":213.79,""neckline_distance_pct"":-0.029514944571776055,""base_bars"":41,""bars_since_breakout"":16},""pattern_geometry_features"":{""retest_depth_atr"":-0.18528410495180817,""bars_breakout_to_retest"":12.0,""bars_since_retest"":4.0,""current_above_level_atr"":1.408605665356497,""bo_peak_excess_pct"":0.07754964333911704,""atr_pct"":0.06767841342283665},""_schema_version"":""1.0""}",,,,,,,,,,
20260504T200431Z-7bad84,2026-05-04T20:04:31.798741+00:00,CRS,double_bottom,absent,55.74,84.9,47.3,60.4,39.5,20.8,47.5,73.8,84.0,97.3,12.73,11.82,4.83,5.52,2.71,3.8,4.43,5.04,4.86,False,,426.85,450.63,409.7994,485.22,"{""trend"":{""T1_ema_stack"":{""value"":[true,true,true],""score"":100.0},""T2_ema50_slope"":{""value"":0.3701492421370905,""score"":100},""T3_high_proximity"":{""value"":0.9439198602419231,""score"":71.95993012096153},""T4_rs_1m"":{""value"":-0.004606253153866202,""score"":45.393746846133794},""T5_rs_3m"":{""value"":0.33849688959425506,""score"":100},""T6_adr_healthy"":{""value"":4.1820942703949395,""score"":100.0},""_score"":84.87},""geometry"":{""sub_low_similarity"":9.7,""sub_bounce_quality"":75.9,""sub_separation_fit"":0.0,""sub_right_bottom_reaction"":61.2,""sub_base_context"":100.0,""_score"":47.27},""compression"":{""VC1_atr_ratio"":{""value"":0.37621878565918154,""score"":100},""VC2_range_contraction"":{""value"":1.2025793379605985,""score"":0},""VC3_range_pct_rank"":{""score"":81.66666666666667},""_score"":60.42},""sr_quality"":{""SR1_touches"":{""value"":2,""score"":25.0},""SR2_tightness"":{""value"":3.759999999999991,""score"":63.67807764293918},""SR3_recency"":{""value"":224,""score"":0.0},""SR4_price_location"":{""score"":40.35684386504472},""SR5_reaction"":{""value"":1.6417315703676871,""score"":82.08657851838436},""_score"":39.45,""_levels_found"":8,""_target_level"":446.24},""volume"":{""V1_rvol_day"":{""value"":0.4417965552835263,""score"":0},""V2_rvol_sameslot"":{""value"":0.5503107286435289,""score"":3.3540485762352614,""status"":""ok""},""V3_breakout_bar"":{""value"":0.927293688606758,""score"":28.486245907117198},""V4_base_dryup"":{""value"":0.8484529858688592,""score"":65.15470141311408},""V5_bo_expansion"":{""value"":0.4417965552835263,""score"":0},""_score"":20.82},""readiness"":{""_distance_atr"":1.149,""BR1_atr_distance"":{""score"":23.427720421018833},""BR2_compression"":{""score"":82.31814045700996},""BR3_retest"":{""score"":50.0},""BR4_bo_age"":{""score"":50.0},""_score"":47.45},""risk"":{""R1_stop_clarity"":{""score"":39.71526897301187},""R2_stop_distance_pct"":{""value"":3.994517980555237,""score"":100.0},""R3_stop_distance_atr"":{""value"":0.8235512890176915,""score"":66.17756445088457},""R4_rr_potential"":{""value"":3.4233399411164323,""score"":100.0},""_score"":73.83},""market"":{""M1_spy_regime"":{""score"":100.0},""M3_earnings_risk"":{""value"":null,""score"":80.0},""M4_vix"":{""value"":null,""score"":60.0},""_score"":84.0},""liquidity"":{""L1_price"":{""value"":426.85,""score"":100.0},""L2_dollar_vol"":{""value"":133427609.56295215,""score"":100.0},""L3_spread_proxy"":{""value"":0.02717582288860247,""score"":72.82417711139753},""L4_volume_zscore"":{""value"":-1.2356079425281663,""score"":100.0},""_score"":97.28},""pattern_structure"":{""left_low"":435.2475,""left_idx"":22,""right_low"":416.04,""right_idx"":68,""separation_bars"":46,""structural_low"":416.04,""current_price"":423.3,""neckline_distance_pct"":0.06456413890857544,""base_bars"":46},""pattern_geometry_features"":{""low_similarity_pct"":0.045125765384784765,""bounce_pct"":0.08314104413037202,""right_bottom_reaction"":0.611690363349132,""atr_pct"":0.048503572683612516},""_schema_version"":""1.0""}",,,,,,,,,,
20260504T200431Z-7bad84,2026-05-04T20:04:31.798741+00:00,VOYG,double_bottom,forming,55.66,23.9,53.7,71.3,55.1,53.9,52.3,77.9,84.0,86.6,3.58,13.43,5.7,7.72,7.01,4.19,4.67,5.04,4.33,True,reversal_trend_cap,25.87,27.04,25.1471,28.55,"{""trend"":{""T1_ema_stack"":{""value"":[false,false,false],""score"":0.0},""T2_ema50_slope"":{""value"":0.26661634130773226,""score"":94.43605688462205},""T3_high_proximity"":{""value"":0.795021511985249,""score"":0},""T4_rs_1m"":{""value"":-0.13029347411298153,""score"":0},""T5_rs_3m"":{""value"":-0.14232921736257942,""score"":0},""T6_adr_healthy"":{""value"":6.8205162393611545,""score"":100.0},""_score"":23.89},""geometry"":{""sub_low_similarity"":36.8,""sub_bounce_quality"":41.6,""sub_separation_fit"":100.0,""sub_right_bottom_reaction"":88.9,""sub_base_context"":30.0,""_score"":53.7},""compression"":{""VC1_atr_ratio"":{""value"":0.4345617851798136,""score"":100},""VC2_range_contraction"":{""value"":0.8280443175590522,""score"":28.65928040682464},""VC3_range_pct_rank"":{""score"":85.0},""_score"":71.28},""sr_quality"":{""SR1_touches"":{""value"":6,""score"":100},""SR2_tightness"":{""value"":0.4145280519257211,""score"":57.91883280731134},""SR3_recency"":{""value"":137,""score"":0.0},""SR4_price_location"":{""score"":5.706777793998595},""SR5_reaction"":{""value"":2.526365720514783,""score"":100},""_score"":55.11,""_levels_found"":5,""_target_level"":29.4224},""volume"":{""V1_rvol_day"":{""value"":1.1249687461950189,""score"":41.66458307966792},""V2_rvol_sameslot"":{""value"":1.894518322751092,""score"":92.96788818340613,""status"":""ok""},""V3_breakout_bar"":{""value"":1.2251668587347992,""score"":48.344457248986615},""V4_base_dryup"":{""value"":0.8175790207979906,""score"":68.24209792020093},""V5_bo_expansion"":{""value"":1.1249687461950189,""score"":8.33124974633459},""_score"":53.91},""readiness"":{""_distance_atr"":0.594,""BR1_atr_distance"":{""score"":60.40881882683939},""BR2_compression"":{""score"":42.65361535366347},""BR3_retest"":{""score"":50.0},""BR4_bo_age"":{""score"":50.0},""_score"":52.33},""risk"":{""R1_stop_clarity"":{""score"":61.12450556343098},""R2_stop_distance_pct"":{""value"":2.7945496714340967,""score"":100.0},""R3_stop_distance_atr"":{""value"":0.36695441575816073,""score"":43.34772078790804},""R4_rr_potential"":{""value"":3.7070336814440736,""score"":100.0},""_score"":77.9},""market"":{""M1_spy_regime"":{""score"":100.0},""M3_earnings_risk"":{""value"":null,""score"":80.0},""M4_vix"":{""value"":null,""score"":60.0},""_score"":84.0},""liquidity"":{""L1_price"":{""value"":25.87,""score"":100.0},""L2_dollar_vol"":{""value"":39652151.209064424,""score"":79.9133376821552},""L3_spread_proxy"":{""value"":0.05392346347120228,""score"":46.07653652879772},""L4_volume_zscore"":{""value"":0.31132419156146374,""score"":100.0},""_score"":86.57},""pattern_structure"":{""left_low"":26.35,""left_idx"":51,""right_low"":25.53,""right_idx"":69,""separation_bars"":18,""structural_low"":25.53,""current_price"":25.81,""neckline_distance_pct"":0.047655947307245275,""base_bars"":18},""pattern_geometry_features"":{""low_similarity_pct"":0.031611410948342335,""bounce_pct"":0.059146102624363414,""right_bottom_reaction"":0.8888888888888872,""atr_pct"":0.07615522668286485},""_schema_version"":""1.0""}",,,,,,,,,,
20260504T200431Z-7bad84,2026-05-04T20:04:31.798741+00:00,QCOM,double_bottom,forming,55.61,78.2,63.0,0.4,59.6,14.6,48.1,72.8,84.0,91.9,11.72,15.74,0.03,8.35,1.9,3.85,4.37,5.04,4.6,False,,169.37,180.49,164.328,194.1495,"{""trend"":{""T1_ema_stack"":{""value"":[true,true,false],""score"":66.66666666666666},""T2_ema50_slope"":{""value"":0.07409117063969907,""score"":62.348528439949845},""T3_high_proximity"":{""value"":0.9431451163826706,""score"":71.57255819133529},""T4_rs_1m"":{""value"":0.24085340530512767,""score"":100},""T5_rs_3m"":{""value"":0.07719337147638572,""score"":88.59668573819286},""T6_adr_healthy"":{""value"":3.963802974516602,""score"":100.0},""_score"":78.16},""geometry"":{""sub_low_similarity"":48.9,""sub_bounce_quality"":74.1,""sub_separation_fit"":73.3,""sub_right_bottom_reaction"":16.5,""sub_base_context"":100.0,""_score"":62.96},""compression"":{""VC1_atr_ratio"":{""value"":1.272584107260352,""score"":0},""VC2_range_contraction"":{""value"":2.3703047578188565,""score"":0},""VC3_range_pct_rank"":{""score"":1.6666666666666718},""_score"":0.42},""sr_quality"":{""SR1_touches"":{""value"":3,""score"":50.0},""SR2_tightness"":{""value"":0.5647615032520894,""score"":86.90523060413868},""SR3_recency"":{""value"":305,""score"":0.0},""SR4_price_location"":{""score"":90.70926517571891},""SR5_reaction"":{""value"":1.1913620833285021,""score"":59.56810416642511},""_score"":59.65,""_levels_found"":6,""_target_level"":171.7933},""volume"":{""V1_rvol_day"":{""value"":1.1013422922561689,""score"":40.08948615041126},""V2_rvol_sameslot"":{""value"":0.9202948653118985,""score"":28.019657687459905,""status"":""ok""},""V3_breakout_bar"":{""value"":0.4445286751093859,""score"":0},""V4_base_dryup"":{""value"":2.589880016423618,""score"":0},""V5_bo_expansion"":{""value"":1.1013422922561686,""score"":6.7561528170779095},""_score"":14.64},""readiness"":{""_distance_atr"":1.289,""BR1_atr_distance"":{""score"":14.055853758041366},""BR2_compression"":{""score"":100},""BR3_retest"":{""score"":50.0},""BR4_bo_age"":{""score"":50.0},""_score"":48.12},""risk"":{""R1_stop_clarity"":{""score"":41.97709352222516},""R2_stop_distance_pct"":{""value"":2.976889354667293,""score"":100.0},""R3_stop_distance_atr"":{""value"":0.5845234704034257,""score"":54.22617352017129},""R4_rr_potential"":{""value"":4.914658642005617,""score"":100.0},""_score"":72.83},""market"":{""M1_spy_regime"":{""score"":100.0},""M3_earnings_risk"":{""value"":null,""score"":80.0},""M4_vix"":{""value"":null,""score"":60.0},""_score"":84.0},""liquidity"":{""L1_price"":{""value"":169.37,""score"":100.0},""L2_dollar_vol"":{""value"":3312442960.3222303,""score"":100.0},""L3_spread_proxy"":{""value"":0.08064887524354968,""score"":19.351124756450318},""L4_volume_zscore"":{""value"":0.12516143643128086,""score"":100.0},""_score"":91.94},""pattern_structure"":{""left_low"":171.15,""left_idx"":68,""right_low"":166.8305,""right_idx"":74,""separation_bars"":6,""structural_low"":166.8305,""current_price"":169.61,""neckline_distance_pct"":0.06414716113436704,""base_bars"":6},""pattern_geometry_features"":{""low_similarity_pct"":0.025560646250301453,""bounce_pct"":0.08187651538537623,""right_bottom_reaction"":0.16504996522566756,""atr_pct"":0.0509284828650714},""_schema_version"":""1.0""}",,,,,,,,,,
20260504T200431Z-7bad84,2026-05-04T20:04:31.798741+00:00,TSEM,high_tight_pullback,forming,55.56,84.3,58.2,51.5,43.6,7.3,54.4,78.6,84.0,94.1,10.11,20.37,5.15,3.49,1.02,4.9,0.79,5.04,4.7,False,,214.73,223.57,205.1853,263.0,"{""trend"":{""T1_ema_stack"":{""value"":[true,true,true],""score"":100.0},""T2_ema50_slope"":{""value"":0.8329739759160404,""score"":100},""T3_high_proximity"":{""value"":0.9482446456171341,""score"":74.122322808567},""T4_rs_1m"":{""value"":-0.009280640173050303,""score"":40.7193598269497},""T5_rs_3m"":{""value"":0.5360754144452675,""score"":100},""T6_adr_healthy"":{""value"":6.356664705945445,""score"":100.0},""_score"":84.26},""geometry"":{""sub_pole_impulse"":54.1,""sub_flag_tightness"":51.8,""sub_flag_shallowness"":36.2,""sub_flag_drift"":78.6,""sub_flag_duration"":100.0,""_score"":58.21},""compression"":{""VC1_atr_ratio"":{""value"":0.5294731835752667,""score"":100},""VC2_range_contraction"":{""value"":1.0065294414212174,""score"":0},""VC3_range_pct_rank"":{""score"":45.833333333333336},""_score"":51.46},""sr_quality"":{""SR1_touches"":{""value"":2,""score"":25.0},""SR2_tightness"":{""value"":0.6655499999999961,""score"":90.84058387014015},""SR3_recency"":{""value"":235,""score"":0.0},""SR4_price_location"":{""score"":30.0},""SR5_reaction"":{""value"":2.550781445834534,""score"":100},""_score"":43.63,""_levels_found"":6,""_target_level"":196.0256},""volume"":{""V1_rvol_day"":{""value"":0.5785790481517756,""score"":5.2386032101183755},""V2_rvol_sameslot"":{""value"":0.4260877967902117,""score"":0,""status"":""ok""},""V3_breakout_bar"":{""value"":0.4660281821605768,""score"":0},""V4_base_dryup"":{""value"":1.1896043249973012,""score"":31.039567500269882},""V5_bo_expansion"":{""value"":0.5785790481517755,""score"":0},""_score"":7.26},""readiness"":{""_distance_atr"":0.608,""BR1_atr_distance"":{""score"":59.447455193468315},""BR2_compression"":{""score"":52.483719335089205},""BR3_retest"":{""score"":50.0},""BR4_bo_age"":{""score"":50.0},""_score"":54.4},""risk"":{""R1_stop_clarity"":{""score"":56.99801726366654},""R2_stop_distance_pct"":{""value"":4.444954128440362,""score"":100.0},""R3_stop_distance_atr"":{""value"":0.6567757581238609,""score"":57.83878790619305},""R4_rr_potential"":{""value"":5.05728339960083,""score"":100.0},""_score"":78.63},""market"":{""M1_spy_regime"":{""score"":100.0},""M3_earnings_risk"":{""value"":null,""score"":80.0},""M4_vix"":{""value"":null,""score"":60.0},""_score"":84.0},""liquidity"":{""L1_price"":{""value"":214.73,""score"":100.0},""L2_dollar_vol"":{""value"":305829194.1669729,""score"":100.0},""L3_spread_proxy"":{""value"":0.05905090113165374,""score"":40.94909886834626},""L4_volume_zscore"":{""value"":-1.3585490263888012,""score"":100.0},""_score"":94.09},""pattern_structure"":{""pole_low"":184.14,""pole_low_idx"":31,""peak_price"":223.57,""peak_idx"":50,""pole_gain"":0.2141305528402303,""flag_bars"":9,""flag_low"":208.31,""flag_high"":222.165,""structural_low"":208.31,""current_price"":213.79,""neckline_distance_pct"":0.045745825342625945,""base_bars"":9},""pattern_geometry_features"":{""pole_gain"":0.2141305528402303,""pullback_pct"":0.06825602719506191,""flag_range_pct"":0.06197164199132259,""flag_drift_per_bar"":-0.0042861374869419796,""atr_pct"":0.06767841342283665,""pole_atr_multiple"":3.1639416766820436},""_schema_version"":""1.0""}",,,,,,,,,,
20260504T200431Z-7bad84,2026-05-04T20:04:31.798741+00:00,UEC,double_bottom,forming,55.5,55.6,68.8,44.8,40.4,24.8,42.5,72.5,84.0,94.5,8.34,17.19,3.58,5.66,3.22,3.4,4.35,5.04,4.72,False,,14.865,15.47,14.0264,16.7,"{""trend"":{""T1_ema_stack"":{""value"":[true,true,true],""score"":100.0},""T2_ema50_slope"":{""value"":0.08594358789066656,""score"":64.3239313151111},""T3_high_proximity"":{""value"":0.8346434587310501,""score"":17.32172936552501},""T4_rs_1m"":{""value"":0.0005589512649712969,""score"":50.5589512649713},""T5_rs_3m"":{""value"":-0.12171074543836591,""score"":0},""T6_adr_healthy"":{""value"":6.4525043271356415,""score"":100.0},""_score"":55.57},""geometry"":{""sub_low_similarity"":68.6,""sub_bounce_quality"":80.5,""sub_separation_fit"":33.3,""sub_right_bottom_reaction"":47.2,""sub_base_context"":100.0,""_score"":68.75},""compression"":{""VC1_atr_ratio"":{""value"":0.7289383683417701,""score"":67.76540791455749},""VC2_range_contraction"":{""value"":1.1792713605003478,""score"":0},""VC3_range_pct_rank"":{""score"":70.83333333333333},""_score"":44.81},""sr_quality"":{""SR1_touches"":{""value"":2,""score"":25.0},""SR2_tightness"":{""value"":0.21999999999999975,""score"":58.972719522591696},""SR3_recency"":{""value"":232,""score"":0.0},""SR4_price_location"":{""score"":44.68078820644639},""SR5_reaction"":{""value"":1.718017369991474,""score"":85.9008684995737},""_score"":40.4,""_levels_found"":7,""_target_level"":15.4},""volume"":{""V1_rvol_day"":{""value"":0.8446704243798653,""score"":22.978028291991016},""V2_rvol_sameslot"":{""value"":0.8284135177525057,""score"":21.894234516833713,""status"":""ok""},""V3_breakout_bar"":{""value"":0.6982328190842623,""score"":13.21552127228415},""V4_base_dryup"":{""value"":0.8755903662728587,""score"":62.44096337271413},""V5_bo_expansion"":{""value"":0.8446704243798653,""score"":0},""_score"":24.77},""readiness"":{""_distance_atr"":0.564,""BR1_atr_distance"":{""score"":62.39165956237565},""BR2_compression"":{""score"":0},""BR3_retest"":{""score"":50.0},""BR4_bo_age"":{""score"":50.0},""_score"":42.46},""risk"":{""R1_stop_clarity"":{""score"":60.16624040920725},""R2_stop_distance_pct"":{""value"":5.641439623276149,""score"":100.0},""R3_stop_distance_atr"":{""value"":0.781942668371696,""score"":64.0971334185848},""R4_rr_potential"":{""value"":2.1881707607918,""score"":59.408538039590006},""_score"":72.55},""market"":{""M1_spy_regime"":{""score"":100.0},""M3_earnings_risk"":{""value"":null,""score"":80.0},""M4_vix"":{""value"":null,""score"":60.0},""_score"":84.0},""liquidity"":{""L1_price"":{""value"":14.865,""score"":100.0},""L2_dollar_vol"":{""value"":105177619.89631428,""score"":100.0},""L3_spread_proxy"":{""value"":0.05549949545913214,""score"":44.500504540867865},""L4_volume_zscore"":{""value"":-0.6228351943764044,""score"":100.0},""_score"":94.45},""pattern_structure"":{""left_low"":14.24,""left_idx"":36,""right_low"":14.465,""right_idx"":76,""separation_bars"":40,""structural_low"":14.24,""current_price"":14.755,""neckline_distance_pct"":0.04845814977973567,""base_bars"":40},""pattern_geometry_features"":{""low_similarity_pct"":0.015676711374325008,""bounce_pct"":0.08637640449438205,""right_bottom_reaction"":0.47169811320754773,""atr_pct"":0.07214646100619865},""_schema_version"":""1.0""}",,,,,,,,,,
20260504T200431Z-7bad84,2026-05-04T20:04:31.798741+00:00,QCOM,bull_flag,forming,55.48,78.2,68.5,0.4,59.6,16.6,42.5,72.8,84.0,91.9,10.94,20.56,0.04,5.96,2.32,3.82,2.18,5.04,4.6,False,,169.37,186.8899,164.328,230.1998,"{""trend"":{""T1_ema_stack"":{""value"":[true,true,false],""score"":66.66666666666666},""T2_ema50_slope"":{""value"":0.07409117063969907,""score"":62.348528439949845},""T3_high_proximity"":{""value"":0.9431451163826706,""score"":71.57255819133529},""T4_rs_1m"":{""value"":0.24085340530512767,""score"":100},""T5_rs_3m"":{""value"":0.07719337147638572,""score"":88.59668573819286},""T6_adr_healthy"":{""value"":3.963802974516602,""score"":100.0},""_score"":78.16},""geometry"":{""sub_pole_impulse"":100.0,""sub_flag_tightness"":45.5,""sub_flag_shallowness"":28.8,""sub_flag_drift"":76.1,""sub_flag_duration"":100.0,""_score"":68.55},""compression"":{""VC1_atr_ratio"":{""value"":1.272584107260352,""score"":0},""VC2_range_contraction"":{""value"":2.3703047578188565,""score"":0},""VC3_range_pct_rank"":{""score"":1.6666666666666718},""_score"":0.42},""sr_quality"":{""SR1_touches"":{""value"":3,""score"":50.0},""SR2_tightness"":{""value"":0.5647615032520894,""score"":86.90523060413868},""SR3_recency"":{""value"":305,""score"":0.0},""SR4_price_location"":{""score"":90.70926517571891},""SR5_reaction"":{""value"":1.1913620833285021,""score"":59.56810416642511},""_score"":59.65,""_levels_found"":6,""_target_level"":171.7933},""volume"":{""V1_rvol_day"":{""value"":1.1013422922561689,""score"":40.08948615041126},""V2_rvol_sameslot"":{""value"":0.9202948653118985,""score"":28.019657687459905,""status"":""ok""},""V3_breakout_bar"":{""value"":0.4445286751093859,""score"":0},""V4_base_dryup"":{""value"":1.401583921875243,""score"":9.8416078124757},""V5_bo_expansion"":{""value"":1.1013422922561686,""score"":6.7561528170779095},""_score"":16.6},""readiness"":{""_distance_atr"":2.031,""BR1_atr_distance"":{""score"":0},""BR2_compression"":{""score"":100},""BR3_retest"":{""score"":50.0},""BR4_bo_age"":{""score"":50.0},""_score"":42.5},""risk"":{""R1_stop_clarity"":{""score"":41.97709352222516},""R2_stop_distance_pct"":{""value"":2.976889354667293,""score"":100.0},""R3_stop_distance_atr"":{""value"":0.5845234704034257,""score"":54.22617352017129},""R4_rr_potential"":{""value"":12.064718911256206,""score"":100.0},""_score"":72.83},""market"":{""M1_spy_regime"":{""score"":100.0},""M3_earnings_risk"":{""value"":null,""score"":80.0},""M4_vix"":{""value"":null,""score"":60.0},""_score"":84.0},""liquidity"":{""L1_price"":{""value"":169.37,""score"":100.0},""L2_dollar_vol"":{""value"":3312442960.3222303,""score"":100.0},""L3_spread_proxy"":{""value"":0.08064887524354968,""score"":19.351124756450318},""L4_volume_zscore"":{""value"":0.12516143643128086,""score"":100.0},""_score"":91.94},""pattern_structure"":{""pole_low"":143.58,""pole_low_idx"":19,""peak_price"":186.8899,""peak_idx"":43,""pole_gain"":0.30164298648836885,""flag_bars"":16,""flag_low"":166.8305,""flag_high"":185.25,""structural_low"":166.8305,""current_price"":169.61,""neckline_distance_pct"":0.1018801957431755,""base_bars"":16},""pattern_geometry_features"":{""pole_gain"":0.30164298648836885,""pullback_pct"":0.10733271300375252,""flag_range_pct"":0.09855802801542511,""flag_drift_per_bar"":-0.0047860446283341926,""atr_pct"":0.0509284828650714,""pole_atr_multiple"":5.9228739895420395},""_schema_version"":""1.0""}",,,,,,,,,,
20260504T200431Z-7bad84,2026-05-04T20:04:31.798741+00:00,SIRI,bull_flag,forming,55.42,93.2,53.9,33.3,49.1,6.7,62.4,66.5,84.0,93.5,13.05,16.18,3.0,4.92,0.94,5.62,2.0,5.04,4.67,False,,26.825,27.56,26.3635,30.03,"{""trend"":{""T1_ema_stack"":{""value"":[true,true,true],""score"":100.0},""T2_ema50_slope"":{""value"":0.42399318297231753,""score"":100},""T3_high_proximity"":{""value"":0.9559871703492516,""score"":77.99358517462579},""T4_rs_1m"":{""value"":0.03270246443582314,""score"":82.70246443582315},""T5_rs_3m"":{""value"":0.28433124610051763,""score"":100},""T6_adr_healthy"":{""value"":3.7502955944924525,""score"":100.0},""_score"":93.24},""geometry"":{""sub_pole_impulse"":28.9,""sub_flag_tightness"":54.2,""sub_flag_shallowness"":41.4,""sub_flag_drift"":89.6,""sub_flag_duration"":100.0,""_score"":53.94},""compression"":{""VC1_atr_ratio"":{""value"":0.7566072019989445,""score"":60.848199500263874},""VC2_range_contraction"":{""value"":1.7937331708988822,""score"":0},""VC3_range_pct_rank"":{""score"":35.83333333333333},""_score"":33.3},""sr_quality"":{""SR1_touches"":{""value"":4,""score"":75.0},""SR2_tightness"":{""value"":0.26432401990738585,""score"":56.857635923014826},""SR3_recency"":{""value"":238,""score"":0.0},""SR4_price_location"":{""score"":30.0},""SR5_reaction"":{""value"":1.4160361410667446,""score"":70.80180705333723},""_score"":49.15,""_levels_found"":4,""_target_level"":23.1438},""volume"":{""V1_rvol_day"":{""value"":0.39010663030094156,""score"":0},""V2_rvol_sameslot"":{""value"":0.5325410630965798,""score"":2.169404206438652,""status"":""ok""},""V3_breakout_bar"":{""value"":0.8785312515279409,""score"":25.23541676852939},""V4_base_dryup"":{""value"":2.0036327611279385,""score"":0},""V5_bo_expansion"":{""value"":0.39010663030094156,""score"":0},""_score"":6.74},""readiness"":{""_distance_atr"":0.6,""BR1_atr_distance"":{""score"":60.01165840862725},""BR2_compression"":{""score"":83.57069467076136},""BR3_retest"":{""score"":50.0},""BR4_bo_age"":{""score"":50.0},""_score"":62.4},""risk"":{""R1_stop_clarity"":{""score"":34.47216554940226},""R2_stop_distance_pct"":{""value"":1.720316868592731,""score"":93.00792171481828},""R3_stop_distance_atr"":{""value"":0.37660448848732164,""score"":43.83022442436608},""R4_rr_potential"":{""value"":6.945121620889534,""score"":100.0},""_score"":66.54},""market"":{""M1_spy_regime"":{""score"":100.0},""M3_earnings_risk"":{""value"":null,""score"":80.0},""M4_vix"":{""value"":null,""score"":60.0},""_score"":84.0},""liquidity"":{""L1_price"":{""value"":26.825,""score"":100.0},""L2_dollar_vol"":{""value"":65525785.90536458,""score"":90.82061192527857},""L3_spread_proxy"":{""value"":0.028704566635601236,""score"":71.29543336439876},""L4_volume_zscore"":{""value"":-1.067394894322499,""score"":100.0},""_score"":93.46},""pattern_structure"":{""pole_low"":25.09,""pole_low_idx"":42,""peak_price"":27.56,""peak_idx"":48,""pole_gain"":0.09844559585492224,""flag_bars"":11,""flag_low"":26.765,""flag_high"":27.51,""structural_low"":26.765,""current_price"":26.77,""neckline_distance_pct"":0.029510646245797502,""base_bars"":11},""pattern_geometry_features"":{""pole_gain"":0.09844559585492224,""pullback_pct"":0.028846153846153782,""flag_range_pct"":0.027031930333817164,""flag_drift_per_bar"":-0.0020834040819098848,""atr_pct"":0.04567966981760084,""pole_atr_multiple"":2.155129322256838},""_schema_version"":""1.0""}",,,,,,,,,,
20260504T200431Z-7bad84,2026-05-04T20:04:31.798741+00:00,SATS,ascending_triangle,forming,55.39,56.3,65.8,68.5,45.9,3.9,43.2,70.3,84.0,96.9,8.44,18.42,5.48,6.42,0.47,3.46,2.81,5.04,4.85,False,,120.71,124.96,117.3825,130.7499,"{""trend"":{""T1_ema_stack"":{""value"":[false,true,true],""score"":66.66666666666666},""T2_ema50_slope"":{""value"":0.2966049506794568,""score"":99.43415844657613},""T3_high_proximity"":{""value"":0.8934201761527643,""score"":46.71008807638211},""T4_rs_1m"":{""value"":-0.156808733627534,""score"":0},""T5_rs_3m"":{""value"":0.003136502019175591,""score"":51.5682510095878},""T6_adr_healthy"":{""value"":4.777267207030739,""score"":100.0},""_score"":56.3},""geometry"":{""sub_flat_top_quality"":100,""sub_hl_slope"":27.3,""sub_compression"":50.3,""sub_duration"":100.0,""_score"":65.77},""compression"":{""VC1_atr_ratio"":{""value"":0.3889185984415288,""score"":100},""VC2_range_contraction"":{""value"":0.8571673610465684,""score"":23.805439825571927},""VC3_range_pct_rank"":{""score"":80.83333333333333},""_score"":68.54},""sr_quality"":{""SR1_touches"":{""value"":3,""score"":50.0},""SR2_tightness"":{""value"":0.9954865923534848,""score"":63.29544237146503},""SR3_recency"":{""value"":242,""score"":0.0},""SR4_price_location"":{""score"":25.405961979735913},""SR5_reaction"":{""value"":3.059000138266144,""score"":100},""_score"":45.85,""_levels_found"":4,""_target_level"":131.3963},""volume"":{""V1_rvol_day"":{""value"":0.394948244156705,""score"":0},""V2_rvol_sameslot"":{""value"":0.29437895065158937,""score"":0,""status"":""ok""},""V3_breakout_bar"":{""value"":0.7357711800044652,""score"":15.718078666964344},""V4_base_dryup"":{""value"":1.7503836375246984,""score"":0},""V5_bo_expansion"":{""value"":0.394948244156705,""score"":0},""_score"":3.93},""readiness"":{""_distance_atr"":0.784,""BR1_atr_distance"":{""score"":47.76612391718952},""BR2_compression"":{""score"":26.56709474013055},""BR3_retest"":{""score"":50.0},""BR4_bo_age"":{""score"":50.0},""_score"":43.25},""risk"":{""R1_stop_clarity"":{""score"":34.09123985225247},""R2_stop_distance_pct"":{""value"":2.75656656449341,""score"":100.0},""R3_stop_distance_atr"":{""value"":0.6134318446678645,""score"":55.67159223339322},""R4_rr_potential"":{""value"":3.0172941664213555,""score"":100.0},""_score"":70.28},""market"":{""M1_spy_regime"":{""score"":100.0},""M3_earnings_risk"":{""value"":null,""score"":80.0},""M4_vix"":{""value"":null,""score"":60.0},""_score"":84.0},""liquidity"":{""L1_price"":{""value"":120.71,""score"":100.0},""L2_dollar_vol"":{""value"":241994953.14240623,""score"":100.0},""L3_spread_proxy"":{""value"":0.030899676911606336,""score"":69.10032308839367},""L4_volume_zscore"":{""value"":-1.3747510094411106,""score"":100.0},""_score"":96.91},""pattern_structure"":{""top"":124.96,""top_touches"":4,""low_slope_per_bar"":0.0977055900621113,""lowest_low"":119.1701,""structural_low"":119.1701,""current_price"":120.93,""neckline_distance_pct"":0.033325064086661596,""base_bars"":31},""pattern_geometry_features"":{""top_touches"":4.0,""low_slope"":0.0977055900621113,""compression"":0.2514667212400219,""atr_pct"":0.0449368024900292},""_schema_version"":""1.0""}",,,,,,,,,,
20260504T200431Z-7bad84,2026-05-04T20:04:31.798741+00:00,MRVL,ascending_triangle,forming,55.36,99.4,50.1,52.1,39.2,2.9,64.6,33.9,84.0,97.2,14.91,14.03,4.16,5.5,0.34,5.17,1.36,5.04,4.86,False,,164.21,166.82,144.6472,186.79,"{""trend"":{""T1_ema_stack"":{""value"":[true,true,true],""score"":100.0},""T2_ema50_slope"":{""value"":1.0406345435581987,""score"":100},""T3_high_proximity"":{""value"":0.9918458564870742,""score"":95.9229282435371},""T4_rs_1m"":{""value"":0.4382246696116707,""score"":100},""T5_rs_3m"":{""value"":1.055035835154207,""score"":100},""T6_adr_healthy"":{""value"":4.7890855518384265,""score"":100.0},""_score"":99.39},""geometry"":{""sub_flat_top_quality"":66.7,""sub_hl_slope"":50.3,""sub_compression"":0,""sub_duration"":100.0,""_score"":50.1},""compression"":{""VC1_atr_ratio"":{""value"":0.6898454022171259,""score"":77.53864944571853},""VC2_range_contraction"":{""value"":1.0562866271611633,""score"":0},""VC3_range_pct_rank"":{""score"":84.16666666666667},""_score"":52.06},""sr_quality"":{""SR1_touches"":{""value"":2,""score"":25.0},""SR2_tightness"":{""value"":1.0587499999999963,""score"":74.92599171107173},""SR3_recency"":{""value"":247,""score"":0.0},""SR4_price_location"":{""score"":30.0},""SR5_reaction"":{""value"":1.7349023090586135,""score"":86.74511545293068},""_score"":39.25,""_levels_found"":4,""_target_level"":101.7113},""volume"":{""V1_rvol_day"":{""value"":0.3829024896584714,""score"":0},""V2_rvol_sameslot"":{""value"":0.39265129744811805,""score"":0,""status"":""ok""},""V3_breakout_bar"":{""value"":0.5729649852670504,""score"":4.864332351136694},""V4_base_dryup"":{""value"":1.4185237565669293,""score"":8.147624343307072},""V5_bo_expansion"":{""value"":0.38290248965847135,""score"":0},""_score"":2.85},""readiness"":{""_distance_atr"":0.309,""BR1_atr_distance"":{""score"":79.39609236234472},""BR2_compression"":{""score"":61.25013786311616},""BR3_retest"":{""score"":50.0},""BR4_bo_age"":{""score"":50.0},""_score"":64.57},""risk"":{""R1_stop_clarity"":{""score"":47.83303730017744},""R2_stop_distance_pct"":{""value"":11.91325132452349,""score"":2.168716886912758},""R3_stop_distance_atr"":{""value"":2.31648904677324,""score"":100.0},""R4_rr_potential"":{""value"":1.1542344506779445,""score"":7.711722533897225},""_score"":33.93},""market"":{""M1_spy_regime"":{""score"":100.0},""M3_earnings_risk"":{""value"":null,""score"":80.0},""M4_vix"":{""value"":null,""score"":60.0},""_score"":84.0},""liquidity"":{""L1_price"":{""value"":164.21,""score"":100.0},""L2_dollar_vol"":{""value"":1745604272.2628577,""score"":100.0},""L3_spread_proxy"":{""value"":0.027769319773460824,""score"":72.23068022653918},""L4_volume_zscore"":{""value"":-2.0388882524723217,""score"":100.0},""_score"":97.22},""pattern_structure"":{""top"":166.82,""top_touches"":3,""low_slope_per_bar"":0.2214165390505357,""lowest_low"":146.85,""structural_low"":146.85,""current_price"":164.175,""neckline_distance_pct"":0.016110857316887356,""base_bars"":38},""pattern_geometry_features"":{""top_touches"":3.0,""low_slope"":0.2214165390505357,""compression"":-0.21689836981278998,""atr_pct"":0.05142804944887646},""_schema_version"":""1.0""}",,,,,,,,,,
20260504T200431Z-7bad84,2026-05-04T20:04:31.798741+00:00,TSEM,double_bottom,forming,55.35,84.3,55.8,51.5,43.6,1.1,54.4,71.6,84.0,94.1,12.64,13.96,4.12,6.11,0.14,4.35,4.3,5.04,4.7,False,,214.73,223.57,198.4728,245.6448,"{""trend"":{""T1_ema_stack"":{""value"":[true,true,true],""score"":100.0},""T2_ema50_slope"":{""value"":0.8329739759160404,""score"":100},""T3_high_proximity"":{""value"":0.9482446456171341,""score"":74.122322808567},""T4_rs_1m"":{""value"":-0.009280640173050303,""score"":40.7193598269497},""T5_rs_3m"":{""value"":0.5360754144452675,""score"":100},""T6_adr_healthy"":{""value"":6.356664705945445,""score"":100.0},""_score"":84.26},""geometry"":{""sub_low_similarity"":33.5,""sub_bounce_quality"":100,""sub_separation_fit"":0.0,""sub_right_bottom_reaction"":38.6,""sub_base_context"":100.0,""_score"":55.84},""compression"":{""VC1_atr_ratio"":{""value"":0.5294731835752667,""score"":100},""VC2_range_contraction"":{""value"":1.0065294414212174,""score"":0},""VC3_range_pct_rank"":{""score"":45.833333333333336},""_score"":51.46},""sr_quality"":{""SR1_touches"":{""value"":2,""score"":25.0},""SR2_tightness"":{""value"":0.6655499999999961,""score"":90.84058387014015},""SR3_recency"":{""value"":235,""score"":0.0},""SR4_price_location"":{""score"":30.0},""SR5_reaction"":{""value"":2.550781445834534,""score"":100},""_score"":43.63,""_levels_found"":6,""_target_level"":196.0256},""volume"":{""V1_rvol_day"":{""value"":0.5785790481517756,""score"":5.2386032101183755},""V2_rvol_sameslot"":{""value"":0.4260877967902117,""score"":0,""status"":""ok""},""V3_breakout_bar"":{""value"":0.4660281821605768,""score"":0},""V4_base_dryup"":{""value"":1.6145194510944363,""score"":0},""V5_bo_expansion"":{""value"":0.5785790481517755,""score"":0},""_score"":1.05},""readiness"":{""_distance_atr"":0.608,""BR1_atr_distance"":{""score"":59.447455193468315},""BR2_compression"":{""score"":52.483719335089205},""BR3_retest"":{""score"":50.0},""BR4_bo_age"":{""score"":50.0},""_score"":54.4},""risk"":{""R1_stop_clarity"":{""score"":58.40481440231374},""R2_stop_distance_pct"":{""value"":7.571009174311913,""score"":100.0},""R3_stop_distance_atr"":{""value"":1.118674151979638,""score"":80.9337075989819},""R4_rr_potential"":{""value"":1.9016033975779907,""score"":45.08016987889953},""_score"":71.6},""market"":{""M1_spy_regime"":{""score"":100.0},""M3_earnings_risk"":{""value"":null,""score"":80.0},""M4_vix"":{""value"":null,""score"":60.0},""_score"":84.0},""liquidity"":{""L1_price"":{""value"":214.73,""score"":100.0},""L2_dollar_vol"":{""value"":305829194.1669729,""score"":100.0},""L3_spread_proxy"":{""value"":0.05905090113165374,""score"":40.94909886834626},""L4_volume_zscore"":{""value"":-1.3585490263888012,""score"":100.0},""_score"":94.09},""pattern_structure"":{""left_low"":201.4952,""left_idx"":26,""right_low"":208.31,""right_idx"":75,""separation_bars"":49,""structural_low"":201.4952,""current_price"":213.79,""neckline_distance_pct"":0.045745825342625945,""base_bars"":49},""pattern_geometry_features"":{""low_similarity_pct"":0.03325872878138194,""bounce_pct"":0.1095549670662129,""right_bottom_reaction"":0.3859275053304911,""atr_pct"":0.06767841342283665},""_schema_version"":""1.0""}",,,,,,,,,,
20260504T200431Z-7bad84,2026-05-04T20:04:31.798741+00:00,LEU,double_bottom,forming,55.08,36.1,68.2,35.9,69.2,17.4,51.5,64.2,84.0,95.8,5.42,17.04,2.88,9.68,2.27,4.12,3.85,5.04,4.79,True,reversal_trend_cap,207.245,210.81,198.8321,219.76,"{""trend"":{""T1_ema_stack"":{""value"":[true,false,false],""score"":33.33333333333333},""T2_ema50_slope"":{""value"":-0.13338005958560833,""score"":27.769990069065276},""T3_high_proximity"":{""value"":0.7389203836417442,""score"":0},""T4_rs_1m"":{""value"":0.03631610717092548,""score"":86.31610717092548},""T5_rs_3m"":{""value"":-0.2569678452188866,""score"":0},""T6_adr_healthy"":{""value"":6.84169360425344,""score"":100.0},""_score"":36.15},""geometry"":{""sub_low_similarity"":98.6,""sub_bounce_quality"":20.5,""sub_separation_fit"":100.0,""sub_right_bottom_reaction"":89.9,""sub_base_context"":30.0,""_score"":68.16},""compression"":{""VC1_atr_ratio"":{""value"":0.8677069284846215,""score"":33.073267878844625},""VC2_range_contraction"":{""value"":1.1714186147578163,""score"":0},""VC3_range_pct_rank"":{""score"":90.83333333333333},""_score"":35.94},""sr_quality"":{""SR1_touches"":{""value"":5,""score"":100},""SR2_tightness"":{""value"":4.098243953695287,""score"":47.86659819932394},""SR3_recency"":{""value"":233,""score"":0.0},""SR4_price_location"":{""score"":67.86084310600613},""SR5_reaction"":{""value"":2.2921722774976154,""score"":100},""_score"":69.15,""_levels_found"":7,""_target_level"":216.5821},""volume"":{""V1_rvol_day"":{""value"":0.6312179727408871,""score"":8.747864849392473},""V2_rvol_sameslot"":{""value"":0.737590694200728,""score"":15.839379613381865,""status"":""ok""},""V3_breakout_bar"":{""value"":0.8003048279102912,""score"":20.02032186068608},""V4_base_dryup"":{""value"":1.1242250325550358,""score"":37.57749674449642},""V5_bo_expansion"":{""value"":0.6312179727408869,""score"":0},""_score"":17.44},""readiness"":{""_distance_atr"":0.227,""BR1_atr_distance"":{""score"":84.88331591779868},""BR2_compression"":{""score"":0},""BR3_retest"":{""score"":50.0},""BR4_bo_age"":{""score"":50.0},""_score"":51.45},""risk"":{""R1_stop_clarity"":{""score"":61.48234973422358},""R2_stop_distance_pct"":{""value"":4.059398296701975,""score"":100.0},""R3_stop_distance_atr"":{""value"":0.5350988142292495,""score"":51.754940711462474},""R4_rr_potential"":{""value"":1.4875964292931065,""score"":24.379821464655326},""_score"":64.16},""market"":{""M1_spy_regime"":{""score"":100.0},""M3_earnings_risk"":{""value"":null,""score"":80.0},""M4_vix"":{""value"":null,""score"":60.0},""_score"":84.0},""liquidity"":{""L1_price"":{""value"":207.245,""score"":100.0},""L2_dollar_vol"":{""value"":118658987.57103607,""score"":100.0},""L3_spread_proxy"":{""value"":0.04202755193128909,""score"":57.97244806871091},""L4_volume_zscore"":{""value"":-1.0273090647314298,""score"":100.0},""_score"":95.8},""pattern_structure"":{""left_low"":201.86,""left_idx"":51,""right_low"":202.0,""right_idx"":74,""separation_bars"":23,""structural_low"":201.86,""current_price"":206.77,""neckline_distance_pct"":0.019538617787880214,""base_bars"":23},""pattern_geometry_features"":{""low_similarity_pct"":0.0006933095627196867,""bounce_pct"":0.044337659764192947,""right_bottom_reaction"":0.8991666666666683,""atr_pct"":0.07586259189434175},""_schema_version"":""1.0""}",,,,,,,,,,
20260504T200431Z-7bad84,2026-05-04T20:04:31.798741+00:00,CCJ,bull_flag,absent,55.05,63.3,43.6,50.2,56.2,52.8,39.5,71.8,84.0,96.4,8.86,13.09,4.51,5.62,7.4,3.55,2.15,5.04,4.82,False,,118.47,122.74,116.1286,133.6231,"{""trend"":{""T1_ema_stack"":{""value"":[true,true,true],""score"":100.0},""T2_ema50_slope"":{""value"":0.2271421887776951,""score"":87.85703146294918},""T3_high_proximity"":{""value"":0.9367438918320551,""score"":68.37194591602753},""T4_rs_1m"":{""value"":-0.04246031410787543,""score"":7.539685892124567},""T5_rs_3m"":{""value"":-0.04703100300233487,""score"":26.484498498832565},""T6_adr_healthy"":{""value"":4.443497391304952,""score"":100.0},""_score"":63.31},""geometry"":{""sub_pole_impulse"":20.6,""sub_flag_tightness"":37.3,""sub_flag_shallowness"":18.9,""sub_flag_drift"":95.7,""sub_flag_duration"":100.0,""_score"":43.64},""compression"":{""VC1_atr_ratio"":{""value"":0.6816971376875713,""score"":79.57571557810716},""VC2_range_contraction"":{""value"":1.2450785152017192,""score"":0},""VC3_range_pct_rank"":{""score"":73.33333333333334},""_score"":50.16},""sr_quality"":{""SR1_touches"":{""value"":3,""score"":50.0},""SR2_tightness"":{""value"":1.0735130284361822,""score"":66.03609138866034},""SR3_recency"":{""value"":239,""score"":0.0},""SR4_price_location"":{""score"":65.0751085717122},""SR5_reaction"":{""value"":2.009335498283068,""score"":100},""_score"":56.17,""_levels_found"":6,""_target_level"":121.2853},""volume"":{""V1_rvol_day"":{""value"":0.9100898785916086,""score"":27.339325239440576},""V2_rvol_sameslot"":{""value"":1.8463464288043103,""score"":89.75642858695402,""status"":""ok""},""V3_breakout_bar"":{""value"":1.795737943696647,""score"":86.38252957977647},""V4_base_dryup"":{""value"":1.1093314292144631,""score"":39.06685707855368},""V5_bo_expansion"":{""value"":0.9100898785916085,""score"":0},""_score"":52.83},""readiness"":{""_distance_atr"":0.675,""BR1_atr_distance"":{""score"":54.96844288212516},""BR2_compression"":{""score"":0},""BR3_retest"":{""score"":50.0},""BR4_bo_age"":{""score"":50.0},""_score"":39.49},""risk"":{""R1_stop_clarity"":{""score"":44.04940288742829},""R2_stop_distance_pct"":{""value"":1.976328606398247,""score"":99.40821515995617},""R3_stop_distance_atr"":{""value"":0.3703803125165964,""score"":43.51901562582982},""R4_rr_potential"":{""value"":6.471931976185589,""score"":100.0},""_score"":71.77},""market"":{""M1_spy_regime"":{""score"":100.0},""M3_earnings_risk"":{""value"":null,""score"":80.0},""M4_vix"":{""value"":null,""score"":60.0},""_score"":84.0},""liquidity"":{""L1_price"":{""value"":118.47,""score"":100.0},""L2_dollar_vol"":{""value"":318931597.12744045,""score"":100.0},""L3_spread_proxy"":{""value"":0.0359584704988604,""score"":64.04152950113959},""L4_volume_zscore"":{""value"":-0.3453152133647337,""score"":100.0},""_score"":96.4},""pattern_structure"":{""pole_low"":111.8569,""pole_low_idx"":36,""peak_price"":122.74,""peak_idx"":47,""pole_gain"":0.09729484725573477,""flag_bars"":12,""flag_low"":117.8971,""flag_high"":122.39,""structural_low"":117.8971,""current_price"":118.33,""neckline_distance_pct"":0.03726865545508321,""base_bars"":12},""pattern_geometry_features"":{""pole_gain"":0.09729484725573477,""pullback_pct"":0.0394565748737168,""flag_range_pct"":0.036605018738797505,""flag_drift_per_bar"":-0.0008523750398169342,""atr_pct"":0.05335944000289404,""pole_atr_multiple"":1.8233858385781},""_schema_version"":""1.0""}",,,,,,,,,,
20260504T200431Z-7bad84,2026-05-04T20:04:31.798741+00:00,CRWD,bull_flag,forming,55.0,81.0,66.9,67.6,38.5,13.4,66.8,64.9,84.0,96.5,11.33,20.08,6.09,3.85,1.87,6.01,1.95,5.04,4.83,True,risk_unclear,468.605,471.81,457.631,511.07,"{""trend"":{""T1_ema_stack"":{""value"":[true,true,false],""score"":66.66666666666666},""T2_ema50_slope"":{""value"":0.12410811295072452,""score"":70.68468549178742},""T3_high_proximity"":{""value"":1.0,""score"":99.99999999999997},""T4_rs_1m"":{""value"":0.07922336337692348,""score"":100},""T5_rs_3m"":{""value"":0.035245876648773544,""score"":67.62293832438678},""T6_adr_healthy"":{""value"":4.423486833395834,""score"":100.0},""_score"":80.95},""geometry"":{""sub_pole_impulse"":37.6,""sub_flag_tightness"":75.5,""sub_flag_shallowness"":66.3,""sub_flag_drift"":98.5,""sub_flag_duration"":87.5,""_score"":66.94},""compression"":{""VC1_atr_ratio"":{""value"":0.45638077271652644,""score"":100},""VC2_range_contraction"":{""value"":0.7653761120479514,""score"":39.10398132534143},""VC3_range_pct_rank"":{""score"":55.833333333333336},""_score"":67.64},""sr_quality"":{""SR1_touches"":{""value"":2,""score"":25.0},""SR2_tightness"":{""value"":0.27504999999999313,""score"":96.76030215417578},""SR3_recency"":{""value"":296,""score"":0.0},""SR4_price_location"":{""score"":6.146264367038848},""SR5_reaction"":{""value"":2.2167224676793715,""score"":100},""_score"":38.55,""_levels_found"":6,""_target_level"":477.2749},""volume"":{""V1_rvol_day"":{""value"":0.5287324121288619,""score"":1.9154941419241271},""V2_rvol_sameslot"":{""value"":0.4213048049661639,""score"":0,""status"":""ok""},""V3_breakout_bar"":{""value"":0.7197704634223949,""score"":14.651364228159661},""V4_base_dryup"":{""value"":1.0331371697117635,""score"":46.68628302882365},""V5_bo_expansion"":{""value"":0.5287324121288619,""score"":0},""_score"":13.38},""readiness"":{""_distance_atr"":0.189,""BR1_atr_distance"":{""score"":87.41655263180411},""BR2_compression"":{""score"":57.18664065687634},""BR3_retest"":{""score"":50.0},""BR4_bo_age"":{""score"":50.0},""_score"":66.76},""risk"":{""R1_stop_clarity"":{""score"":17.915090756045984},""R2_stop_distance_pct"":{""value"":2.3418444105376572,""score"":100.0},""R3_stop_distance_atr"":{""value"":0.6462905682616956,""score"":57.31452841308477},""R4_rr_potential"":{""value"":3.8696008747949713,""score"":100.0},""_score"":64.87},""market"":{""M1_spy_regime"":{""score"":100.0},""M3_earnings_risk"":{""value"":null,""score"":80.0},""M4_vix"":{""value"":null,""score"":60.0},""_score"":84.0},""liquidity"":{""L1_price"":{""value"":468.605,""score"":100.0},""L2_dollar_vol"":{""value"":827867210.3838023,""score"":100.0},""L3_spread_proxy"":{""value"":0.03501861909283937,""score"":64.98138090716063},""L4_volume_zscore"":{""value"":-0.9352383213069703,""score"":100.0},""_score"":96.5},""pattern_structure"":{""pole_low"":432.55,""pole_low_idx"":42,""peak_price"":471.81,""peak_idx"":55,""pole_gain"":0.09076407351751241,""flag_bars"":4,""flag_low"":464.6,""flag_high"":470.905,""structural_low"":464.6,""current_price"":468.85,""neckline_distance_pct"":0.0063133198251039335,""base_bars"":4},""pattern_geometry_features"":{""pole_gain"":0.09076407351751241,""pullback_pct"":0.01528157521036006,""flag_range_pct"":0.013363430194357793,""flag_drift_per_bar"":-0.0003033806121361383,""atr_pct"":0.03623516302947809,""pole_atr_multiple"":2.5048617400637574},""_schema_version"":""1.0""}",,,,,,,,,,
20260504T200431Z-7bad84,2026-05-04T20:04:31.798741+00:00,CRWD,vcp,setup,55.0,81.0,68.4,67.6,38.5,13.4,71.8,66.4,84.0,96.5,12.14,17.09,8.12,4.63,1.74,5.03,3.32,5.04,4.83,True,risk_unclear,468.605,467.95,429.0266,574.0933,"{""trend"":{""T1_ema_stack"":{""value"":[true,true,false],""score"":66.66666666666666},""T2_ema50_slope"":{""value"":0.12410811295072452,""score"":70.68468549178742},""T3_high_proximity"":{""value"":1.0,""score"":99.99999999999997},""T4_rs_1m"":{""value"":0.07922336337692348,""score"":100},""T5_rs_3m"":{""value"":0.035245876648773544,""score"":67.62293832438678},""T6_adr_healthy"":{""value"":4.423486833395834,""score"":100.0},""_score"":80.95},""geometry"":{""sub_contraction_count"":100.0,""sub_reduction_rate"":41.2,""sub_pivot_tightness"":44.0,""sub_volume_dryup"":72.5,""sub_base_depth"":56.0,""sub_base_duration"":100.0,""_score"":68.38},""compression"":{""VC1_atr_ratio"":{""value"":0.45638077271652644,""score"":100},""VC2_range_contraction"":{""value"":0.7653761120479514,""score"":39.10398132534143},""VC3_range_pct_rank"":{""score"":55.833333333333336},""_score"":67.64},""sr_quality"":{""SR1_touches"":{""value"":2,""score"":25.0},""SR2_tightness"":{""value"":0.27504999999999313,""score"":96.76030215417578},""SR3_recency"":{""value"":296,""score"":0.0},""SR4_price_location"":{""score"":6.146264367038848},""SR5_reaction"":{""value"":2.2167224676793715,""score"":100},""_score"":38.55,""_levels_found"":6,""_target_level"":477.2749},""volume"":{""V1_rvol_day"":{""value"":0.5287324121288619,""score"":1.9154941419241271},""V2_rvol_sameslot"":{""value"":0.4213048049661639,""score"":0,""status"":""ok""},""V3_breakout_bar"":{""value"":0.7197704634223949,""score"":14.651364228159661},""V4_base_dryup"":{""value"":1.0331371697117635,""score"":46.68628302882365},""V5_bo_expansion"":{""value"":0.5287324121288619,""score"":0},""_score"":13.38},""readiness"":{""_distance_atr"":-0.039,""BR1_atr_distance"":{""score"":100.0},""BR2_compression"":{""score"":57.18664065687634},""BR3_retest"":{""score"":50.0},""BR4_bo_age"":{""score"":50.0},""_score"":71.8},""risk"":{""R1_stop_clarity"":{""score"":23.0458392804632},""R2_stop_distance_pct"":{""value"":8.446004630765792,""score"":88.8498842308552},""R3_stop_distance_atr"":{""value"":2.3308863337788175,""score"":100.0},""R4_rr_potential"":{""value"":2.665299759464755,""score"":83.26498797323777},""_score"":66.37},""market"":{""M1_spy_regime"":{""score"":100.0},""M3_earnings_risk"":{""value"":null,""score"":80.0},""M4_vix"":{""value"":null,""score"":60.0},""_score"":84.0},""liquidity"":{""L1_price"":{""value"":468.605,""score"":100.0},""L2_dollar_vol"":{""value"":827867210.3838023,""score"":100.0},""L3_spread_proxy"":{""value"":0.03501861909283937,""score"":64.98138090716063},""L4_volume_zscore"":{""value"":-0.9352383213069703,""score"":100.0},""_score"":96.5},""pattern_structure"":{""n_contractions"":5,""contractions_pct"":[23.13,20.64,19.95,18.99,6.92],""descending_strict"":false,""final_low"":435.56,""final_pivot"":467.95,""structural_low"":435.56,""dry_up_ratio"":0.6375670603514233,""current_price"":468.605,""neckline_distance_pct"":-0.001397765708859337,""base_bars"":61,""recent_base_height"":106.14330000000001},""pattern_geometry_features"":{""contraction_count"":5.0,""first_contraction_pct"":0.2312807881773399,""last_contraction_pct"":0.06921679666631048,""dry_up_ratio"":0.6375670603514233,""near_monotone"":0.0,""base_depth_pct"":0.1059934318555008},""_schema_version"":""1.0""}",,,,,,,,,,
20260504T200431Z-7bad84,2026-05-04T20:04:31.798741+00:00,CRWD,cup_with_handle,setup,55.0,81.0,66.9,67.6,38.5,13.4,71.8,65.2,84.0,96.5,11.33,20.07,5.41,4.63,1.74,5.74,3.26,4.2,4.83,True,risk_unclear,468.605,467.95,426.0618,611.78,"{""trend"":{""T1_ema_stack"":{""value"":[true,true,false],""score"":66.66666666666666},""T2_ema50_slope"":{""value"":0.12410811295072452,""score"":70.68468549178742},""T3_high_proximity"":{""value"":1.0,""score"":99.99999999999997},""T4_rs_1m"":{""value"":0.07922336337692348,""score"":100},""T5_rs_3m"":{""value"":0.035245876648773544,""score"":67.62293832438678},""T6_adr_healthy"":{""value"":4.423486833395834,""score"":100.0},""_score"":80.95},""geometry"":{""sub_cup_depth"":84.4,""sub_cup_duration"":100.0,""sub_rim_symmetry"":23.5,""sub_handle_shallowness"":37.0,""sub_handle_proportion"":100.0,""sub_u_shape"":86.1,""_score"":66.9},""compression"":{""VC1_atr_ratio"":{""value"":0.45638077271652644,""score"":100},""VC2_range_contraction"":{""value"":0.7653761120479514,""score"":39.10398132534143},""VC3_range_pct_rank"":{""score"":55.833333333333336},""_score"":67.64},""sr_quality"":{""SR1_touches"":{""value"":2,""score"":25.0},""SR2_tightness"":{""value"":0.27504999999999313,""score"":96.76030215417578},""SR3_recency"":{""value"":296,""score"":0.0},""SR4_price_location"":{""score"":6.146264367038848},""SR5_reaction"":{""value"":2.2167224676793715,""score"":100},""_score"":38.55,""_levels_found"":6,""_target_level"":477.2749},""volume"":{""V1_rvol_day"":{""value"":0.5287324121288619,""score"":1.9154941419241271},""V2_rvol_sameslot"":{""value"":0.4213048049661639,""score"":0,""status"":""ok""},""V3_breakout_bar"":{""value"":0.7197704634223949,""score"":14.651364228159661},""V4_base_dryup"":{""value"":1.0331371697117635,""score"":46.68628302882365},""V5_bo_expansion"":{""value"":0.5287324121288619,""score"":0},""_score"":13.38},""readiness"":{""_distance_atr"":-0.039,""BR1_atr_distance"":{""score"":100.0},""BR2_compression"":{""score"":57.18664065687634},""BR3_retest"":{""score"":50.0},""BR4_bo_age"":{""score"":50.0},""_score"":71.8},""risk"":{""R1_stop_clarity"":{""score"":23.577642071734175},""R2_stop_distance_pct"":{""value"":9.078701678385848,""score"":73.03245804035382},""R3_stop_distance_atr"":{""value"":2.5054949169126486,""score"":100.0},""R4_rr_potential"":{""value"":3.3653987412809308,""score"":100.0},""_score"":65.16},""market"":{""M1_spy_regime"":{""score"":100.0},""M3_earnings_risk"":{""value"":null,""score"":80.0},""M4_vix"":{""value"":null,""score"":60.0},""_score"":84.0},""liquidity"":{""L1_price"":{""value"":468.605,""score"":100.0},""L2_dollar_vol"":{""value"":827867210.3838023,""score"":100.0},""L3_spread_proxy"":{""value"":0.03501861909283937,""score"":64.98138090716063},""L4_volume_zscore"":{""value"":-0.9352383213069703,""score"":100.0},""_score"":96.5},""pattern_structure"":{""left_rim"":486.55,""left_rim_idx"":99,""cup_bottom"":342.72,""cup_bottom_idx"":130,""right_rim"":467.95,""right_rim_idx"":171,""handle_low"":432.55,""handle_bars"":8,""cup_bars"":72,""structural_low"":432.55,""current_price"":468.605,""neckline_distance_pct"":-0.001397765708859337,""base_bars"":80},""pattern_geometry_features"":{""cup_depth_pct"":0.29561196177165755,""rim_symmetry_pct"":0.03822834241085196,""handle_depth_pct"":0.07564910781066349,""handle_to_cup_ratio"":0.1111111111111111,""cup_duration_bars"":72.0,""atr_pct"":0.03623516302947809,""u_shape_score"":0.4305555555555556},""_schema_version"":""1.0""}",,,,,,,,,,
20260504T200431Z-7bad84,2026-05-04T20:04:31.798741+00:00,CRM,breakout_retest_hold,forming,55.0,22.9,92.1,58.7,58.1,13.1,85.3,48.6,84.0,96.6,3.21,20.26,3.52,8.13,1.7,15.35,2.43,4.2,2.9,True,trend_floor;weak_retest_trend,185.925,186.04,183.7354,188.3059,"{""trend"":{""T1_ema_stack"":{""value"":[true,false,false],""score"":33.33333333333333},""T2_ema50_slope"":{""value"":-0.28202079315657896,""score"":2.996534473903509},""T3_high_proximity"":{""value"":0.9199198456286181,""score"":59.95992281430901},""T4_rs_1m"":{""value"":-0.10157692289664366,""score"":0},""T5_rs_3m"":{""value"":-0.15060101846090923,""score"":0},""T6_adr_healthy"":{""value"":3.674061029900176,""score"":100.0},""_score"":22.93},""geometry"":{""sub_retest_depth"":85.4,""sub_retest_timing"":100.0,""sub_retest_freshness"":100.0,""sub_hold_quality"":88.2,""_score"":92.08},""compression"":{""VC1_atr_ratio"":{""value"":0.5898770066185068,""score"":100},""VC2_range_contraction"":{""value"":0.8572870213925435,""score"":23.78549643457608},""VC3_range_pct_rank"":{""score"":41.666666666666664},""_score"":58.74},""sr_quality"":{""SR1_touches"":{""value"":3,""score"":50.0},""SR2_tightness"":{""value"":0.6687301398920199,""score"":82.44167469952892},""SR3_recency"":{""value"":243,""score"":0.0},""SR4_price_location"":{""score"":62.76491365777085},""SR5_reaction"":{""value"":2.2298094361101772,""score"":100},""_score"":58.06,""_levels_found"":7,""_target_level"":189.72},""volume"":{""V1_rvol_day"":{""value"":0.5023486935843947,""score"":0.1565795722929808},""V2_rvol_sameslot"":{""value"":0.4614827309795536,""score"":0,""status"":""ok""},""V3_breakout_bar"":{""value"":0.49570924828575436,""score"":0},""V4_base_dryup"":{""value"":0.8484451469785396,""score"":65.15548530214605},""V5_bo_expansion"":{""value"":0.5023486935843947,""score"":0},""_score"":13.06},""readiness"":{""_distance_atr"":0.015,""BR1_atr_distance"":{""score"":98.99351158805759},""BR2_compression"":{""score"":57.15643308717072},""BR3_retest"":{""score"":97.05470858409583},""BR4_bo_age"":{""score"":80},""_score"":85.3},""risk"":{""R1_stop_clarity"":{""score"":51.270741006775566},""R2_stop_distance_pct"":{""value"":1.1776861637757359,""score"":79.44215409439339},""R3_stop_distance_atr"":{""value"":0.28745479710506916,""score"":39.37273985525346},""R4_rr_potential"":{""value"":1.087380672814244,""score"":4.369033640712205},""_score"":48.56},""market"":{""M1_spy_regime"":{""score"":100.0},""M3_earnings_risk"":{""value"":null,""score"":80.0},""M4_vix"":{""value"":null,""score"":60.0},""_score"":84.0},""liquidity"":{""L1_price"":{""value"":185.925,""score"":100.0},""L2_dollar_vol"":{""value"":1257743958.8781295,""score"":100.0},""L3_spread_proxy"":{""value"":0.03409977141320426,""score"":65.90022858679573},""L4_volume_zscore"":{""value"":-1.663768183569252,""score"":100.0},""_score"":96.59},""pattern_structure"":{""level"":186.04,""level_idx"":68,""breakout_idx"":74,""bo_peak_idx"":75,""bo_peak_price"":190.31,""retest_idx"":76,""retest_low"":185.5913,""structural_low"":185.5913,""current_price"":186.28,""neckline_distance_pct"":-0.0012883830792356082,""base_bars"":11,""bars_since_breakout"":5},""pattern_geometry_features"":{""retest_depth_atr"":0.19801911534775862,""bars_breakout_to_retest"":2.0,""bars_since_retest"":3.0,""current_above_level_atr"":0.10591617491300118,""bo_peak_excess_pct"":0.022952053321866322,""atr_pct"":0.040969438521677316},""_schema_version"":""1.0""}",,,,,,,,,,
20260504T200431Z-7bad84,2026-05-04T20:04:31.798741+00:00,FTNT,double_bottom,setup,55.0,68.4,58.8,54.0,58.4,38.9,54.7,40.1,84.0,96.2,10.25,14.7,4.32,8.17,5.05,4.38,2.41,5.04,4.81,True,risk_unclear,89.2,87.64,80.8685,93.18,"{""trend"":{""T1_ema_stack"":{""value"":[true,true,false],""score"":66.66666666666666},""T2_ema50_slope"":{""value"":0.06430085589382559,""score"":60.7168093156376},""T3_high_proximity"":{""value"":1.0,""score"":99.99999999999997},""T4_rs_1m"":{""value"":-0.014053050659073918,""score"":35.94694934092608},""T5_rs_3m"":{""value"":0.06474960801658458,""score"":82.37480400829229},""T6_adr_healthy"":{""value"":3.389363977326021,""score"":100.0},""_score"":68.36},""geometry"":{""sub_low_similarity"":67.4,""sub_bounce_quality"":53.5,""sub_separation_fit"":0.0,""sub_right_bottom_reaction"":52.5,""sub_base_context"":100.0,""_score"":58.8},""compression"":{""VC1_atr_ratio"":{""value"":0.608987436589183,""score"":97.75314085270426},""VC2_range_contraction"":{""value"":0.8489905283874656,""score"":25.16824526875574},""VC3_range_pct_rank"":{""score"":24.16666666666667},""_score"":53.95},""sr_quality"":{""SR1_touches"":{""value"":6,""score"":100},""SR2_tightness"":{""value"":0.8804185399885411,""score"":39.02541678804054},""SR3_recency"":{""value"":225,""score"":0.0},""SR4_price_location"":{""score"":30.0},""SR5_reaction"":{""value"":2.454493872048876,""score"":100},""_score"":58.35,""_levels_found"":5,""_target_level"":86.6342},""volume"":{""V1_rvol_day"":{""value"":0.6470843451698264,""score"":9.805623011321758},""V2_rvol_sameslot"":{""value"":1.1550879439339632,""score"":43.672529595597545,""status"":""ok""},""V3_breakout_bar"":{""value"":1.3849207637270355,""score"":58.99471758180237},""V4_base_dryup"":{""value"":0.8286651160304718,""score"":67.13348839695283},""V5_bo_expansion"":{""value"":0.6470843451698263,""score"":0},""_score"":38.87},""readiness"":{""_distance_atr"":-0.54,""BR1_atr_distance"":{""score"":49.196007865543706},""BR2_compression"":{""score"":70.20086903402472},""BR3_retest"":{""score"":50.0},""BR4_bo_age"":{""score"":50.0},""_score"":54.73},""risk"":{""R1_stop_clarity"":{""score"":14.710792861648272},""R2_stop_distance_pct"":{""value"":9.340246636771306,""score"":66.49383408071733},""R3_stop_distance_atr"":{""value"":2.8850468098789266,""score"":100.0},""R4_rr_potential"":{""value"":0.4777050951209268,""score"":0.0},""_score"":40.1},""market"":{""M1_spy_regime"":{""score"":100.0},""M3_earnings_risk"":{""value"":null,""score"":80.0},""M4_vix"":{""value"":null,""score"":60.0},""_score"":84.0},""liquidity"":{""L1_price"":{""value"":89.2,""score"":100.0},""L2_dollar_vol"":{""value"":319405412.3567128,""score"":100.0},""L3_spread_proxy"":{""value"":0.03811210762331846,""score"":61.88789237668154},""L4_volume_zscore"":{""value"":-1.0226574667726755,""score"":100.0},""_score"":96.19},""pattern_structure"":{""left_low"":82.1,""left_idx"":20,""right_low"":83.45,""right_idx"":67,""separation_bars"":47,""structural_low"":82.1,""current_price"":89.57,""neckline_distance_pct"":-0.021547393100368347,""base_bars"":47},""pattern_geometry_features"":{""low_similarity_pct"":0.016309272123225714,""bounce_pct"":0.06747868453105976,""right_bottom_reaction"":0.5245098039215673,""atr_pct"":0.03237467969250481},""_schema_version"":""1.0""}",,,,,,,,,,
20260504T200431Z-7bad84,2026-05-04T20:04:31.798741+00:00,FTNT,cup_with_handle,setup,55.0,68.4,67.6,54.0,58.4,36.7,54.7,42.4,84.0,96.2,9.57,20.27,4.32,7.0,4.77,4.38,2.12,4.2,4.81,True,risk_unclear,89.2,87.64,80.5829,101.745,"{""trend"":{""T1_ema_stack"":{""value"":[true,true,false],""score"":66.66666666666666},""T2_ema50_slope"":{""value"":0.06430085589382559,""score"":60.7168093156376},""T3_high_proximity"":{""value"":1.0,""score"":99.99999999999997},""T4_rs_1m"":{""value"":-0.014053050659073918,""score"":35.94694934092608},""T5_rs_3m"":{""value"":0.06474960801658458,""score"":82.37480400829229},""T6_adr_healthy"":{""value"":3.389363977326021,""score"":100.0},""_score"":68.36},""geometry"":{""sub_cup_depth"":80.9,""sub_cup_duration"":0.0,""sub_rim_symmetry"":99.7,""sub_handle_shallowness"":44.6,""sub_handle_proportion"":90.8,""sub_u_shape"":89.7,""_score"":67.58},""compression"":{""VC1_atr_ratio"":{""value"":0.608987436589183,""score"":97.75314085270426},""VC2_range_contraction"":{""value"":0.8489905283874656,""score"":25.16824526875574},""VC3_range_pct_rank"":{""score"":24.16666666666667},""_score"":53.95},""sr_quality"":{""SR1_touches"":{""value"":6,""score"":100},""SR2_tightness"":{""value"":0.8804185399885411,""score"":39.02541678804054},""SR3_recency"":{""value"":225,""score"":0.0},""SR4_price_location"":{""score"":30.0},""SR5_reaction"":{""value"":2.454493872048876,""score"":100},""_score"":58.35,""_levels_found"":5,""_target_level"":86.6342},""volume"":{""V1_rvol_day"":{""value"":0.6470843451698264,""score"":9.805623011321758},""V2_rvol_sameslot"":{""value"":1.1550879439339632,""score"":43.672529595597545,""status"":""ok""},""V3_breakout_bar"":{""value"":1.3849207637270355,""score"":58.99471758180237},""V4_base_dryup"":{""value"":0.9370999220012154,""score"":56.29000779987846},""V5_bo_expansion"":{""value"":0.6470843451698263,""score"":0},""_score"":36.7},""readiness"":{""_distance_atr"":-0.54,""BR1_atr_distance"":{""score"":49.196007865543706},""BR2_compression"":{""score"":70.20086903402472},""BR3_retest"":{""score"":50.0},""BR4_bo_age"":{""score"":50.0},""_score"":54.73},""risk"":{""R1_stop_clarity"":{""score"":15.01205802693616},""R2_stop_distance_pct"":{""value"":9.660482062780265,""score"":58.48794843049339},""R3_stop_distance_atr"":{""value"":2.9839622058150588,""score"":100.0},""R4_rr_potential"":{""value"":1.4558177587717527,""score"":22.790887938587634},""_score"":42.36},""market"":{""M1_spy_regime"":{""score"":100.0},""M3_earnings_risk"":{""value"":null,""score"":80.0},""M4_vix"":{""value"":null,""score"":60.0},""_score"":84.0},""liquidity"":{""L1_price"":{""value"":89.2,""score"":100.0},""L2_dollar_vol"":{""value"":319405412.3567128,""score"":100.0},""L3_spread_proxy"":{""value"":0.03811210762331846,""score"":61.88789237668154},""L4_volume_zscore"":{""value"":-1.0226574667726755,""score"":100.0},""_score"":96.19},""pattern_structure"":{""left_rim"":87.655,""left_rim_idx"":55,""cup_bottom"":73.55,""cup_bottom_idx"":107,""right_rim"":87.64,""right_rim_idx"":171,""handle_low"":81.81,""handle_bars"":8,""cup_bars"":116,""structural_low"":81.81,""current_price"":89.2,""neckline_distance_pct"":-0.017488789237668185,""base_bars"":124},""pattern_geometry_features"":{""cup_depth_pct"":0.16091495065883296,""rim_symmetry_pct"":0.0001711254349438203,""handle_depth_pct"":0.06652213601095389,""handle_to_cup_ratio"":0.06896551724137931,""cup_duration_bars"":116.0,""atr_pct"":0.03237467969250481,""u_shape_score"":0.4482758620689655},""_schema_version"":""1.0""}",,,,,,,,,,
20260504T200431Z-7bad84,2026-05-04T20:04:31.798741+00:00,ADSK,bull_flag,forming,55.0,32.3,67.5,54.6,40.8,36.7,65.1,59.9,84.0,97.1,4.52,20.26,4.91,4.08,5.13,5.86,1.8,5.04,4.85,True,risk_unclear,247.4,249.98,243.0224,268.82,"{""trend"":{""T1_ema_stack"":{""value"":[true,false,false],""score"":33.33333333333333},""T2_ema50_slope"":{""value"":-0.11811506965198423,""score"":30.314155058002626},""T3_high_proximity"":{""value"":0.9366954414660003,""score"":68.3477207330001},""T4_rs_1m"":{""value"":-0.05572564136900149,""score"":0},""T5_rs_3m"":{""value"":-0.06452409201775366,""score"":17.73795399112317},""T6_adr_healthy"":{""value"":3.4650401845096024,""score"":100.0},""_score"":32.31},""geometry"":{""sub_pole_impulse"":35.4,""sub_flag_tightness"":73.6,""sub_flag_shallowness"":68.0,""sub_flag_drift"":99.4,""sub_flag_duration"":100.0,""_score"":67.53},""compression"":{""VC1_atr_ratio"":{""value"":0.49812504328339696,""score"":100},""VC2_range_contraction"":{""value"":0.925258299851314,""score"":12.456950024780996},""VC3_range_pct_rank"":{""score"":40.833333333333336},""_score"":54.57},""sr_quality"":{""SR1_touches"":{""value"":2,""score"":25.0},""SR2_tightness"":{""value"":0.8200000000000074,""score"":80.3566768904344},""SR3_recency"":{""value"":230,""score"":0.0},""SR4_price_location"":{""score"":24.956672443674094},""SR5_reaction"":{""value"":2.7314939106553906,""score"":100},""_score"":40.79,""_levels_found"":6,""_target_level"":251.73},""volume"":{""V1_rvol_day"":{""value"":0.5341831505977132,""score"":2.27887670651421},""V2_rvol_sameslot"":{""value"":1.3425632745371974,""score"":56.17088496914649,""status"":""ok""},""V3_breakout_bar"":{""value"":1.3394125028897588,""score"":55.96083352598392},""V4_base_dryup"":{""value"":0.9508583654350311,""score"":54.91416345649689},""V5_bo_expansion"":{""value"":0.5341831505977133,""score"":0},""_score"":36.66},""readiness"":{""_distance_atr"":0.309,""BR1_atr_distance"":{""score"":79.39846600704126},""BR2_compression"":{""score"":63.33796212668125},""BR3_retest"":{""score"":50.0},""BR4_bo_age"":{""score"":50.0},""_score"":65.09},""risk"":{""R1_stop_clarity"":{""score"":11.345179215379119},""R2_stop_distance_pct"":{""value"":1.7694616006467347,""score"":94.23654001616836},""R3_stop_distance_atr"":{""value"":0.5243387446581907,""score"":51.216937232909544},""R4_rr_potential"":{""value"":4.893038453525701,""score"":100.0},""_score"":59.92},""market"":{""M1_spy_regime"":{""score"":100.0},""M3_earnings_risk"":{""value"":null,""score"":80.0},""M4_vix"":{""value"":null,""score"":60.0},""_score"":84.0},""liquidity"":{""L1_price"":{""value"":247.4,""score"":100.0},""L2_dollar_vol"":{""value"":248904065.9120952,""score"":100.0},""L3_spread_proxy"":{""value"":0.02918350848827809,""score"":70.8164915117219},""L4_volume_zscore"":{""value"":-1.3565474618975426,""score"":100.0},""_score"":97.08},""pattern_structure"":{""pole_low"":231.14,""pole_low_idx"":39,""peak_price"":249.98,""peak_idx"":54,""pole_gain"":0.08150904213896341,""flag_bars"":5,""flag_low"":246.7232,""flag_high"":249.95,""structural_low"":246.7232,""current_price"":247.72,""neckline_distance_pct"":0.009123203616986883,""base_bars"":5},""pattern_geometry_features"":{""pole_gain"":0.08150904213896341,""pullback_pct"":0.013028242259380745,""flag_range_pct"":0.012908232658612679,""flag_drift_per_bar"":-0.00012110447279193696,""atr_pct"":0.033746535396697086,""pole_atr_multiple"":2.4153306756029553},""_schema_version"":""1.0""}",,,,,,,,,,
20260504T200431Z-7bad84,2026-05-04T20:04:31.798741+00:00,INTU,breakout_retest_hold,setup,55.0,16.8,77.4,59.1,58.9,31.8,84.0,50.2,84.0,95.4,2.35,17.02,3.55,8.25,4.13,15.13,2.51,4.2,2.86,True,trend_floor;weak_retest_trend,407.11,404.21,401.5341,410.2626,"{""trend"":{""T1_ema_stack"":{""value"":[true,false,false],""score"":33.33333333333333},""T2_ema50_slope"":{""value"":-0.4668461986135783,""score"":0},""T3_high_proximity"":{""value"":0.8460835047904067,""score"":23.04175239520334},""T4_rs_1m"":{""value"":-0.13125256712027444,""score"":0},""T5_rs_3m"":{""value"":-0.1968074422300733,""score"":0},""T6_adr_healthy"":{""value"":4.130195929278872,""score"":100.0},""_score"":16.79},""geometry"":{""sub_retest_depth"":24.6,""sub_retest_timing"":100.0,""sub_retest_freshness"":100.0,""sub_hold_quality"":100.0,""_score"":77.38},""compression"":{""VC1_atr_ratio"":{""value"":0.4915138561484999,""score"":100},""VC2_range_contraction"":{""value"":0.7790183130510878,""score"":36.83028115815203},""VC3_range_pct_rank"":{""score"":25.0},""_score"":59.14},""sr_quality"":{""SR1_touches"":{""value"":3,""score"":50.0},""SR2_tightness"":{""value"":4.151197658775388,""score"":52.60687513936128},""SR3_recency"":{""value"":230,""score"":0.0},""SR4_price_location"":{""score"":84.18369995570089},""SR5_reaction"":{""value"":2.310840461997223,""score"":100},""_score"":58.94,""_levels_found"":7,""_target_level"":413.2034},""volume"":{""V1_rvol_day"":{""value"":0.5297116800645433,""score"":1.9807786709695518},""V2_rvol_sameslot"":{""value"":0.6657238658098467,""score"":11.048257720656444,""status"":""ok""},""V3_breakout_bar"":{""value"":1.2225644806020675,""score"":48.17096537347116},""V4_base_dryup"":{""value"":0.6425397478482755,""score"":85.74602521517245},""V5_bo_expansion"":{""value"":0.5297116800645433,""score"":0},""_score"":31.8},""readiness"":{""_distance_atr"":-0.166,""BR1_atr_distance"":{""score"":100.0},""BR2_compression"":{""score"":48.21531039838231},""BR3_retest"":{""score"":100},""BR4_bo_age"":{""score"":80},""_score"":84.05},""risk"":{""R1_stop_clarity"":{""score"":53.69486328459464},""R2_stop_distance_pct"":{""value"":1.3696298297757477,""score"":84.24074574439369},""R3_stop_distance_atr"":{""value"":0.31829287187976824,""score"":40.91464359398841},""R4_rr_potential"":{""value"":0.5653949522562574,""score"":0.0},""_score"":50.2},""market"":{""M1_spy_regime"":{""score"":100.0},""M3_earnings_risk"":{""value"":null,""score"":80.0},""M4_vix"":{""value"":null,""score"":60.0},""_score"":84.0},""liquidity"":{""L1_price"":{""value"":407.11,""score"":100.0},""L2_dollar_vol"":{""value"":707733331.2473166,""score"":100.0},""L3_spread_proxy"":{""value"":0.04605634840706443,""score"":53.94365159293557},""L4_volume_zscore"":{""value"":-0.9316401015402117,""score"":100.0},""_score"":95.39},""pattern_structure"":{""level"":404.21,""level_idx"":50,""breakout_idx"":74,""bo_peak_idx"":75,""bo_peak_price"":418.15,""retest_idx"":77,""retest_low"":405.59,""structural_low"":405.59,""current_price"":407.375,""neckline_distance_pct"":-0.007769254372506954,""base_bars"":29,""bars_since_breakout"":5},""pattern_geometry_features"":{""retest_depth_atr"":-0.2280017277149546,""bars_breakout_to_retest"":3.0,""bars_since_retest"":2.0,""current_above_level_atr"":0.5229170059549554,""bo_peak_excess_pct"":0.03448702407164592,""atr_pct"":0.043030490179909245},""_schema_version"":""1.0""}",,,,,,,,,,
20260504T200431Z-7bad84,2026-05-04T20:04:31.798741+00:00,PLTR,bull_flag,forming,55.0,30.6,63.1,74.1,63.3,36.1,50.4,67.5,84.0,97.0,4.28,18.93,6.67,6.33,5.05,4.53,2.02,5.04,4.85,True,risk_unclear,146.64,149.64,143.0466,164.6,"{""trend"":{""T1_ema_stack"":{""value"":[true,false,false],""score"":33.33333333333333},""T2_ema50_slope"":{""value"":-0.1695432695502086,""score"":21.742788408298562},""T3_high_proximity"":{""value"":0.9117135041034568,""score"":55.85675205172835},""T4_rs_1m"":{""value"":-0.10713134114114253,""score"":0},""T5_rs_3m"":{""value"":-0.040136192904845824,""score"":29.931903547577086},""T6_adr_healthy"":{""value"":4.3895364993338735,""score"":100.0},""_score"":30.55},""geometry"":{""sub_pole_impulse"":44.0,""sub_flag_tightness"":62.1,""sub_flag_shallowness"":46.9,""sub_flag_drift"":100,""sub_flag_duration"":100.0,""_score"":63.11},""compression"":{""VC1_atr_ratio"":{""value"":0.5414009450175622,""score"":100},""VC2_range_contraction"":{""value"":0.7293077859415217,""score"":45.11536900974639},""VC3_range_pct_rank"":{""score"":73.33333333333334},""_score"":74.12},""sr_quality"":{""SR1_touches"":{""value"":3,""score"":50.0},""SR2_tightness"":{""value"":0.6360817557515713,""score"":78.45900424276466},""SR3_recency"":{""value"":251,""score"":0.0},""SR4_price_location"":{""score"":86.30030959752312},""SR5_reaction"":{""value"":2.4281303178847824,""score"":100},""_score"":63.34,""_levels_found"":7,""_target_level"":148.41},""volume"":{""V1_rvol_day"":{""value"":0.9588357598595554,""score"":30.58905065730369},""V2_rvol_sameslot"":{""value"":1.1212580404878996,""score"":41.417202699193304,""status"":""ok""},""V3_breakout_bar"":{""value"":0.9461353453627214,""score"":29.74235635751476},""V4_base_dryup"":{""value"":0.788843771879131,""score"":71.1156228120869},""V5_bo_expansion"":{""value"":0.9588357598595556,""score"":0},""_score"":36.06},""readiness"":{""_distance_atr"":0.508,""BR1_atr_distance"":{""score"":66.13486306994723},""BR2_compression"":{""score"":25.584412861027715},""BR3_retest"":{""score"":50.0},""BR4_bo_age"":{""score"":50.0},""_score"":50.35},""risk"":{""R1_stop_clarity"":{""score"":26.229032339996692},""R2_stop_distance_pct"":{""value"":2.450473949809043,""score"":100.0},""R3_stop_distance_atr"":{""value"":0.6084506820801385,""score"":55.42253410400693},""R4_rr_potential"":{""value"":4.998086756879,""score"":100.0},""_score"":67.49},""market"":{""M1_spy_regime"":{""score"":100.0},""M3_earnings_risk"":{""value"":null,""score"":80.0},""M4_vix"":{""value"":null,""score"":60.0},""_score"":84.0},""liquidity"":{""L1_price"":{""value"":146.64,""score"":100.0},""L2_dollar_vol"":{""value"":6926561512.051586,""score"":100.0},""L3_spread_proxy"":{""value"":0.03010774686306596,""score"":69.89225313693404},""L4_volume_zscore"":{""value"":-0.09018468555193117,""score"":100.0},""_score"":96.99},""pattern_structure"":{""pole_low"":134.68,""pole_low_idx"":36,""peak_price"":149.64,""peak_idx"":54,""pole_gain"":0.11107811107811091,""flag_bars"":5,""flag_low"":145.225,""flag_high"":149.0,""structural_low"":145.225,""current_price"":147.58,""neckline_distance_pct"":0.013958530966255411,""base_bars"":5},""pattern_geometry_features"":{""pole_gain"":0.11107811107811091,""pullback_pct"":0.02950414327719856,""flag_range_pct"":0.025227211975407685,""flag_drift_per_bar"":0.0031202737498305794,""atr_pct"":0.04027399462239888,""pole_atr_multiple"":2.758060433775135},""_schema_version"":""1.0""}",,,,,,,,,,
20260504T200431Z-7bad84,2026-05-04T20:04:31.798741+00:00,PANW,bull_flag,forming,55.0,77.8,61.9,61.0,35.9,17.3,64.1,61.4,84.0,96.6,10.89,18.56,5.49,3.59,2.42,5.77,1.84,5.04,4.83,True,risk_unclear,184.89,187.27,181.4271,201.43,"{""trend"":{""T1_ema_stack"":{""value"":[true,true,false],""score"":66.66666666666666},""T2_ema50_slope"":{""value"":0.1328695381617227,""score"":72.14492302695379},""T3_high_proximity"":{""value"":1.0,""score"":99.99999999999997},""T4_rs_1m"":{""value"":0.03796285111017794,""score"":87.96285111017795},""T5_rs_3m"":{""value"":0.021428388706912216,""score"":60.71419435345611},""T6_adr_healthy"":{""value"":4.130096874352881,""score"":100.0},""_score"":77.8},""geometry"":{""sub_pole_impulse"":34.6,""sub_flag_tightness"":70.5,""sub_flag_shallowness"":59.8,""sub_flag_drift"":87.7,""sub_flag_duration"":87.5,""_score"":61.87},""compression"":{""VC1_atr_ratio"":{""value"":0.5704267152415804,""score"":100},""VC2_range_contraction"":{""value"":0.8219736857799479,""score"":29.671052370008688},""VC3_range_pct_rank"":{""score"":42.50000000000001},""_score"":61.01},""sr_quality"":{""SR1_touches"":{""value"":2,""score"":25.0},""SR2_tightness"":{""value"":0.5650000000000119,""score"":82.17964762562352},""SR3_recency"":{""value"":288,""score"":0.0},""SR4_price_location"":{""score"":4.342516116035233},""SR5_reaction"":{""value"":2.5066691148061,""score"":100},""_score"":35.91,""_levels_found"":7,""_target_level"":189.955},""volume"":{""V1_rvol_day"":{""value"":0.4977921470930825,""score"":0},""V2_rvol_sameslot"":{""value"":0.5750155443608214,""score"":5.001036290721425,""status"":""ok""},""V3_breakout_bar"":{""value"":0.8441558620783989,""score"":22.943724138559926},""V4_base_dryup"":{""value"":0.9726037746383587,""score"":52.739622536164134},""V5_bo_expansion"":{""value"":0.4977921470930825,""score"":0},""_score"":17.28},""readiness"":{""_distance_atr"":0.375,""BR1_atr_distance"":{""score"":74.97791230028582},""BR2_compression"":{""score"":66.3647923458338},""BR3_retest"":{""score"":50.0},""BR4_bo_age"":{""score"":50.0},""_score"":64.08},""risk"":{""R1_stop_clarity"":{""score"":12.858476889300405},""R2_stop_distance_pct"":{""value"":1.8729244415598483,""score"":96.82311103899622},""R3_stop_distance_atr"":{""value"":0.546099178934587,""score"":52.30495894672935},""R4_rr_potential"":{""value"":4.776412492600028,""score"":100.0},""_score"":61.39},""market"":{""M1_spy_regime"":{""score"":100.0},""M3_earnings_risk"":{""value"":null,""score"":80.0},""M4_vix"":{""value"":null,""score"":60.0},""_score"":84.0},""liquidity"":{""L1_price"":{""value"":184.89,""score"":100.0},""L2_dollar_vol"":{""value"":676040460.1813196,""score"":100.0},""L3_spread_proxy"":{""value"":0.03420952999080544,""score"":65.79047000919456},""L4_volume_zscore"":{""value"":-1.303833942799363,""score"":100.0},""_score"":96.58},""pattern_structure"":{""pole_low"":173.11,""pole_low_idx"":42,""peak_price"":187.27,""peak_idx"":55,""pole_gain"":0.08179770088383106,""flag_bars"":4,""flag_low"":184.19,""flag_high"":186.9,""structural_low"":184.19,""current_price"":184.76,""neckline_distance_pct"":0.013585191599913506,""base_bars"":4},""pattern_geometry_features"":{""pole_gain"":0.08179770088383106,""pullback_pct"":0.016446841458856262,""flag_range_pct"":0.01447108453035728,""flag_drift_per_bar"":-0.0024518294003030025,""atr_pct"":0.03429641562937034,""pole_atr_multiple"":2.3850218567383514},""_schema_version"":""1.0""}",,,,,,,,,,
20260504T200431Z-7bad84,2026-05-04T20:04:31.798741+00:00,NOW,breakout_retest_hold,forming,55.0,5.0,93.8,42.0,57.7,23.4,80.5,57.6,84.0,95.1,0.7,20.65,2.52,8.07,3.05,14.49,2.88,4.2,2.85,True,trend_floor;weak_retest_trend,92.45,92.6049,91.2087,94.1371,"{""trend"":{""T1_ema_stack"":{""value"":[false,false,false],""score"":0.0},""T2_ema50_slope"":{""value"":-0.6616854708984584,""score"":0},""T3_high_proximity"":{""value"":0.7435258163101174,""score"":0},""T4_rs_1m"":{""value"":-0.18849959772573766,""score"":0},""T5_rs_3m"":{""value"":-0.24908175740247362,""score"":0},""T6_adr_healthy"":{""value"":5.427933904762485,""score"":100.0},""_score"":5.0},""geometry"":{""sub_retest_depth"":100.0,""sub_retest_timing"":100.0,""sub_retest_freshness"":100.0,""sub_hold_quality"":79.5,""_score"":93.85},""compression"":{""VC1_atr_ratio"":{""value"":0.6786353033881468,""score"":80.34117415296329},""VC2_range_contraction"":{""value"":0.9335858745796795,""score"":11.06902090338676},""VC3_range_pct_rank"":{""score"":24.16666666666667},""_score"":42.05},""sr_quality"":{""SR1_touches"":{""value"":3,""score"":50.0},""SR2_tightness"":{""value"":0.49593906435726376,""score"":82.28671569797565},""SR3_recency"":{""value"":246,""score"":0.0},""SR4_price_location"":{""score"":62.373162145371765},""SR5_reaction"":{""value"":1.9635230908172465,""score"":98.17615454086233},""_score"":57.66,""_levels_found"":5,""_target_level"":98.5067},""volume"":{""V1_rvol_day"":{""value"":0.625351669717294,""score"":8.35677798115293},""V2_rvol_sameslot"":{""value"":0.997938728667727,""score"":33.195915244515135,""status"":""ok""},""V3_breakout_bar"":{""value"":1.059015657609345,""score"":37.26771050728967},""V4_base_dryup"":{""value"":1.2087281260963934,""score"":29.12718739036066},""V5_bo_expansion"":{""value"":0.625351669717294,""score"":0},""_score"":23.45},""readiness"":{""_distance_atr"":0.028,""BR1_atr_distance"":{""score"":98.15583006355867},""BR2_compression"":{""score"":40.38668188032411},""BR3_retest"":{""score"":95.75954017358289},""BR4_bo_age"":{""score"":80},""_score"":80.51},""risk"":{""R1_stop_clarity"":{""score"":67.09424604693162},""R2_stop_distance_pct"":{""value"":1.3426717144402482,""score"":83.5667928610062},""R3_stop_distance_atr"":{""value"":0.22167541724706397,""score"":36.08377086235319},""R4_rr_potential"":{""value"":1.3591453660332966,""score"":17.95726830166483},""_score"":57.56},""market"":{""M1_spy_regime"":{""score"":100.0},""M3_earnings_risk"":{""value"":null,""score"":80.0},""M4_vix"":{""value"":null,""score"":60.0},""_score"":84.0},""liquidity"":{""L1_price"":{""value"":92.45,""score"":100.0},""L2_dollar_vol"":{""value"":1718288230.0276992,""score"":100.0},""L3_spread_proxy"":{""value"":0.048891292590589615,""score"":51.108707409410385},""L4_volume_zscore"":{""value"":-0.6675919482564723,""score"":100.0},""_score"":95.11},""pattern_structure"":{""level"":92.6049,""level_idx"":68,""breakout_idx"":74,""bo_peak_idx"":75,""bo_peak_price"":95.62,""retest_idx"":78,""retest_low"":92.13,""structural_low"":92.13,""current_price"":92.66,""neckline_distance_pct"":-0.0005946470969134031,""base_bars"":11,""bars_since_breakout"":5},""pattern_geometry_features"":{""retest_depth_atr"":0.3099450372711668,""bars_breakout_to_retest"":4.0,""bars_since_retest"":1.0,""current_above_level_atr"":0.03596119510136837,""bo_peak_excess_pct"":0.032558752290645566,""atr_pct"":0.06056926523989803},""_schema_version"":""1.0""}",,,,,,,,,,
20260504T200431Z-7bad84,2026-05-04T20:04:31.798741+00:00,MSTR,double_bottom,setup,55.0,91.7,64.0,49.1,45.4,20.0,66.3,35.5,84.0,95.9,13.75,15.99,3.93,6.35,2.6,5.3,2.13,5.04,4.8,True,stop_too_wide,184.17,183.25,153.7684,210.3899,"{""trend"":{""T1_ema_stack"":{""value"":[true,true,false],""score"":66.66666666666666},""T2_ema50_slope"":{""value"":0.3314420189998869,""score"":100},""T3_high_proximity"":{""value"":1.0,""score"":99.99999999999997},""T4_rs_1m"":{""value"":0.4420551669490549,""score"":100},""T5_rs_3m"":{""value"":0.28642955761044786,""score"":100},""T6_adr_healthy"":{""value"":5.607162499203815,""score"":100.0},""_score"":91.67},""geometry"":{""sub_low_similarity"":42.9,""sub_bounce_quality"":100,""sub_separation_fit"":0.0,""sub_right_bottom_reaction"":73.9,""sub_base_context"":100.0,""_score"":63.95},""compression"":{""VC1_atr_ratio"":{""value"":0.7683708010544497,""score"":57.907299736387586},""VC2_range_contraction"":{""value"":0.9162802379211752,""score"":13.953293679804135},""VC3_range_pct_rank"":{""score"":84.16666666666667},""_score"":49.09},""sr_quality"":{""SR1_touches"":{""value"":3,""score"":50.0},""SR2_tightness"":{""value"":2.4634681262173572,""score"":56.4839558398444},""SR3_recency"":{""value"":290,""score"":0.0},""SR4_price_location"":{""score"":30.0},""SR5_reaction"":{""value"":1.917889726132256,""score"":95.8944863066128},""_score"":45.36,""_levels_found"":6,""_target_level"":165.9679},""volume"":{""V1_rvol_day"":{""value"":0.7907790180629555,""score"":19.3852678708637},""V2_rvol_sameslot"":{""value"":0.7235400262810361,""score"":14.90266841873574,""status"":""ok""},""V3_breakout_bar"":{""value"":0.5399978777857656,""score"":2.6665251857177052},""V4_base_dryup"":{""value"":0.8749131574340161,""score"":62.50868425659839},""V5_bo_expansion"":{""value"":0.7907790180629556,""score"":0},""_score"":20.03},""readiness"":{""_distance_atr"":-0.081,""BR1_atr_distance"":{""score"":100.0},""BR2_compression"":{""score"":35.07201908392704},""BR3_retest"":{""score"":50.0},""BR4_bo_age"":{""score"":50.0},""_score"":66.27},""risk"":{""R1_stop_clarity"":{""score"":58.63579114451092},""R2_stop_distance_pct"":{""value"":16.50733099853397,""score"":0.0},""R3_stop_distance_atr"":{""value"":2.685147909022546,""score"":100.0},""R4_rr_potential"":{""value"":0.8624526942317406,""score"":0.0},""_score"":35.52},""market"":{""M1_spy_regime"":{""score"":100.0},""M3_earnings_risk"":{""value"":null,""score"":80.0},""M4_vix"":{""value"":null,""score"":60.0},""_score"":84.0},""liquidity"":{""L1_price"":{""value"":184.17,""score"":100.0},""L2_dollar_vol"":{""value"":2740478973.3263407,""score"":100.0},""L3_spread_proxy"":{""value"":0.040804691317804134,""score"":59.195308682195865},""L4_volume_zscore"":{""value"":-0.4290588132197447,""score"":100.0},""_score"":95.92},""pattern_structure"":{""left_low"":160.635,""left_idx"":14,""right_low"":156.1101,""right_idx"":61,""separation_bars"":47,""structural_low"":156.1101,""current_price"":182.949,""neckline_distance_pct"":0.0016452672602746542,""base_bars"":47},""pattern_geometry_features"":{""low_similarity_pct"":0.0285712391446624,""bounce_pct"":0.1738510192485945,""right_bottom_reaction"":0.7394274446283388,""atr_pct"":0.06147643093725519},""_schema_version"":""1.0""}",,,,,,,,,,
20260504T200431Z-7bad84,2026-05-04T20:04:31.798741+00:00,EA,vcp,forming,55.0,49.4,58.4,59.3,67.9,32.2,28.9,60.3,84.0,99.7,7.41,14.59,7.12,8.15,4.19,2.03,3.01,5.04,4.99,True,risk_unclear,201.78,204.22,199.0192,211.43,"{""trend"":{""T1_ema_stack"":{""value"":[false,true,true],""score"":66.66666666666666},""T2_ema50_slope"":{""value"":0.018014009447159713,""score"":53.002334907859954},""T3_high_proximity"":{""value"":0.9883424764890283,""score"":94.17123824451411},""T4_rs_1m"":{""value"":-0.10381124301253608,""score"":0},""T5_rs_3m"":{""value"":-0.04149542994085065,""score"":29.252285029574676},""T6_adr_healthy"":{""value"":0.4017365189649106,""score"":72.54341297412277},""_score"":49.41},""geometry"":{""sub_contraction_count"":100.0,""sub_reduction_rate"":0,""sub_pivot_tightness"":100,""sub_volume_dryup"":55.8,""sub_base_depth"":0.0,""sub_base_duration"":100.0,""_score"":58.37},""compression"":{""VC1_atr_ratio"":{""value"":0.2624508552993292,""score"":100},""VC2_range_contraction"":{""value"":0.9758998625757019,""score"":4.016689570716344},""VC3_range_pct_rank"":{""score"":71.66666666666667},""_score"":59.32},""sr_quality"":{""SR1_touches"":{""value"":4,""score"":75.0},""SR2_tightness"":{""value"":0.13259430606176356,""score"":66.82180009178383},""SR3_recency"":{""value"":237,""score"":0.0},""SR4_price_location"":{""score"":81.68346176644981},""SR5_reaction"":{""value"":3.18252904378911,""score"":100},""_score"":67.94,""_levels_found"":5,""_target_level"":202.0375},""volume"":{""V1_rvol_day"":{""value"":0.5722360966645739,""score"":4.8157397776382584},""V2_rvol_sameslot"":{""value"":1.224419293305816,""score"":48.29461955372107,""status"":""ok""},""V3_breakout_bar"":{""value"":1.15190180727935,""score"":43.460120485290005},""V4_base_dryup"":{""value"":0.963428461836238,""score"":53.6571538163762},""V5_bo_expansion"":{""value"":0.5722360966645739,""score"":0},""_score"":32.22},""readiness"":{""_distance_atr"":3.053,""BR1_atr_distance"":{""score"":0},""BR2_compression"":{""score"":45.81084300313678},""BR3_retest"":{""score"":50.0},""BR4_bo_age"":{""score"":50.0},""_score"":28.95},""risk"":{""R1_stop_clarity"":{""score"":0},""R2_stop_distance_pct"":{""value"":1.3681980374665483,""score"":84.20495093666372},""R3_stop_distance_atr"":{""value"":3.4540214477211912,""score"":100.0},""R4_rr_potential"":{""value"":3.495426967309608,""score"":100.0},""_score"":60.26},""market"":{""M1_spy_regime"":{""score"":100.0},""M3_earnings_risk"":{""value"":null,""score"":80.0},""M4_vix"":{""value"":null,""score"":60.0},""_score"":84.0},""liquidity"":{""L1_price"":{""value"":201.78,""score"":100.0},""L2_dollar_vol"":{""value"":175792437.83532116,""score"":100.0},""L3_spread_proxy"":{""value"":0.0028744176826247026,""score"":97.12558231737529},""L4_volume_zscore"":{""value"":-1.6816757346075542,""score"":100.0},""_score"":99.71},""pattern_structure"":{""n_contractions"":5,""contractions_pct"":[0.44,3.96,2.08,2.41,1.06],""descending_strict"":false,""final_low"":202.05,""final_pivot"":204.22,""structural_low"":202.05,""dry_up_ratio"":0.720775279678278,""current_price"":201.78,""neckline_distance_pct"":0.012092377837248477,""base_bars"":60,""recent_base_height"":7.210000000000008},""pattern_geometry_features"":{""contraction_count"":5.0,""first_contraction_pct"":0.004398826979472169,""last_contraction_pct"":0.010625795710508213,""dry_up_ratio"":0.720775279678278,""near_monotone"":0.0,""base_depth_pct"":0.012463343108504317},""_schema_version"":""1.0""}",,,,,,,,,,
20260504T200431Z-7bad84,2026-05-04T20:04:31.798741+00:00,TTWO,cup_with_handle,breakout_confirmed,55.0,70.5,58.1,47.8,40.5,55.0,44.9,34.5,84.0,96.1,9.87,17.45,3.82,4.86,7.14,3.59,1.72,4.2,4.8,True,risk_unclear,225.05,221.22,203.3532,247.12,"{""trend"":{""T1_ema_stack"":{""value"":[true,true,false],""score"":66.66666666666666},""T2_ema50_slope"":{""value"":0.044414618705802315,""score"":57.40243645096705},""T3_high_proximity"":{""value"":1.0,""score"":99.99999999999997},""T4_rs_1m"":{""value"":0.031109741482002295,""score"":81.10974148200229},""T5_rs_3m"":{""value"":-0.017949237510276994,""score"":41.02538124486151},""T6_adr_healthy"":{""value"":2.6682487385057705,""score"":100.0},""_score"":70.52},""geometry"":{""sub_cup_depth"":41.3,""sub_cup_duration"":100.0,""sub_rim_symmetry"":28.0,""sub_handle_shallowness"":44.4,""sub_handle_proportion"":100.0,""sub_u_shape"":69.4,""_score"":58.15},""compression"":{""VC1_atr_ratio"":{""value"":0.5019657229921257,""score"":100},""VC2_range_contraction"":{""value"":0.9267723896796977,""score"":12.20460172005039},""VC3_range_pct_rank"":{""score"":14.166666666666671},""_score"":47.81},""sr_quality"":{""SR1_touches"":{""value"":2,""score"":25.0},""SR2_tightness"":{""value"":1.1749999999999972,""score"":63.77270399876682},""SR3_recency"":{""value"":291,""score"":0.0},""SR4_price_location"":{""score"":33.83947939262476},""SR5_reaction"":{""value"":2.1150574516464715,""score"":100},""_score"":40.53,""_levels_found"":7,""_target_level"":232.675},""volume"":{""V1_rvol_day"":{""value"":1.022569098204657,""score"":34.83793988031046},""V2_rvol_sameslot"":{""value"":1.8284528644480038,""score"":88.56352429653359,""status"":""ok""},""V3_breakout_bar"":{""value"":1.7084196252828199,""score"":80.561308352188},""V4_base_dryup"":{""value"":1.0042578045145802,""score"":49.574219548541976},""V5_bo_expansion"":{""value"":1.022569098204657,""score"":1.5046065469771275},""_score"":54.96},""readiness"":{""_distance_atr"":-0.59,""BR1_atr_distance"":{""score"":48.1914430906618},""BR2_compression"":{""score"":32.44228046810468},""BR3_retest"":{""score"":50.0},""BR4_bo_age"":{""score"":50.0},""_score"":44.89},""risk"":{""R1_stop_clarity"":{""score"":4.521805198451375},""R2_stop_distance_pct"":{""value"":9.64085758720286,""score"":58.97856031992852},""R3_stop_distance_atr"":{""value"":3.3447429128287625,""score"":100.0},""R4_rr_potential"":{""value"":1.0172030373212557,""score"":0.860151866062786},""_score"":34.45},""market"":{""M1_spy_regime"":{""score"":100.0},""M3_earnings_risk"":{""value"":null,""score"":80.0},""M4_vix"":{""value"":null,""score"":60.0},""_score"":84.0},""liquidity"":{""L1_price"":{""value"":225.05,""score"":100.0},""L2_dollar_vol"":{""value"":331139793.4757731,""score"":100.0},""L3_spread_proxy"":{""value"":0.03914685625416575,""score"":60.853143745834245},""L4_volume_zscore"":{""value"":0.10482019098187884,""score"":100.0},""_score"":96.09},""pattern_structure"":{""left_rim"":213.53,""left_rim_idx"":122,""cup_bottom"":187.63,""cup_bottom_idx"":154,""right_rim"":221.22,""right_rim_idx"":171,""handle_low"":206.45,""handle_bars"":8,""cup_bars"":49,""structural_low"":206.45,""current_price"":225.05,""neckline_distance_pct"":-0.0170184403465897,""base_bars"":57},""pattern_geometry_features"":{""cup_depth_pct"":0.12129443169578048,""rim_symmetry_pct"":0.03601367489345758,""handle_depth_pct"":0.0667661151794594,""handle_to_cup_ratio"":0.16326530612244897,""cup_duration_bars"":49.0,""atr_pct"":0.02882391214650713,""u_shape_score"":0.3469387755102041},""_schema_version"":""1.0""}",,,,,,,,,,
20260504T200431Z-7bad84,2026-05-04T20:04:31.798741+00:00,TRMB,vcp,forming,55.0,42.9,51.6,68.5,53.3,59.6,24.1,65.0,84.0,96.6,6.43,12.89,8.22,6.39,7.75,1.69,3.25,5.04,4.83,True,risk_unclear,68.5,70.8,64.8524,79.59,"{""trend"":{""T1_ema_stack"":{""value"":[true,false,false],""score"":33.33333333333333},""T2_ema50_slope"":{""value"":-0.01485294404168922,""score"":47.52450932638513},""T3_high_proximity"":{""value"":0.9721827987510645,""score"":86.09139937553223},""T4_rs_1m"":{""value"":-0.042967969841168685,""score"":7.0320301588313185},""T5_rs_3m"":{""value"":-0.02342256820518629,""score"":38.28871589740686},""T6_adr_healthy"":{""value"":2.349422344981216,""score"":100.0},""_score"":42.9},""geometry"":{""sub_contraction_count"":100.0,""sub_reduction_rate"":14.1,""sub_pivot_tightness"":42.7,""sub_volume_dryup"":21.3,""sub_base_depth"":34.5,""sub_base_duration"":100.0,""_score"":51.58},""compression"":{""VC1_atr_ratio"":{""value"":0.3180840425449799,""score"":100},""VC2_range_contraction"":{""value"":0.8471150144920334,""score"":25.480830917994435},""VC3_range_pct_rank"":{""score"":78.33333333333333},""_score"":68.5},""sr_quality"":{""SR1_touches"":{""value"":3,""score"":50.0},""SR2_tightness"":{""value"":0.09273618495496054,""score"":88.50751005249671},""SR3_recency"":{""value"":271,""score"":0.0},""SR4_price_location"":{""score"":39.999999999999744},""SR5_reaction"":{""value"":2.3938508748635328,""score"":100},""_score"":53.28,""_levels_found"":7,""_target_level"":69.18},""volume"":{""V1_rvol_day"":{""value"":0.779774825690618,""score"":18.651655046041196},""V2_rvol_sameslot"":{""value"":2.266161849749022,""score"":100,""status"":""ok""},""V3_breakout_bar"":{""value"":1.8685087616326357,""score"":91.23391744217571},""V4_base_dryup"":{""value"":0.8472489547292784,""score"":65.27510452707216},""V5_bo_expansion"":{""value"":0.779774825690618,""score"":0},""_score"":59.59},""readiness"":{""_distance_atr"":1.425,""BR1_atr_distance"":{""score"":4.989525242689965},""BR2_compression"":{""score"":18.62308234093433},""BR3_retest"":{""score"":50.0},""BR4_bo_age"":{""score"":50.0},""_score"":24.15},""risk"":{""R1_stop_clarity"":{""score"":0},""R2_stop_distance_pct"":{""value"":5.324963503649631,""score"":100.0},""R3_stop_distance_atr"":{""value"":2.260175267770202,""score"":100.0},""R4_rr_potential"":{""value"":3.0403553021164633,""score"":100.0},""_score"":65.0},""market"":{""M1_spy_regime"":{""score"":100.0},""M3_earnings_risk"":{""value"":null,""score"":80.0},""M4_vix"":{""value"":null,""score"":60.0},""_score"":84.0},""liquidity"":{""L1_price"":{""value"":68.5,""score"":100.0},""L2_dollar_vol"":{""value"":82499173.245566,""score"":95.82247981738251},""L3_spread_proxy"":{""value"":0.017153284671532806,""score"":82.8467153284672},""L4_volume_zscore"":{""value"":-1.2835437765755942,""score"":100.0},""_score"":96.61},""pattern_structure"":{""n_contractions"":5,""contractions_pct"":[11.68,6.83,6.08,8.8,7.01],""descending_strict"":false,""final_low"":65.84,""final_pivot"":70.8,""structural_low"":65.84,""dry_up_ratio"":0.8933661807182673,""current_price"":68.5,""neckline_distance_pct"":0.033576642335766384,""base_bars"":61,""recent_base_height"":8.79},""pattern_geometry_features"":{""contraction_count"":5.0,""first_contraction_pct"":0.11679644048943268,""last_contraction_pct"":0.07005649717514116,""dry_up_ratio"":0.8933661807182673,""near_monotone"":0.0,""base_depth_pct"":0.08453837597330364},""_schema_version"":""1.0""}",,,,,,,,,,
20260504T200431Z-7bad84,2026-05-04T20:04:31.798741+00:00,GSAT,tight_consolidation,forming,55.0,80.0,53.7,97.9,41.9,27.1,25.8,51.4,84.0,94.7,12.8,10.73,17.63,4.19,3.52,2.06,2.57,4.2,4.73,True,risk_unclear,81.51,82.85,79.2186,85.275,"{""trend"":{""T1_ema_stack"":{""value"":[true,true,true],""score"":100.0},""T2_ema50_slope"":{""value"":0.6238035391071416,""score"":100},""T3_high_proximity"":{""value"":0.990400972053463,""score"":95.20048602673148},""T4_rs_1m"":{""value"":-0.0462422741092976,""score"":3.757725890702403},""T5_rs_3m"":{""value"":0.3085098065040299,""score"":100},""T6_adr_healthy"":{""value"":2.236402946363701,""score"":100.0},""_score"":80.03},""geometry"":{""sub_tightness"":28.2,""sub_duration"":50.0,""sub_dry_up"":59.5,""sub_location"":100,""_score"":53.66},""compression"":{""VC1_atr_ratio"":{""value"":0.12123871333546964,""score"":100},""VC2_range_contraction"":{""value"":0.23772802319880532,""score"":100},""VC3_range_pct_rank"":{""score"":91.66666666666666},""_score"":97.92},""sr_quality"":{""SR1_touches"":{""value"":2,""score"":25.0},""SR2_tightness"":{""value"":0.11499999999999488,""score"":79.58275780382596},""SR3_recency"":{""value"":248,""score"":0.0},""SR4_price_location"":{""score"":30.0},""SR5_reaction"":{""value"":15.113197756081677,""score"":100},""_score"":41.94,""_levels_found"":6,""_target_level"":74.765},""volume"":{""V1_rvol_day"":{""value"":0.3759301459840743,""score"":0},""V2_rvol_sameslot"":{""value"":0.6112141143713246,""score"":7.414274291421637,""status"":""ok""},""V3_breakout_bar"":{""value"":0.8359252338876455,""score"":22.3950155925097},""V4_base_dryup"":{""value"":0.38721201824700424,""score"":100},""V5_bo_expansion"":{""value"":0.3759301459840743,""score"":0},""_score"":27.08},""readiness"":{""_distance_atr"":1.19,""BR1_atr_distance"":{""score"":20.69824770181387},""BR2_compression"":{""score"":0},""BR3_retest"":{""score"":50.0},""BR4_bo_age"":{""score"":50.0},""_score"":25.78},""risk"":{""R1_stop_clarity"":{""score"":0},""R2_stop_distance_pct"":{""value"":2.811158140105511,""score"":100.0},""R3_stop_distance_atr"":{""value"":2.034067753793931,""score"":100.0},""R4_rr_potential"":{""value"":1.6431182150455437,""score"":32.15591075227719},""_score"":51.43},""market"":{""M1_spy_regime"":{""score"":100.0},""M3_earnings_risk"":{""value"":null,""score"":80.0},""M4_vix"":{""value"":null,""score"":60.0},""_score"":84.0},""liquidity"":{""L1_price"":{""value"":81.51,""score"":100.0},""L2_dollar_vol"":{""value"":64047489.21321894,""score"":90.32510546108657},""L3_spread_proxy"":{""value"":0.014476751318856665,""score"":85.52324868114334},""L4_volume_zscore"":{""value"":-0.5084463823349888,""score"":100.0},""_score"":94.68},""pattern_structure"":{""window_bars"":8,""range_pct"":0.029750950803582345,""range_atr"":2.1526874924227912,""vol_ratio"":0.552285712299521,""range_location_63d"":0.9719559815406463,""pivot_high"":82.85,""pivot_low"":80.425,""structural_low"":80.425,""current_price"":81.51,""neckline_distance_pct"":0.016439700650226832,""base_bars"":8},""pattern_geometry_features"":{""range_pct"":0.029750950803582345,""range_atr"":2.1526874924227912,""duration_bars"":8.0,""vol_dryup_ratio"":0.552285712299521,""location_in_range"":0.9719559815406463,""atr_pct"":0.013820376115112956},""_schema_version"":""1.0""}",,,,,,,,,,
20260504T200431Z-7bad84,2026-05-04T20:04:31.798741+00:00,AVGO,cup_with_handle,forming,55.0,98.8,52.0,47.5,43.6,18.9,36.0,67.6,84.0,96.6,13.84,15.6,3.8,5.24,2.45,2.88,3.38,4.2,4.83,True,risk_unclear,416.18,429.31,388.7302,553.96,"{""trend"":{""T1_ema_stack"":{""value"":[true,true,true],""score"":100.0},""T2_ema50_slope"":{""value"":0.5444514706825223,""score"":100},""T3_high_proximity"":{""value"":0.9844356135869051,""score"":92.21780679345254},""T4_rs_1m"":{""value"":0.22822434029963934,""score"":100},""T5_rs_3m"":{""value"":0.22436734727828944,""score"":100},""T6_adr_healthy"":{""value"":2.807111720853493,""score"":100.0},""_score"":98.83},""geometry"":{""sub_cup_depth"":79.4,""sub_cup_duration"":56.0,""sub_rim_symmetry"":29.1,""sub_handle_shallowness"":32.7,""sub_handle_proportion"":97.4,""sub_u_shape"":37.4,""_score"":51.99},""compression"":{""VC1_atr_ratio"":{""value"":0.6467377874333518,""score"":88.31555314166206},""VC2_range_contraction"":{""value"":0.9984121647461932,""score"":0.26463920896779847},""VC3_range_pct_rank"":{""score"":48.33333333333333},""_score"":47.5},""sr_quality"":{""SR1_touches"":{""value"":2,""score"":25.0},""SR2_tightness"":{""value"":0.585000000000008,""score"":90.85503216092005},""SR3_recency"":{""value"":297,""score"":0.0},""SR4_price_location"":{""score"":30.0},""SR5_reaction"":{""value"":2.557851412696542,""score"":100},""_score"":43.63,""_levels_found"":6,""_target_level"":360.075},""volume"":{""V1_rvol_day"":{""value"":0.50150542001965,""score"":0.10036133464333592},""V2_rvol_sameslot"":{""value"":0.6385991550622518,""score"":9.23994367081679,""status"":""ok""},""V3_breakout_bar"":{""value"":0.7201282316056921,""score"":14.675215440379471},""V4_base_dryup"":{""value"":0.8332413447518292,""score"":66.67586552481708},""V5_bo_expansion"":{""value"":0.50150542001965,""score"":0},""_score"":18.87},""readiness"":{""_distance_atr"":1.026,""BR1_atr_distance"":{""score"":31.582092463180572},""BR2_compression"":{""score"":23.673477136912556},""BR3_retest"":{""score"":50.0},""BR4_bo_age"":{""score"":50.0},""_score"":36.05},""risk"":{""R1_stop_clarity"":{""score"":7.459960059157268},""R2_stop_distance_pct"":{""value"":6.595643711855459,""score"":100.0},""R3_stop_distance_atr"":{""value"":2.1455306063314694,""score"":100.0},""R4_rr_potential"":{""value"":5.019353546025001,""score"":100.0},""_score"":67.61},""market"":{""M1_spy_regime"":{""score"":100.0},""M3_earnings_risk"":{""value"":null,""score"":80.0},""M4_vix"":{""value"":null,""score"":60.0},""_score"":84.0},""liquidity"":{""L1_price"":{""value"":416.18,""score"":100.0},""L2_dollar_vol"":{""value"":4541662829.772101,""score"":100.0},""L3_spread_proxy"":{""value"":0.03436013263491761,""score"":65.63986736508238},""L4_volume_zscore"":{""value"":-1.7519628957011324,""score"":100.0},""_score"":96.56},""pattern_structure"":{""left_rim"":414.61,""left_rim_idx"":81,""cup_bottom"":289.96,""cup_bottom_idx"":155,""right_rim"":429.31,""right_rim_idx"":172,""handle_low"":394.65,""handle_bars"":7,""cup_bars"":91,""structural_low"":394.65,""current_price"":416.18,""neckline_distance_pct"":0.03154884905569704,""base_bars"":98},""pattern_geometry_features"":{""cup_depth_pct"":0.3006439786787584,""rim_symmetry_pct"":0.03545500590916762,""handle_depth_pct"":0.0807342013929329,""handle_to_cup_ratio"":0.07692307692307693,""cup_duration_bars"":91.0,""atr_pct"":0.03074131728716285,""u_shape_score"":0.18681318681318682},""_schema_version"":""1.0""}",,,,,,,,,,
20260504T200431Z-7bad84,2026-05-04T20:04:31.798741+00:00,NVDA,double_bottom,forming,55.0,84.2,72.6,27.8,44.0,23.1,24.1,64.9,84.0,96.5,12.64,18.14,2.22,6.17,3.0,1.93,3.89,5.04,4.82,True,risk_unclear,198.7301,216.38,191.8189,238.02,"{""trend"":{""T1_ema_stack"":{""value"":[true,true,true],""score"":100.0},""T2_ema50_slope"":{""value"":0.30996573864273375,""score"":100},""T3_high_proximity"":{""value"":0.9174557961312958,""score"":58.72789806564788},""T4_rs_1m"":{""value"":0.02542832115025173,""score"":75.42832115025173},""T5_rs_3m"":{""value"":0.03813005175815931,""score"":69.06502587907966},""T6_adr_healthy"":{""value"":2.86755224525322,""score"":100.0},""_score"":84.25},""geometry"":{""sub_low_similarity"":74.7,""sub_bounce_quality"":100,""sub_separation_fit"":40.0,""sub_right_bottom_reaction"":27.8,""sub_base_context"":100.0,""_score"":72.58},""compression"":{""VC1_atr_ratio"":{""value"":0.7764754897157613,""score"":55.88112757105967},""VC2_range_contraction"":{""value"":1.4408135182609731,""score"":0},""VC3_range_pct_rank"":{""score"":21.666666666666668},""_score"":27.77},""sr_quality"":{""SR1_touches"":{""value"":2,""score"":25.0},""SR2_tightness"":{""value"":0.2046500000000009,""score"":93.59522329871369},""SR3_recency"":{""value"":228,""score"":0.0},""SR4_price_location"":{""score"":30.0},""SR5_reaction"":{""value"":3.3326042053212563,""score"":100},""_score"":44.04,""_levels_found"":6,""_target_level"":197.4253},""volume"":{""V1_rvol_day"":{""value"":0.7415148925230625,""score"":16.10099283487083},""V2_rvol_sameslot"":{""value"":0.8054400979804723,""score"":20.362673198698154,""status"":""ok""},""V3_breakout_bar"":{""value"":0.6881124525727266,""score"":12.540830171515104},""V4_base_dryup"":{""value"":0.8685838777415441,""score"":63.14161222584559},""V5_bo_expansion"":{""value"":0.7415148925230625,""score"":0},""_score"":23.06},""readiness"":{""_distance_atr"":2.762,""BR1_atr_distance"":{""score"":0},""BR2_compression"":{""score"":26.443261458143947},""BR3_retest"":{""score"":50.0},""BR4_bo_age"":{""score"":50.0},""_score"":24.11},""risk"":{""R1_stop_clarity"":{""score"":8.580536417653008},""R2_stop_distance_pct"":{""value"":3.4776815389314346,""score"":100.0},""R3_stop_distance_atr"":{""value"":1.081473069580493,""score"":79.07365347902466},""R4_rr_potential"":{""value"":5.6849606435930236,""score"":100.0},""_score"":64.86},""market"":{""M1_spy_regime"":{""score"":100.0},""M3_earnings_risk"":{""value"":null,""score"":80.0},""M4_vix"":{""value"":null,""score"":60.0},""_score"":84.0},""liquidity"":{""L1_price"":{""value"":198.7301,""score"":100.0},""L2_dollar_vol"":{""value"":21659794620.204273,""score"":100.0},""L3_spread_proxy"":{""value"":0.03517333307838109,""score"":64.82666692161891},""L4_volume_zscore"":{""value"":-1.0610286516865959,""score"":100.0},""_score"":96.48},""pattern_structure"":{""left_low"":197.2206,""left_idx"":36,""right_low"":194.74,""right_idx"":75,""separation_bars"":39,""structural_low"":194.74,""current_price"":198.63,""neckline_distance_pct"":0.08936213059457282,""base_bars"":39},""pattern_geometry_features"":{""low_similarity_pct"":0.012657394646298538,""bounce_pct"":0.11112252233747553,""right_bottom_reaction"":0.2775956284152984,""atr_pct"":0.03215689448726115},""_schema_version"":""1.0""}",,,,,,,,,,
20260504T200431Z-7bad84,2026-05-04T20:04:31.798741+00:00,AVGO,double_bottom,forming,55.0,98.8,65.6,47.5,43.6,18.4,45.0,51.6,84.0,96.6,14.82,16.39,3.8,6.11,2.4,3.6,3.1,5.04,4.83,True,risk_unclear,416.18,425.0,402.7271,441.14,"{""trend"":{""T1_ema_stack"":{""value"":[true,true,true],""score"":100.0},""T2_ema50_slope"":{""value"":0.5444514706825223,""score"":100},""T3_high_proximity"":{""value"":0.9844356135869051,""score"":92.21780679345254},""T4_rs_1m"":{""value"":0.22822434029963934,""score"":100},""T5_rs_3m"":{""value"":0.22436734727828944,""score"":100},""T6_adr_healthy"":{""value"":2.807111720853493,""score"":100.0},""_score"":98.83},""geometry"":{""sub_low_similarity"":96.7,""sub_bounce_quality"":13.5,""sub_separation_fit"":46.7,""sub_right_bottom_reaction"":45.7,""sub_base_context"":100.0,""_score"":65.57},""compression"":{""VC1_atr_ratio"":{""value"":0.6467377874333518,""score"":88.31555314166206},""VC2_range_contraction"":{""value"":0.9984121647461932,""score"":0.26463920896779847},""VC3_range_pct_rank"":{""score"":48.33333333333333},""_score"":47.5},""sr_quality"":{""SR1_touches"":{""value"":2,""score"":25.0},""SR2_tightness"":{""value"":0.585000000000008,""score"":90.85503216092005},""SR3_recency"":{""value"":297,""score"":0.0},""SR4_price_location"":{""score"":30.0},""SR5_reaction"":{""value"":2.557851412696542,""score"":100},""_score"":43.63,""_levels_found"":6,""_target_level"":360.075},""volume"":{""V1_rvol_day"":{""value"":0.50150542001965,""score"":0.10036133464333592},""V2_rvol_sameslot"":{""value"":0.6385991550622518,""score"":9.23994367081679,""status"":""ok""},""V3_breakout_bar"":{""value"":0.7201282316056921,""score"":14.675215440379471},""V4_base_dryup"":{""value"":0.8541156993418602,""score"":64.58843006581398},""V5_bo_expansion"":{""value"":0.50150542001965,""score"":0},""_score"":18.45},""readiness"":{""_distance_atr"":0.689,""BR1_atr_distance"":{""score"":54.04067444975271},""BR2_compression"":{""score"":23.673477136912556},""BR3_retest"":{""score"":50.0},""BR4_bo_age"":{""score"":50.0},""_score"":45.03},""risk"":{""R1_stop_clarity"":{""score"":4.127908956764571},""R2_stop_distance_pct"":{""value"":3.232471526743236,""score"":100.0},""R3_stop_distance_atr"":{""value"":1.0515071610457862,""score"":77.57535805228932},""R4_rr_potential"":{""value"":1.8553620408982434,""score"":42.76810204491217},""_score"":51.63},""market"":{""M1_spy_regime"":{""score"":100.0},""M3_earnings_risk"":{""value"":null,""score"":80.0},""M4_vix"":{""value"":null,""score"":60.0},""_score"":84.0},""liquidity"":{""L1_price"":{""value"":416.18,""score"":100.0},""L2_dollar_vol"":{""value"":4541662829.772101,""score"":100.0},""L3_spread_proxy"":{""value"":0.03436013263491761,""score"":65.63986736508238},""L4_volume_zscore"":{""value"":-1.7519628957011324,""score"":100.0},""_score"":96.56},""pattern_structure"":{""left_low"":408.86,""left_idx"":38,""right_low"":409.53,""right_idx"":76,""separation_bars"":38,""structural_low"":408.86,""current_price"":416.1,""neckline_distance_pct"":0.021389089161259256,""base_bars"":38},""pattern_geometry_features"":{""low_similarity_pct"":0.0016373611603268834,""bounce_pct"":0.03947561512498162,""right_bottom_reaction"":0.4568330134357026,""atr_pct"":0.03074131728716285},""_schema_version"":""1.0""}",,,,,,,,,,
20260504T200431Z-7bad84,2026-05-04T20:04:31.798741+00:00,AVGO,bull_flag,forming,55.0,98.8,50.9,47.5,43.6,18.2,47.5,61.4,84.0,96.6,13.84,15.27,4.27,4.36,2.55,4.27,1.84,5.04,4.83,True,risk_unclear,416.18,423.83,403.387,453.01,"{""trend"":{""T1_ema_stack"":{""value"":[true,true,true],""score"":100.0},""T2_ema50_slope"":{""value"":0.5444514706825223,""score"":100},""T3_high_proximity"":{""value"":0.9844356135869051,""score"":92.21780679345254},""T4_rs_1m"":{""value"":0.22822434029963934,""score"":100},""T5_rs_3m"":{""value"":0.22436734727828944,""score"":100},""T6_adr_healthy"":{""value"":2.807111720853493,""score"":100.0},""_score"":98.83},""geometry"":{""sub_pole_impulse"":35.1,""sub_flag_tightness"":54.5,""sub_flag_shallowness"":8.7,""sub_flag_drift"":100,""sub_flag_duration"":100.0,""_score"":50.89},""compression"":{""VC1_atr_ratio"":{""value"":0.6467377874333518,""score"":88.31555314166206},""VC2_range_contraction"":{""value"":0.9984121647461932,""score"":0.26463920896779847},""VC3_range_pct_rank"":{""score"":48.33333333333333},""_score"":47.5},""sr_quality"":{""SR1_touches"":{""value"":2,""score"":25.0},""SR2_tightness"":{""value"":0.585000000000008,""score"":90.85503216092005},""SR3_recency"":{""value"":297,""score"":0.0},""SR4_price_location"":{""score"":30.0},""SR5_reaction"":{""value"":2.557851412696542,""score"":100},""_score"":43.63,""_levels_found"":6,""_target_level"":360.075},""volume"":{""V1_rvol_day"":{""value"":0.50150542001965,""score"":0.10036133464333592},""V2_rvol_sameslot"":{""value"":0.6385991550622518,""score"":9.23994367081679,""status"":""ok""},""V3_breakout_bar"":{""value"":0.7201282316056921,""score"":14.675215440379471},""V4_base_dryup"":{""value"":0.8651045975052313,""score"":63.489540249476875},""V5_bo_expansion"":{""value"":0.50150542001965,""score"":0},""_score"":18.23},""readiness"":{""_distance_atr"":0.598,""BR1_atr_distance"":{""score"":60.137319675806005},""BR2_compression"":{""score"":23.673477136912556},""BR3_retest"":{""score"":50.0},""BR4_bo_age"":{""score"":50.0},""_score"":47.47},""risk"":{""R1_stop_clarity"":{""score"":3.9708030990166208},""R2_stop_distance_pct"":{""value"":3.073898313229857,""score"":100.0},""R3_stop_distance_atr"":{""value"":0.9999240710850977,""score"":74.99620355425489},""R4_rr_potential"":{""value"":2.878929410339283,""score"":93.94647051696414},""_score"":61.43},""market"":{""M1_spy_regime"":{""score"":100.0},""M3_earnings_risk"":{""value"":null,""score"":80.0},""M4_vix"":{""value"":null,""score"":60.0},""_score"":84.0},""liquidity"":{""L1_price"":{""value"":416.18,""score"":100.0},""L2_dollar_vol"":{""value"":4541662829.772101,""score"":100.0},""L3_spread_proxy"":{""value"":0.03436013263491761,""score"":65.63986736508238},""L4_volume_zscore"":{""value"":-1.7519628957011324,""score"":100.0},""_score"":96.56},""pattern_structure"":{""pole_low"":394.65,""pole_low_idx"":32,""peak_price"":423.83,""peak_idx"":54,""pole_gain"":0.07393893323197773,""flag_bars"":5,""flag_low"":409.53,""flag_high"":418.08,""structural_low"":409.53,""current_price"":416.1,""neckline_distance_pct"":0.0185772650805094,""base_bars"":5},""pattern_geometry_features"":{""pole_gain"":0.07393893323197773,""pullback_pct"":0.033739942901635116,""flag_range_pct"":0.020173182643984645,""flag_drift_per_bar"":0.0011727709685171097,""atr_pct"":0.03074131728716285,""pole_atr_multiple"":2.4051972965665205},""_schema_version"":""1.0""}",,,,,,,,,,
20260504T200431Z-7bad84,2026-05-04T20:04:31.798741+00:00,TSM,double_bottom,forming,55.0,99.3,67.0,49.4,42.6,23.1,49.1,49.5,84.0,96.9,14.89,16.74,3.95,5.96,3.01,3.93,2.97,5.04,4.84,True,risk_unclear,401.75,407.7,389.272,420.2,"{""trend"":{""T1_ema_stack"":{""value"":[true,true,true],""score"":100.0},""T2_ema50_slope"":{""value"":0.29678021558822465,""score"":99.46336926470411},""T3_high_proximity"":{""value"":0.9920242974961726,""score"":96.01214874808628},""T4_rs_1m"":{""value"":0.09009127939906225,""score"":100},""T5_rs_3m"":{""value"":0.14435367335704052,""score"":100},""T6_adr_healthy"":{""value"":2.8084526996153953,""score"":100.0},""_score"":99.29},""geometry"":{""sub_low_similarity"":73.9,""sub_bounce_quality"":2.3,""sub_separation_fit"":93.3,""sub_right_bottom_reaction"":69.0,""sub_base_context"":100.0,""_score"":66.97},""compression"":{""VC1_atr_ratio"":{""value"":0.5917378505448637,""score"":100},""VC2_range_contraction"":{""value"":1.0593093287071906,""score"":0},""VC3_range_pct_rank"":{""score"":37.5},""_score"":49.38},""sr_quality"":{""SR1_touches"":{""value"":2,""score"":25.0},""SR2_tightness"":{""value"":1.0800000000000125,""score"":83.87521635684385},""SR3_recency"":{""value"":235,""score"":0.0},""SR4_price_location"":{""score"":30.0},""SR5_reaction"":{""value"":2.9677813598780807,""score"":100},""_score"":42.58,""_levels_found"":5,""_target_level"":381.08},""volume"":{""V1_rvol_day"":{""value"":0.6766610080261253,""score"":11.777400535075017},""V2_rvol_sameslot"":{""value"":0.9472553089721589,""score"":29.817020598143927,""status"":""ok""},""V3_breakout_bar"":{""value"":0.801543644972915,""score"":20.102909664861},""V4_base_dryup"":{""value"":1.0102269119402012,""score"":48.97730880597988},""V5_bo_expansion"":{""value"":0.6766610080261252,""score"":0},""_score"":23.14},""readiness"":{""_distance_atr"":0.444,""BR1_atr_distance"":{""score"":70.38812880346363},""BR2_compression"":{""score"":13.876655684413192},""BR3_retest"":{""score"":50.0},""BR4_bo_age"":{""score"":50.0},""_score"":49.12},""risk"":{""R1_stop_clarity"":{""score"":11.492854225343947},""R2_stop_distance_pct"":{""value"":3.105911636589921,""score"":100.0},""R3_stop_distance_atr"":{""value"":0.9315048624967607,""score"":71.57524312483802},""R4_rr_potential"":{""value"":1.4786023401186068,""score"":23.93011700593034},""_score"":49.54},""market"":{""M1_spy_regime"":{""score"":100.0},""M3_earnings_risk"":{""value"":null,""score"":80.0},""M4_vix"":{""value"":null,""score"":60.0},""_score"":84.0},""liquidity"":{""L1_price"":{""value"":401.75,""score"":100.0},""L2_dollar_vol"":{""value"":3710430997.875905,""score"":100.0},""L3_spread_proxy"":{""value"":0.031113876789047916,""score"":68.88612321095209},""L4_volume_zscore"":{""value"":-0.934205521538186,""score"":100.0},""_score"":96.89},""pattern_structure"":{""left_low"":400.4,""left_idx"":45,""right_low"":395.2,""right_idx"":76,""separation_bars"":31,""structural_low"":395.2,""current_price"":400.559,""neckline_distance_pct"":0.017827585948636687,""base_bars"":31},""pattern_geometry_features"":{""low_similarity_pct"":0.013071895424836574,""bounce_pct"":0.031629554655870445,""right_bottom_reaction"":0.6895558223289315,""atr_pct"":0.03334294603964799},""_schema_version"":""1.0""}",,,,,,,,,,
20260504T200431Z-7bad84,2026-05-04T20:04:31.798741+00:00,AMAT,double_bottom,forming,55.0,90.8,67.8,58.8,56.5,20.9,28.6,65.5,84.0,96.1,13.62,16.94,4.7,7.91,2.71,2.29,3.93,5.04,4.8,True,risk_unclear,391.08,420.4999,379.8652,455.3498,"{""trend"":{""T1_ema_stack"":{""value"":[true,true,true],""score"":100.0},""T2_ema50_slope"":{""value"":0.4099806780500429,""score"":100},""T3_high_proximity"":{""value"":0.9377517744101285,""score"":68.87588720506422},""T4_rs_1m"":{""value"":0.027405237247537517,""score"":77.40523724753751},""T5_rs_3m"":{""value"":0.15830846535191845,""score"":100},""T6_adr_healthy"":{""value"":2.958492725428323,""score"":100.0},""_score"":90.81},""geometry"":{""sub_low_similarity"":71.1,""sub_bounce_quality"":86.2,""sub_separation_fit"":0.0,""sub_right_bottom_reaction"":61.3,""sub_base_context"":100.0,""_score"":67.77},""compression"":{""VC1_atr_ratio"":{""value"":0.5658946205471743,""score"":100},""VC2_range_contraction"":{""value"":0.8429378255864681,""score"":26.177029068921982},""VC3_range_pct_rank"":{""score"":38.33333333333333},""_score"":58.75},""sr_quality"":{""SR1_touches"":{""value"":4,""score"":75.0},""SR2_tightness"":{""value"":1.5960028195463891,""score"":76.89580955657132},""SR3_recency"":{""value"":224,""score"":0.0},""SR4_price_location"":{""score"":30.0},""SR5_reaction"":{""value"":2.7109254929777937,""score"":100},""_score"":56.53,""_levels_found"":4,""_target_level"":378.265},""volume"":{""V1_rvol_day"":{""value"":0.6328758936341377,""score"":8.858392908942509},""V2_rvol_sameslot"":{""value"":0.7082505644698697,""score"":13.88337096465798,""status"":""ok""},""V3_breakout_bar"":{""value"":0.6607626450924576,""score"":10.71750967283051},""V4_base_dryup"":{""value"":0.8183969390375062,""score"":68.16030609624937},""V5_bo_expansion"":{""value"":0.6328758936341375,""score"":0},""_score"":20.86},""readiness"":{""_distance_atr"":2.129,""BR1_atr_distance"":{""score"":0},""BR2_compression"":{""score"":44.292237300867825},""BR3_retest"":{""score"":50.0},""BR4_bo_age"":{""score"":50.0},""_score"":28.57},""risk"":{""R1_stop_clarity"":{""score"":16.25831481575267},""R2_stop_distance_pct"":{""value"":2.8676357778459747,""score"":100.0},""R3_stop_distance_atr"":{""value"":0.8117395426941837,""score"":65.58697713470917},""R4_rr_potential"":{""value"":5.730827704585468,""score"":100.0},""_score"":65.53},""market"":{""M1_spy_regime"":{""score"":100.0},""M3_earnings_risk"":{""value"":null,""score"":80.0},""M4_vix"":{""value"":null,""score"":60.0},""_score"":84.0},""liquidity"":{""L1_price"":{""value"":391.08,""score"":100.0},""L2_dollar_vol"":{""value"":1391010454.8931267,""score"":100.0},""L3_spread_proxy"":{""value"":0.03925002557021594,""score"":60.74997442978406},""L4_volume_zscore"":{""value"":-1.358329812510448,""score"":100.0},""_score"":96.07},""pattern_structure"":{""left_low"":391.26,""left_idx"":26,""right_low"":385.65,""right_idx"":74,""separation_bars"":48,""structural_low"":385.65,""current_price"":389.46,""neckline_distance_pct"":0.0796998408052176,""base_bars"":48},""pattern_geometry_features"":{""low_similarity_pct"":0.01444182723867633,""bounce_pct"":0.09036665370154298,""right_bottom_reaction"":0.6127075746421801,""atr_pct"":0.035327043060243445},""_schema_version"":""1.0""}",,,,,,,,,,
20260504T200431Z-7bad84,2026-05-04T20:04:31.798741+00:00,STM,high_tight_pullback,forming,55.0,99.3,76.5,18.7,45.1,28.2,48.9,67.4,84.0,96.5,11.92,26.76,1.87,3.61,3.95,4.4,0.67,5.04,4.83,True,risk_unclear,55.235,56.52,53.7908,64.075,"{""trend"":{""T1_ema_stack"":{""value"":[true,true,true],""score"":100.0},""T2_ema50_slope"":{""value"":0.7422872169730225,""score"":100},""T3_high_proximity"":{""value"":0.990762331838565,""score"":95.38116591928247},""T4_rs_1m"":{""value"":0.5145392751660764,""score"":100},""T5_rs_3m"":{""value"":0.8873254876680152,""score"":100},""T6_adr_healthy"":{""value"":3.2025969209766485,""score"":100.0},""_score"":99.31},""geometry"":{""sub_pole_impulse"":72.6,""sub_flag_tightness"":73.8,""sub_flag_shallowness"":56.2,""sub_flag_drift"":100,""sub_flag_duration"":100.0,""_score"":76.47},""compression"":{""VC1_atr_ratio"":{""value"":0.8903441204821734,""score"":27.41396987945666},""VC2_range_contraction"":{""value"":1.0973053786096436,""score"":0},""VC3_range_pct_rank"":{""score"":30.833333333333336},""_score"":18.67},""sr_quality"":{""SR1_touches"":{""value"":3,""score"":50.0},""SR2_tightness"":{""value"":0.19510680835549116,""score"":82.12079648517836},""SR3_recency"":{""value"":259,""score"":0.0},""SR4_price_location"":{""score"":30.0},""SR5_reaction"":{""value"":1.368461244749905,""score"":68.42306223749524},""_score"":45.08,""_levels_found"":4,""_target_level"":34.86},""volume"":{""V1_rvol_day"":{""value"":0.8302029513796043,""score"":22.01353009197362},""V2_rvol_sameslot"":{""value"":0.9544233087419708,""score"":30.29488724946472,""status"":""ok""},""V3_breakout_bar"":{""value"":0.7289492384144804,""score"":15.263282560965363},""V4_base_dryup"":{""value"":0.803861037871553,""score"":69.6138962128447},""V5_bo_expansion"":{""value"":0.8302029513796044,""score"":0},""_score"":28.2},""readiness"":{""_distance_atr"":0.589,""BR1_atr_distance"":{""score"":60.748377243222485},""BR2_compression"":{""score"":28.562350710509243},""BR3_retest"":{""score"":50.0},""BR4_bo_age"":{""score"":50.0},""_score"":48.94},""risk"":{""R1_stop_clarity"":{""score"":24.93470790378001},""R2_stop_distance_pct"":{""value"":2.6145559880510554,""score"":100.0},""R3_stop_distance_atr"":{""value"":0.661695303550974,""score"":58.084765177548704},""R4_rr_potential"":{""value"":6.121247792819306,""score"":100.0},""_score"":67.44},""market"":{""M1_spy_regime"":{""score"":100.0},""M3_earnings_risk"":{""value"":null,""score"":80.0},""M4_vix"":{""value"":null,""score"":60.0},""_score"":84.0},""liquidity"":{""L1_price"":{""value"":55.235,""score"":100.0},""L2_dollar_vol"":{""value"":544837939.4918531,""score"":100.0},""L3_spread_proxy"":{""value"":0.03457952385262974,""score"":65.42047614737027},""L4_volume_zscore"":{""value"":-0.4035559168237748,""score"":100.0},""_score"":96.54},""pattern_structure"":{""pole_low"":48.965,""pole_low_idx"":31,""peak_price"":56.52,""peak_idx"":54,""pole_gain"":0.1542938833860921,""flag_bars"":5,""flag_low"":54.61,""flag_high"":55.98,""structural_low"":54.61,""current_price"":55.165,""neckline_distance_pct"":0.024562675609535106,""base_bars"":5},""pattern_geometry_features"":{""pole_gain"":0.1542938833860921,""pullback_pct"":0.03379334748761507,""flag_range_pct"":0.02423920736022642,""flag_drift_per_bar"":0.000706969999093491,""atr_pct"":0.03951298995202317,""pole_atr_multiple"":3.904890102557067},""_schema_version"":""1.0""}",,,,,,,,,,
20260504T200431Z-7bad84,2026-05-04T20:04:31.798741+00:00,PANW,double_bottom,forming,55.0,77.8,53.0,61.0,35.9,19.0,68.4,51.3,84.0,96.6,11.67,13.26,4.88,5.03,2.47,5.47,3.08,5.04,4.83,True,risk_unclear,184.89,186.25,171.3901,198.4999,"{""trend"":{""T1_ema_stack"":{""value"":[true,true,false],""score"":66.66666666666666},""T2_ema50_slope"":{""value"":0.1328695381617227,""score"":72.14492302695379},""T3_high_proximity"":{""value"":1.0,""score"":99.99999999999997},""T4_rs_1m"":{""value"":0.03796285111017794,""score"":87.96285111017795},""T5_rs_3m"":{""value"":0.021428388706912216,""score"":60.71419435345611},""T6_adr_healthy"":{""value"":4.130096874352881,""score"":100.0},""_score"":77.8},""geometry"":{""sub_low_similarity"":21.7,""sub_bounce_quality"":57.7,""sub_separation_fit"":0.0,""sub_right_bottom_reaction"":100.0,""sub_base_context"":100.0,""_score"":53.05},""compression"":{""VC1_atr_ratio"":{""value"":0.5704267152415804,""score"":100},""VC2_range_contraction"":{""value"":0.8219736857799479,""score"":29.671052370008688},""VC3_range_pct_rank"":{""score"":42.50000000000001},""_score"":61.01},""sr_quality"":{""SR1_touches"":{""value"":2,""score"":25.0},""SR2_tightness"":{""value"":0.5650000000000119,""score"":82.17964762562352},""SR3_recency"":{""value"":288,""score"":0.0},""SR4_price_location"":{""score"":4.342516116035233},""SR5_reaction"":{""value"":2.5066691148061,""score"":100},""_score"":35.91,""_levels_found"":7,""_target_level"":189.955},""volume"":{""V1_rvol_day"":{""value"":0.4977921470930825,""score"":0},""V2_rvol_sameslot"":{""value"":0.5750155443608214,""score"":5.001036290721425,""status"":""ok""},""V3_breakout_bar"":{""value"":0.8441558620783989,""score"":22.943724138559926},""V4_base_dryup"":{""value"":0.8884159016727979,""score"":61.15840983272021},""V5_bo_expansion"":{""value"":0.4977921470930825,""score"":0},""_score"":18.97},""readiness"":{""_distance_atr"":0.214,""BR1_atr_distance"":{""score"":85.70166417159189},""BR2_compression"":{""score"":66.3647923458338},""BR3_retest"":{""score"":50.0},""BR4_bo_age"":{""score"":50.0},""_score"":68.37},""risk"":{""R1_stop_clarity"":{""score"":17.679386853716167},""R2_stop_distance_pct"":{""value"":7.3015855373465275,""score"":100.0},""R3_stop_distance_atr"":{""value"":2.1289646172510475,""score"":100.0},""R4_rr_potential"":{""value"":1.0081480964879646,""score"":0.40740482439822756},""_score"":51.27},""market"":{""M1_spy_regime"":{""score"":100.0},""M3_earnings_risk"":{""value"":null,""score"":80.0},""M4_vix"":{""value"":null,""score"":60.0},""_score"":84.0},""liquidity"":{""L1_price"":{""value"":184.89,""score"":100.0},""L2_dollar_vol"":{""value"":676040460.1813196,""score"":100.0},""L3_spread_proxy"":{""value"":0.03420952999080544,""score"":65.79047000919456},""L4_volume_zscore"":{""value"":-1.303833942799363,""score"":100.0},""_score"":96.58},""pattern_structure"":{""left_low"":174.0001,""left_idx"":24,""right_low"":180.945,""right_idx"":74,""separation_bars"":50,""structural_low"":174.0001,""current_price"":184.76,""neckline_distance_pct"":0.008064516129032308,""base_bars"":50},""pattern_geometry_features"":{""low_similarity_pct"":0.03913224890271757,""bounce_pct"":0.07040168367719327,""right_bottom_reaction"":0.9999811498586233,""atr_pct"":0.03429641562937034},""_schema_version"":""1.0""}",,,,,,,,,,
20260504T200431Z-7bad84,2026-05-04T20:04:31.798741+00:00,GD,high_tight_pullback,forming,55.0,42.7,90.2,37.5,55.0,22.3,65.2,56.0,84.0,97.0,5.12,31.58,3.75,4.4,3.12,5.87,0.56,5.04,4.85,True,risk_unclear,348.7975,353.57,342.9277,400.37,"{""trend"":{""T1_ema_stack"":{""value"":[true,false,true],""score"":66.66666666666666},""T2_ema50_slope"":{""value"":-0.1805410958905805,""score"":19.909817351569913},""T3_high_proximity"":{""value"":0.952686277723151,""score"":76.34313886157545},""T4_rs_1m"":{""value"":-0.0957100395523579,""score"":0},""T5_rs_3m"":{""value"":-0.025547932253213723,""score"":37.226033873393135},""T6_adr_healthy"":{""value"":2.212616770195185,""score"":100.0},""_score"":42.68},""geometry"":{""sub_pole_impulse"":100.0,""sub_flag_tightness"":86.0,""sub_flag_shallowness"":79.9,""sub_flag_drift"":85.0,""sub_flag_duration"":100.0,""_score"":90.23},""compression"":{""VC1_atr_ratio"":{""value"":0.6541302600664953,""score"":86.46743498337617},""VC2_range_contraction"":{""value"":1.284531145485496,""score"":0},""VC3_range_pct_rank"":{""score"":11.66666666666667},""_score"":37.5},""sr_quality"":{""SR1_touches"":{""value"":2,""score"":25.0},""SR2_tightness"":{""value"":0.23500000000001364,""score"":95.04404996019395},""SR3_recency"":{""value"":257,""score"":0.0},""SR4_price_location"":{""score"":92.16183935503133},""SR5_reaction"":{""value"":1.3676313194953371,""score"":68.38156597476686},""_score"":55.05,""_levels_found"":5,""_target_level"":349.235},""volume"":{""V1_rvol_day"":{""value"":0.7562533513833624,""score"":17.083556758890825},""V2_rvol_sameslot"":{""value"":0.9857933759196226,""score"":32.386225061308174,""status"":""ok""},""V3_breakout_bar"":{""value"":0.8599664653874186,""score"":23.99776435916124},""V4_base_dryup"":{""value"":1.1817701821441458,""score"":31.822981785585426},""V5_bo_expansion"":{""value"":0.7562533513833624,""score"":0},""_score"":22.26},""readiness"":{""_distance_atr"":0.503,""BR1_atr_distance"":{""score"":66.45067863124405},""BR2_compression"":{""score"":84.54459503704948},""BR3_retest"":{""score"":50.0},""BR4_bo_age"":{""score"":50.0},""_score"":65.22},""risk"":{""R1_stop_clarity"":{""score"":0},""R2_stop_distance_pct"":{""value"":1.6828532314595337,""score"":92.07133078648835},""R3_stop_distance_atr"":{""value"":0.6189401648117077,""score"":55.94700824058538},""R4_rr_potential"":{""value"":8.786149324928557,""score"":100.0},""_score"":56.01},""market"":{""M1_spy_regime"":{""score"":100.0},""M3_earnings_risk"":{""value"":null,""score"":80.0},""M4_vix"":{""value"":null,""score"":60.0},""_score"":84.0},""liquidity"":{""L1_price"":{""value"":348.7975,""score"":100.0},""L2_dollar_vol"":{""value"":411497088.5024262,""score"":100.0},""L3_spread_proxy"":{""value"":0.03018943656419548,""score"":69.81056343580453},""L4_volume_zscore"":{""value"":-0.656535241679891,""score"":100.0},""_score"":96.98},""pattern_structure"":{""pole_low"":306.77,""pole_low_idx"":30,""peak_price"":353.57,""peak_idx"":55,""pole_gain"":0.15255729047820848,""flag_bars"":4,""flag_low"":348.15,""flag_high"":352.69,""structural_low"":348.15,""current_price"":348.36,""neckline_distance_pct"":0.014955792857962967,""base_bars"":4},""pattern_geometry_features"":{""pole_gain"":0.15255729047820848,""pullback_pct"":0.015329354866080312,""flag_range_pct"":0.012840455921034083,""flag_drift_per_bar"":-0.003001205649328232,""atr_pct"":0.027189271712096546,""pole_atr_multiple"":5.610936993591319},""_schema_version"":""1.0""}",,,,,,,,,,
20260504T200431Z-7bad84,2026-05-04T20:04:31.798741+00:00,APH,cup_with_handle,forming,55.0,64.6,75.4,57.7,74.2,24.7,39.7,65.0,84.0,97.3,9.04,22.63,4.62,8.91,3.22,3.18,3.25,4.2,4.87,True,risk_unclear,141.12,155.4569,138.0872,191.2669,"{""trend"":{""T1_ema_stack"":{""value"":[false,true,true],""score"":66.66666666666666},""T2_ema50_slope"":{""value"":0.271839673930527,""score"":95.3066123217545},""T3_high_proximity"":{""value"":0.9234997709573981,""score"":61.74988547869903},""T4_rs_1m"":{""value"":0.0076278532546545375,""score"":57.62785325465454},""T5_rs_3m"":{""value"":-0.0588448867682575,""score"":20.577556615871252},""T6_adr_healthy"":{""value"":3.1915727250157775,""score"":100.0},""_score"":64.6},""geometry"":{""sub_cup_depth"":100.0,""sub_cup_duration"":100.0,""sub_rim_symmetry"":81.7,""sub_handle_shallowness"":18.2,""sub_handle_proportion"":86.0,""sub_u_shape"":78.9,""_score"":75.42},""compression"":{""VC1_atr_ratio"":{""value"":0.4574507724064792,""score"":100},""VC2_range_contraction"":{""value"":1.0782797604972143,""score"":0},""VC3_range_pct_rank"":{""score"":70.83333333333333},""_score"":57.71},""sr_quality"":{""SR1_touches"":{""value"":7,""score"":100},""SR2_tightness"":{""value"":1.7461468133801226,""score"":33.426590939594384},""SR3_recency"":{""value"":225,""score"":0.0},""SR4_price_location"":{""score"":96.86574080220103},""SR5_reaction"":{""value"":2.0661025849810306,""score"":100},""_score"":74.23,""_levels_found"":4,""_target_level"":141.4741},""volume"":{""V1_rvol_day"":{""value"":0.7040289568157431,""score"":13.60193045438287},""V2_rvol_sameslot"":{""value"":0.830273334640229,""score"":22.0182223093486,""status"":""ok""},""V3_breakout_bar"":{""value"":0.8223714996049222,""score"":21.49143330699481},""V4_base_dryup"":{""value"":0.8880757052624599,""score"":61.192429473754004},""V5_bo_expansion"":{""value"":0.7040289568157432,""score"":0},""_score"":24.74},""readiness"":{""_distance_atr"":2.733,""BR1_atr_distance"":{""score"":0},""BR2_compression"":{""score"":88.8371982150823},""BR3_retest"":{""score"":50.0},""BR4_bo_age"":{""score"":50.0},""_score"":39.71},""risk"":{""R1_stop_clarity"":{""score"":19.82696290486676},""R2_stop_distance_pct"":{""value"":2.1491284013605414,""score"":100.0},""R3_stop_distance_atr"":{""value"":0.5781505945597064,""score"":53.90752972798531},""R4_rr_potential"":{""value"":16.534579685774133,""score"":100.0},""_score"":65.03},""market"":{""M1_spy_regime"":{""score"":100.0},""M3_earnings_risk"":{""value"":null,""score"":80.0},""M4_vix"":{""value"":null,""score"":60.0},""_score"":84.0},""liquidity"":{""L1_price"":{""value"":141.12,""score"":100.0},""L2_dollar_vol"":{""value"":743924124.5395882,""score"":100.0},""L3_spread_proxy"":{""value"":0.02664399092970515,""score"":73.35600907029485},""L4_volume_zscore"":{""value"":-0.9852824114352483,""score"":100.0},""_score"":97.34},""pattern_structure"":{""left_rim"":154.05,""left_rim_idx"":132,""cup_bottom"":118.24,""cup_bottom_idx"":155,""right_rim"":155.4569,""right_rim_idx"":170,""handle_low"":140.19,""handle_bars"":9,""cup_bars"":38,""structural_low"":140.19,""current_price"":141.12,""neckline_distance_pct"":0.10159367913832189,""base_bars"":47},""pattern_geometry_features"":{""cup_depth_pct"":0.23245699448231102,""rim_symmetry_pct"":0.009132749107432515,""handle_depth_pct"":0.09820664119765667,""handle_to_cup_ratio"":0.23684210526315788,""cup_duration_bars"":38.0,""atr_pct"":0.03717246720116618,""u_shape_score"":0.39473684210526316},""_schema_version"":""1.0""}",,,,,,,,,,
20260504T200431Z-7bad84,2026-05-04T20:04:31.798741+00:00,ETN,vcp,absent,55.0,98.4,41.2,55.3,42.2,44.9,39.6,66.7,84.0,97.2,14.76,10.3,6.63,5.06,5.83,2.77,3.34,5.04,4.86,True,risk_unclear,423.83,432.34,395.6252,522.68,"{""trend"":{""T1_ema_stack"":{""value"":[true,true,true],""score"":100.0},""T2_ema50_slope"":{""value"":0.3456903619275187,""score"":100},""T3_high_proximity"":{""value"":0.9787995658298885,""score"":89.39978291494421},""T4_rs_1m"":{""value"":0.07884704461438852,""score"":100},""T5_rs_3m"":{""value"":0.14658343930653128,""score"":100},""T6_adr_healthy"":{""value"":2.719736898538812,""score"":100.0},""_score"":98.41},""geometry"":{""sub_contraction_count"":100.0,""sub_reduction_rate"":0,""sub_pivot_tightness"":41.4,""sub_volume_dryup"":0,""sub_base_depth"":0.0,""sub_base_duration"":100.0,""_score"":41.21},""compression"":{""VC1_atr_ratio"":{""value"":0.5110768219228097,""score"":100},""VC2_range_contraction"":{""value"":0.930862496667049,""score"":11.5229172221585},""VC3_range_pct_rank"":{""score"":44.99999999999999},""_score"":55.28},""sr_quality"":{""SR1_touches"":{""value"":2,""score"":25.0},""SR2_tightness"":{""value"":1.1875,""score"":81.26631802298525},""SR3_recency"":{""value"":248,""score"":0.0},""SR4_price_location"":{""score"":30.0},""SR5_reaction"":{""value"":3.086719199854862,""score"":100},""_score"":42.19,""_levels_found"":6,""_target_level"":379.2575},""volume"":{""V1_rvol_day"":{""value"":1.0759288010905206,""score"":38.395253406034705},""V2_rvol_sameslot"":{""value"":1.480358050221544,""score"":65.35720334810294,""status"":""ok""},""V3_breakout_bar"":{""value"":1.078154416921743,""score"":38.543627794782864},""V4_base_dryup"":{""value"":0.8136439015029248,""score"":68.63560984970752},""V5_bo_expansion"":{""value"":1.0759288010905208,""score"":5.061920072701387},""_score"":44.87},""readiness"":{""_distance_atr"":0.671,""BR1_atr_distance"":{""score"":55.24950635104691},""BR2_compression"":{""score"":0},""BR3_retest"":{""score"":50.0},""BR4_bo_age"":{""score"":50.0},""_score"":39.6},""risk"":{""R1_stop_clarity"":{""score"":4.955157481246886},""R2_stop_distance_pct"":{""value"":6.654731850034209,""score"":100.0},""R3_stop_distance_atr"":{""value"":2.224752912594554,""score"":100.0},""R4_rr_potential"":{""value"":3.504728813409089,""score"":100.0},""_score"":66.73},""market"":{""M1_spy_regime"":{""score"":100.0},""M3_earnings_risk"":{""value"":null,""score"":80.0},""M4_vix"":{""value"":null,""score"":60.0},""_score"":84.0},""liquidity"":{""L1_price"":{""value"":423.83,""score"":100.0},""L2_dollar_vol"":{""value"":1066982365.6349959,""score"":100.0},""L3_spread_proxy"":{""value"":0.027723379656937924,""score"":72.27662034306208},""L4_volume_zscore"":{""value"":0.4763523168687644,""score"":100.0},""_score"":97.23},""pattern_structure"":{""n_contractions"":5,""contractions_pct"":[11.9,10.53,5.28,10.11,7.1],""descending_strict"":false,""final_low"":401.65,""final_pivot"":432.34,""structural_low"":401.65,""dry_up_ratio"":1.1537297785478302,""current_price"":423.83,""neckline_distance_pct"":0.02007880518132268,""base_bars"":51,""recent_base_height"":90.33999999999997},""pattern_geometry_features"":{""contraction_count"":5.0,""first_contraction_pct"":0.11901089484637047,""last_contraction_pct"":0.07098579821436832,""dry_up_ratio"":1.1537297785478302,""near_monotone"":0.0,""base_depth_pct"":0.016648304566042382},""_schema_version"":""1.0""}",,,,,,,,,,
20260504T200431Z-7bad84,2026-05-04T20:04:31.798741+00:00,ETN,bull_flag,forming,55.0,98.4,56.3,55.3,42.2,35.9,33.1,56.1,84.0,97.2,13.78,16.88,4.98,4.22,5.03,2.98,1.68,5.04,4.86,True,risk_unclear,423.83,435.43,416.4925,469.21,"{""trend"":{""T1_ema_stack"":{""value"":[true,true,true],""score"":100.0},""T2_ema50_slope"":{""value"":0.3456903619275187,""score"":100},""T3_high_proximity"":{""value"":0.9787995658298885,""score"":89.39978291494421},""T4_rs_1m"":{""value"":0.07884704461438852,""score"":100},""T5_rs_3m"":{""value"":0.14658343930653128,""score"":100},""T6_adr_healthy"":{""value"":2.719736898538812,""score"":100.0},""_score"":98.41},""geometry"":{""sub_pole_impulse"":45.3,""sub_flag_tightness"":45.8,""sub_flag_shallowness"":31.2,""sub_flag_drift"":100,""sub_flag_duration"":100.0,""_score"":56.28},""compression"":{""VC1_atr_ratio"":{""value"":0.5110768219228097,""score"":100},""VC2_range_contraction"":{""value"":0.930862496667049,""score"":11.5229172221585},""VC3_range_pct_rank"":{""score"":44.99999999999999},""_score"":55.28},""sr_quality"":{""SR1_touches"":{""value"":2,""score"":25.0},""SR2_tightness"":{""value"":1.1875,""score"":81.26631802298525},""SR3_recency"":{""value"":248,""score"":0.0},""SR4_price_location"":{""score"":30.0},""SR5_reaction"":{""value"":3.086719199854862,""score"":100},""_score"":42.19,""_levels_found"":6,""_target_level"":379.2575},""volume"":{""V1_rvol_day"":{""value"":1.0759288010905206,""score"":38.395253406034705},""V2_rvol_sameslot"":{""value"":1.480358050221544,""score"":65.35720334810294,""status"":""ok""},""V3_breakout_bar"":{""value"":1.078154416921743,""score"":38.543627794782864},""V4_base_dryup"":{""value"":1.2607498367261305,""score"":23.925016327386956},""V5_bo_expansion"":{""value"":1.0759288010905208,""score"":5.061920072701387},""_score"":35.93},""readiness"":{""_distance_atr"":0.915,""BR1_atr_distance"":{""score"":39.00050219414132},""BR2_compression"":{""score"":0},""BR3_retest"":{""score"":50.0},""BR4_bo_age"":{""score"":50.0},""_score"":33.1},""risk"":{""R1_stop_clarity"":{""score"":0},""R2_stop_distance_pct"":{""value"":1.7312424792959507,""score"":93.28106198239877},""R3_stop_distance_atr"":{""value"":0.5787741467300872,""score"":53.938707336504365},""R4_rr_potential"":{""value"":6.184646730334804,""score"":100.0},""_score"":56.08},""market"":{""M1_spy_regime"":{""score"":100.0},""M3_earnings_risk"":{""value"":null,""score"":80.0},""M4_vix"":{""value"":null,""score"":60.0},""_score"":84.0},""liquidity"":{""L1_price"":{""value"":423.83,""score"":100.0},""L2_dollar_vol"":{""value"":1066982365.6349959,""score"":100.0},""L3_spread_proxy"":{""value"":0.027723379656937924,""score"":72.27662034306208},""L4_volume_zscore"":{""value"":0.4763523168687644,""score"":100.0},""_score"":97.23},""pattern_structure"":{""pole_low"":401.65,""pole_low_idx"":31,""peak_price"":435.43,""peak_idx"":48,""pole_gain"":0.0841030748163825,""flag_bars"":11,""flag_low"":422.835,""flag_high"":434.75,""structural_low"":422.835,""current_price"":423.92,""neckline_distance_pct"":0.02715134931119077,""base_bars"":11},""pattern_geometry_features"":{""pole_gain"":0.0841030748163825,""pullback_pct"":0.028925430034678425,""flag_range_pct"":0.027363755368256713,""flag_drift_per_bar"":0.00031598157456811304,""atr_pct"":0.029912228959724427,""pole_atr_multiple"":2.811661910238244},""_schema_version"":""1.0""}",,,,,,,,,,
20260504T200431Z-7bad84,2026-05-04T20:04:31.798741+00:00,APH,double_bottom,forming,55.0,64.6,52.3,57.7,74.2,24.6,39.7,65.0,84.0,97.3,9.69,13.07,4.62,10.39,3.2,3.18,3.9,5.04,4.87,True,risk_unclear,141.12,154.918,138.0872,169.646,"{""trend"":{""T1_ema_stack"":{""value"":[false,true,true],""score"":66.66666666666666},""T2_ema50_slope"":{""value"":0.271839673930527,""score"":95.3066123217545},""T3_high_proximity"":{""value"":0.9234997709573981,""score"":61.74988547869903},""T4_rs_1m"":{""value"":0.0076278532546545375,""score"":57.62785325465454},""T5_rs_3m"":{""value"":-0.0588448867682575,""score"":20.577556615871252},""T6_adr_healthy"":{""value"":3.1915727250157775,""score"":100.0},""_score"":64.6},""geometry"":{""sub_low_similarity"":26.9,""sub_bounce_quality"":100,""sub_separation_fit"":0.0,""sub_right_bottom_reaction"":28.0,""sub_base_context"":100.0,""_score"":52.27},""compression"":{""VC1_atr_ratio"":{""value"":0.4574507724064792,""score"":100},""VC2_range_contraction"":{""value"":1.0782797604972143,""score"":0},""VC3_range_pct_rank"":{""score"":70.83333333333333},""_score"":57.71},""sr_quality"":{""SR1_touches"":{""value"":7,""score"":100},""SR2_tightness"":{""value"":1.7461468133801226,""score"":33.426590939594384},""SR3_recency"":{""value"":225,""score"":0.0},""SR4_price_location"":{""score"":96.86574080220103},""SR5_reaction"":{""value"":2.0661025849810306,""score"":100},""_score"":74.23,""_levels_found"":4,""_target_level"":141.4741},""volume"":{""V1_rvol_day"":{""value"":0.7040289568157431,""score"":13.60193045438287},""V2_rvol_sameslot"":{""value"":0.830273334640229,""score"":22.0182223093486,""status"":""ok""},""V3_breakout_bar"":{""value"":0.8223714996049222,""score"":21.49143330699481},""V4_base_dryup"":{""value"":0.895131942723437,""score"":60.486805727656304},""V5_bo_expansion"":{""value"":0.7040289568157432,""score"":0},""_score"":24.59},""readiness"":{""_distance_atr"":2.63,""BR1_atr_distance"":{""score"":0},""BR2_compression"":{""score"":88.8371982150823},""BR3_retest"":{""score"":50.0},""BR4_bo_age"":{""score"":50.0},""_score"":39.71},""risk"":{""R1_stop_clarity"":{""score"":19.82696290486676},""R2_stop_distance_pct"":{""value"":2.1491284013605414,""score"":100.0},""R3_stop_distance_atr"":{""value"":0.5781505945597064,""score"":53.90752972798531},""R4_rr_potential"":{""value"":9.405674530557082,""score"":100.0},""_score"":65.03},""market"":{""M1_spy_regime"":{""score"":100.0},""M3_earnings_risk"":{""value"":null,""score"":80.0},""M4_vix"":{""value"":null,""score"":60.0},""_score"":84.0},""liquidity"":{""L1_price"":{""value"":141.12,""score"":100.0},""L2_dollar_vol"":{""value"":743924124.5395882,""score"":100.0},""L3_spread_proxy"":{""value"":0.02664399092970515,""score"":73.35600907029485},""L4_volume_zscore"":{""value"":-0.9852824114352483,""score"":100.0},""_score"":97.34},""pattern_structure"":{""left_low"":145.41,""left_idx"":29,""right_low"":140.19,""right_idx"":75,""separation_bars"":46,""structural_low"":140.19,""current_price"":141.182,""neckline_distance_pct"":0.09729285602980564,""base_bars"":46},""pattern_geometry_features"":{""low_similarity_pct"":0.036554621848739484,""bounce_pct"":0.10505742207004785,""right_bottom_reaction"":0.27956989247312175,""atr_pct"":0.03717246720116618},""_schema_version"":""1.0""}",,,,,,,,,,
20260504T200431Z-7bad84,2026-05-04T20:04:31.798741+00:00,HWM,base_on_base,forming,55.0,59.2,59.9,62.3,55.3,32.8,29.2,54.6,84.0,98.3,10.66,14.97,6.23,5.53,3.93,2.33,2.73,5.88,4.92,True,risk_unclear,240.19,259.82,217.2024,297.86,"{""trend"":{""T1_ema_stack"":{""value"":[false,true,true],""score"":66.66666666666666},""T2_ema50_slope"":{""value"":0.13799115060118164,""score"":72.99852510019694},""T3_high_proximity"":{""value"":0.906001282486515,""score"":53.00064124325748},""T4_rs_1m"":{""value"":-0.06259605941510649,""score"":0},""T5_rs_3m"":{""value"":0.12660586892273962,""score"":100},""T6_adr_healthy"":{""value"":2.91015682974567,""score"":100.0},""_score"":59.22},""geometry"":{""sub_shallower_second"":19.5,""sub_second_base_depth"":100.0,""sub_rim_advance"":100,""sub_dry_up"":0,""sub_second_base_duration"":100.0,""_score"":59.88},""compression"":{""VC1_atr_ratio"":{""value"":0.4546249080045718,""score"":100},""VC2_range_contraction"":{""value"":1.1992376523585386,""score"":0},""VC3_range_pct_rank"":{""score"":89.16666666666666},""_score"":62.29},""sr_quality"":{""SR1_touches"":{""value"":3,""score"":50.0},""SR2_tightness"":{""value"":1.9393875894782362,""score"":51.95033137010407},""SR3_recency"":{""value"":243,""score"":0.0},""SR4_price_location"":{""score"":70.052557355379},""SR5_reaction"":{""value"":2.3523239008736363,""score"":100},""_score"":55.31,""_levels_found"":6,""_target_level"":243.0143},""volume"":{""V1_rvol_day"":{""value"":0.45840629461977517,""score"":0},""V2_rvol_sameslot"":{""value"":0.886239287904428,""score"":25.749285860295196,""status"":""ok""},""V3_breakout_bar"":{""value"":1.3017655874261753,""score"":53.451039161745015},""V4_base_dryup"":{""value"":0.7875448688862478,""score"":71.24551311137523},""V5_bo_expansion"":{""value"":0.45840629461977506,""score"":0},""_score"":32.76},""readiness"":{""_distance_atr"":2.432,""BR1_atr_distance"":{""score"":0},""BR2_compression"":{""score"":46.68938778130949},""BR3_retest"":{""score"":50.0},""BR4_bo_age"":{""score"":50.0},""_score"":29.17},""risk"":{""R1_stop_clarity"":{""score"":18.050646822517805},""R2_stop_distance_pct"":{""value"":9.570569757275488,""score"":60.73575606811281},""R3_stop_distance_atr"":{""value"":2.847662422354751,""score"":100.0},""R4_rr_potential"":{""value"":2.5087491375495135,""score"":75.43745687747567},""_score"":54.63},""market"":{""M1_spy_regime"":{""score"":100.0},""M3_earnings_risk"":{""value"":null,""score"":80.0},""M4_vix"":{""value"":null,""score"":60.0},""_score"":84.0},""liquidity"":{""L1_price"":{""value"":240.19,""score"":100.0},""L2_dollar_vol"":{""value"":220970635.33502164,""score"":100.0},""L3_spread_proxy"":{""value"":0.016878721012531767,""score"":83.12127898746823},""L4_volume_zscore"":{""value"":-1.7679904989655546,""score"":100.0},""_score"":98.31},""pattern_structure"":{""first_base_low"":188.83,""first_base_top"":226.87,""first_base_bars"":20,""second_base_low"":220.5101,""second_base_top"":259.82,""second_base_bars"":41,""structural_low"":220.5101,""stacking_overlap_pct"":0.028033234892229076,""current_price"":240.19,""neckline_distance_pct"":0.08172696615179648,""base_bars"":41},""pattern_geometry_features"":{""first_base_depth_pct"":0.16767311676290383,""second_base_depth_pct"":0.15129666692325455,""second_dry_up_ratio"":1.1469460789277899,""rim_advance_pct"":0.14523736060298845,""atr_pct"":0.033608512308708},""_schema_version"":""1.0""}",,,,,,,,,,
20260504T200431Z-7bad84,2026-05-04T20:04:31.798741+00:00,HWM,ascending_triangle,forming,55.0,59.2,55.2,62.3,55.3,32.9,52.1,54.2,84.0,98.3,8.88,15.45,4.98,7.74,3.95,4.17,2.17,5.04,4.92,True,risk_unclear,240.19,245.36,231.0909,256.11,"{""trend"":{""T1_ema_stack"":{""value"":[false,true,true],""score"":66.66666666666666},""T2_ema50_slope"":{""value"":0.13799115060118164,""score"":72.99852510019694},""T3_high_proximity"":{""value"":0.906001282486515,""score"":53.00064124325748},""T4_rs_1m"":{""value"":-0.06259605941510649,""score"":0},""T5_rs_3m"":{""value"":0.12660586892273962,""score"":100},""T6_adr_healthy"":{""value"":2.91015682974567,""score"":100.0},""_score"":59.22},""geometry"":{""sub_flat_top_quality"":100,""sub_hl_slope"":2.8,""sub_compression"":37.4,""sub_duration"":100.0,""_score"":55.19},""compression"":{""VC1_atr_ratio"":{""value"":0.4546249080045718,""score"":100},""VC2_range_contraction"":{""value"":1.1992376523585386,""score"":0},""VC3_range_pct_rank"":{""score"":89.16666666666666},""_score"":62.29},""sr_quality"":{""SR1_touches"":{""value"":3,""score"":50.0},""SR2_tightness"":{""value"":1.9393875894782362,""score"":51.95033137010407},""SR3_recency"":{""value"":243,""score"":0.0},""SR4_price_location"":{""score"":70.052557355379},""SR5_reaction"":{""value"":2.3523239008736363,""score"":100},""_score"":55.31,""_levels_found"":6,""_target_level"":243.0143},""volume"":{""V1_rvol_day"":{""value"":0.45840629461977517,""score"":0},""V2_rvol_sameslot"":{""value"":0.886239287904428,""score"":25.749285860295196,""status"":""ok""},""V3_breakout_bar"":{""value"":1.3017655874261753,""score"":53.451039161745015},""V4_base_dryup"":{""value"":0.7804029617035807,""score"":71.95970382964194},""V5_bo_expansion"":{""value"":0.45840629461977506,""score"":0},""_score"":32.9},""readiness"":{""_distance_atr"":0.64,""BR1_atr_distance"":{""score"":57.30322496917775},""BR2_compression"":{""score"":46.68938778130949},""BR3_retest"":{""score"":50.0},""BR4_bo_age"":{""score"":50.0},""_score"":52.09},""risk"":{""R1_stop_clarity"":{""score"":12.81062523227223},""R2_stop_distance_pct"":{""value"":3.788313418543645,""score"":100.0},""R3_stop_distance_atr"":{""value"":1.1271886668908249,""score"":81.35943334454124},""R4_rr_potential"":{""value"":1.7496139749317299,""score"":37.48069874658649},""_score"":54.18},""market"":{""M1_spy_regime"":{""score"":100.0},""M3_earnings_risk"":{""value"":null,""score"":80.0},""M4_vix"":{""value"":null,""score"":60.0},""_score"":84.0},""liquidity"":{""L1_price"":{""value"":240.19,""score"":100.0},""L2_dollar_vol"":{""value"":220970635.33502164,""score"":100.0},""L3_spread_proxy"":{""value"":0.016878721012531767,""score"":83.12127898746823},""L4_volume_zscore"":{""value"":-1.7679904989655546,""score"":100.0},""_score"":98.31},""pattern_structure"":{""top"":245.36,""top_touches"":5,""low_slope_per_bar"":0.019934456928840546,""lowest_low"":234.61,""structural_low"":234.61,""current_price"":240.505,""neckline_distance_pct"":0.020186690505394973,""base_bars"":32},""pattern_geometry_features"":{""top_touches"":5.0,""low_slope"":0.019934456928840546,""compression"":0.1871122746178,""atr_pct"":0.033608512308708},""_schema_version"":""1.0""}",,,,,,,,,,
20260504T200431Z-7bad84,2026-05-04T20:04:31.798741+00:00,TDG,breakout_retest_hold,breakout_confirmed,55.0,15.9,69.0,56.9,39.9,55.7,74.2,46.9,84.0,73.1,2.22,15.17,3.41,5.58,7.24,13.35,2.34,4.2,2.19,True,trend_floor;weak_retest_trend,1156.44,1155.0,1138.4455,1165.11,"{""trend"":{""T1_ema_stack"":{""value"":[false,false,false],""score"":0.0},""T2_ema50_slope"":{""value"":-0.11676572951381471,""score"":30.53904508103088},""T3_high_proximity"":{""value"":0.8636723476078807,""score"":31.836173803940326},""T4_rs_1m"":{""value"":-0.10392098993300614,""score"":0},""T5_rs_3m"":{""value"":-0.2269667215470439,""score"":0},""T6_adr_healthy"":{""value"":2.751433312922034,""score"":100.0},""_score"":15.88},""geometry"":{""sub_retest_depth"":100.0,""sub_retest_timing"":0.0,""sub_retest_freshness"":100.0,""sub_hold_quality"":63.2,""_score"":68.96},""compression"":{""VC1_atr_ratio"":{""value"":0.33889477697000603,""score"":100},""VC2_range_contraction"":{""value"":1.026690720594816,""score"":0},""VC3_range_pct_rank"":{""score"":67.5},""_score"":56.88},""sr_quality"":{""SR1_touches"":{""value"":2,""score"":25.0},""SR2_tightness"":{""value"":4.355000000000018,""score"":75.87090518733974},""SR3_recency"":{""value"":281,""score"":0.0},""SR4_price_location"":{""score"":23.979371301665044},""SR5_reaction"":{""value"":2.44933859685574,""score"":100},""_score"":39.88,""_levels_found"":6,""_target_level"":1241.445},""volume"":{""V1_rvol_day"":{""value"":0.8351117803462833,""score"":22.340785356418888},""V2_rvol_sameslot"":{""value"":1.6433219269054877,""score"":76.22146179369919,""status"":""ok""},""V3_breakout_bar"":{""value"":1.9094267413649215,""score"":93.96178275766144},""V4_base_dryup"":{""value"":0.8742967467171897,""score"":62.57032532828103},""V5_bo_expansion"":{""value"":0.8351117803462832,""score"":0},""_score"":55.72},""readiness"":{""_distance_atr"":-0.04,""BR1_atr_distance"":{""score"":100.0},""BR2_compression"":{""score"":44.185534575623876},""BR3_retest"":{""score"":92.99813006440881},""BR4_bo_age"":{""score"":30.0},""_score"":74.15},""risk"":{""R1_stop_clarity"":{""score"":36.286723457303005},""R2_stop_distance_pct"":{""value"":1.5560210646466865,""score"":88.90052661616717},""R3_stop_distance_atr"":{""value"":0.4984957407022686,""score"":49.924787035113425},""R4_rr_potential"":{""value"":0.4818152263614617,""score"":0.0},""_score"":46.86},""market"":{""M1_spy_regime"":{""score"":100.0},""M3_earnings_risk"":{""value"":null,""score"":80.0},""M4_vix"":{""value"":null,""score"":60.0},""_score"":84.0},""liquidity"":{""L1_price"":{""value"":1156.44,""score"":0.0},""L2_dollar_vol"":{""value"":356952881.0486195,""score"":100.0},""L3_spread_proxy"":{""value"":0.019270346926775345,""score"":80.72965307322465},""L4_volume_zscore"":{""value"":-0.46375501884570974,""score"":100.0},""_score"":73.07},""pattern_structure"":{""level"":1155.0,""level_idx"":56,""breakout_idx"":62,""bo_peak_idx"":74,""bo_peak_price"":1172.23,""retest_idx"":77,""retest_low"":1149.945,""structural_low"":1149.945,""current_price"":1154.07,""neckline_distance_pct"":0.0008058436663287874,""base_bars"":23,""bars_since_breakout"":17},""pattern_geometry_features"":{""retest_depth_atr"":0.5116222916080871,""bars_breakout_to_retest"":15.0,""bars_since_retest"":2.0,""current_above_level_atr"":-0.094126356319594,""bo_peak_excess_pct"":0.014917748917748934,""atr_pct"":0.03121433018574245},""_schema_version"":""1.0""}",,,,,,,,,,
20260504T200431Z-7bad84,2026-05-04T20:04:31.798741+00:00,AVGO,vcp,absent,55.0,98.8,46.9,47.5,43.6,20.2,36.0,67.6,84.0,96.6,14.82,11.73,5.7,5.24,2.62,2.52,3.38,5.04,4.83,True,risk_unclear,416.18,429.31,388.7302,568.66,"{""trend"":{""T1_ema_stack"":{""value"":[true,true,true],""score"":100.0},""T2_ema50_slope"":{""value"":0.5444514706825223,""score"":100},""T3_high_proximity"":{""value"":0.9844356135869051,""score"":92.21780679345254},""T4_rs_1m"":{""value"":0.22822434029963934,""score"":100},""T5_rs_3m"":{""value"":0.22436734727828944,""score"":100},""T6_adr_healthy"":{""value"":2.807111720853493,""score"":100.0},""_score"":98.83},""geometry"":{""sub_contraction_count"":100.0,""sub_reduction_rate"":7.1,""sub_pivot_tightness"":27.6,""sub_volume_dryup"":40.1,""sub_base_depth"":0.0,""sub_base_duration"":100.0,""_score"":46.93},""compression"":{""VC1_atr_ratio"":{""value"":0.6467377874333518,""score"":88.31555314166206},""VC2_range_contraction"":{""value"":0.9984121647461932,""score"":0.26463920896779847},""VC3_range_pct_rank"":{""score"":48.33333333333333},""_score"":47.5},""sr_quality"":{""SR1_touches"":{""value"":2,""score"":25.0},""SR2_tightness"":{""value"":0.585000000000008,""score"":90.85503216092005},""SR3_recency"":{""value"":297,""score"":0.0},""SR4_price_location"":{""score"":30.0},""SR5_reaction"":{""value"":2.557851412696542,""score"":100},""_score"":43.63,""_levels_found"":6,""_target_level"":360.075},""volume"":{""V1_rvol_day"":{""value"":0.50150542001965,""score"":0.10036133464333592},""V2_rvol_sameslot"":{""value"":0.6385991550622518,""score"":9.23994367081679,""status"":""ok""},""V3_breakout_bar"":{""value"":0.7201282316056921,""score"":14.675215440379471},""V4_base_dryup"":{""value"":0.7678869702477401,""score"":73.21130297522599},""V5_bo_expansion"":{""value"":0.50150542001965,""score"":0},""_score"":20.18},""readiness"":{""_distance_atr"":1.026,""BR1_atr_distance"":{""score"":31.582092463180572},""BR2_compression"":{""score"":23.673477136912556},""BR3_retest"":{""score"":50.0},""BR4_bo_age"":{""score"":50.0},""_score"":36.05},""risk"":{""R1_stop_clarity"":{""score"":7.459960059157268},""R2_stop_distance_pct"":{""value"":6.595643711855459,""score"":100.0},""R3_stop_distance_atr"":{""value"":2.1455306063314694,""score"":100.0},""R4_rr_potential"":{""value"":5.554877548975848,""score"":100.0},""_score"":67.61},""market"":{""M1_spy_regime"":{""score"":100.0},""M3_earnings_risk"":{""value"":null,""score"":80.0},""M4_vix"":{""value"":null,""score"":60.0},""_score"":84.0},""liquidity"":{""L1_price"":{""value"":416.18,""score"":100.0},""L2_dollar_vol"":{""value"":4541662829.772101,""score"":100.0},""L3_spread_proxy"":{""value"":0.03436013263491761,""score"":65.63986736508238},""L4_volume_zscore"":{""value"":-1.7519628957011324,""score"":100.0},""_score"":96.56},""pattern_structure"":{""n_contractions"":5,""contractions_pct"":[10.23,9.68,12.64,11.19,8.07],""descending_strict"":false,""final_low"":394.65,""final_pivot"":429.31,""structural_low"":394.65,""dry_up_ratio"":0.7995567396685497,""current_price"":416.18,""neckline_distance_pct"":0.03154884905569704,""base_bars"":54,""recent_base_height"":139.35000000000002},""pattern_geometry_features"":{""contraction_count"":5.0,""first_contraction_pct"":0.10225918147244133,""last_contraction_pct"":0.0807342013929329,""dry_up_ratio"":0.7995567396685497,""near_monotone"":0.0,""base_depth_pct"":-0.12008287449622525},""_schema_version"":""1.0""}",,,,,,,,,,
20260504T200431Z-7bad84,2026-05-04T20:04:31.798741+00:00,MCHP,high_tight_pullback,forming,55.0,100.0,81.1,17.3,42.5,34.3,58.7,66.7,84.0,97.3,12.0,28.39,1.73,3.4,4.8,5.29,0.67,5.04,4.86,True,risk_unclear,95.31,96.215,92.7575,108.46,"{""trend"":{""T1_ema_stack"":{""value"":[true,true,true],""score"":100.0},""T2_ema50_slope"":{""value"":0.44555477497015583,""score"":100},""T3_high_proximity"":{""value"":1.0,""score"":99.99999999999997},""T4_rs_1m"":{""value"":0.35802419471806934,""score"":100},""T5_rs_3m"":{""value"":0.18811477288371714,""score"":100},""T6_adr_healthy"":{""value"":3.438790937861833,""score"":100.0},""_score"":100.0},""geometry"":{""sub_pole_impulse"":71.3,""sub_flag_tightness"":82.3,""sub_flag_shallowness"":70.8,""sub_flag_drift"":100,""sub_flag_duration"":100.0,""_score"":81.12},""compression"":{""VC1_atr_ratio"":{""value"":1.0000535769307606,""score"":0},""VC2_range_contraction"":{""value"":1.0441930718259254,""score"":0},""VC3_range_pct_rank"":{""score"":69.16666666666667},""_score"":17.29},""sr_quality"":{""SR1_touches"":{""value"":2,""score"":25.0},""SR2_tightness"":{""value"":0.30000000000000426,""score"":83.36630369565063},""SR3_recency"":{""value"":225,""score"":0.0},""SR4_price_location"":{""score"":30.0},""SR5_reaction"":{""value"":2.0293109491305925,""score"":100},""_score"":42.5,""_levels_found"":5,""_target_level"":83.65},""volume"":{""V1_rvol_day"":{""value"":0.6409773531488503,""score"":9.398490209923354},""V2_rvol_sameslot"":{""value"":1.074618550885246,""score"":38.30790339234973,""status"":""ok""},""V3_breakout_bar"":{""value"":1.2301802860409428,""score"":48.678685736062846},""V4_base_dryup"":{""value"":0.8714699002733206,""score"":62.85300997266794},""V5_bo_expansion"":{""value"":0.6409773531488504,""score"":0},""_score"":34.28},""readiness"":{""_distance_atr"":0.251,""BR1_atr_distance"":{""score"":83.27389427173779},""BR2_compression"":{""score"":31.710669046324785},""BR3_retest"":{""score"":50.0},""BR4_bo_age"":{""score"":50.0},""_score"":58.74},""risk"":{""R1_stop_clarity"":{""score"":21.680240950972333},""R2_stop_distance_pct"":{""value"":2.678155492603081,""score"":100.0},""R3_stop_distance_atr"":{""value"":0.707639025027772,""score"":60.3819512513886},""R4_rr_potential"":{""value"":5.151711034063984,""score"":100.0},""_score"":66.65},""market"":{""M1_spy_regime"":{""score"":100.0},""M3_earnings_risk"":{""value"":null,""score"":80.0},""M4_vix"":{""value"":null,""score"":60.0},""_score"":84.0},""liquidity"":{""L1_price"":{""value"":95.31,""score"":100.0},""L2_dollar_vol"":{""value"":585383306.6842154,""score"":100.0},""L3_spread_proxy"":{""value"":0.02725317385374039,""score"":72.74682614625961},""L4_volume_zscore"":{""value"":-1.1366601068890465,""score"":100.0},""_score"":97.27},""pattern_structure"":{""pole_low"":83.97,""pole_low_idx"":35,""peak_price"":96.215,""peak_idx"":54,""pole_gain"":0.14582589019888062,""flag_bars"":5,""flag_low"":94.17,""flag_high"":95.66,""structural_low"":94.17,""current_price"":95.06,""neckline_distance_pct"":0.012150220913107523,""base_bars"":5},""pattern_geometry_features"":{""pole_gain"":0.14582589019888062,""pullback_pct"":0.021254482149353028,""flag_range_pct"":0.015486150808086003,""flag_drift_per_bar"":0.001078266358089467,""atr_pct"":0.037846351004991195,""pole_atr_multiple"":3.853103042342154},""_schema_version"":""1.0""}",,,,,,,,,,
20260504T200431Z-7bad84,2026-05-04T20:04:31.798741+00:00,CDNS,bull_flag,forming,55.0,88.8,76.4,32.2,53.6,31.7,70.7,66.3,84.0,97.0,12.43,22.91,2.9,5.36,4.43,6.37,1.99,5.04,4.85,True,risk_unclear,349.9,351.01,341.6177,386.51,"{""trend"":{""T1_ema_stack"":{""value"":[true,true,false],""score"":66.66666666666666},""T2_ema50_slope"":{""value"":0.2127216077939019,""score"":85.45360129898364},""T3_high_proximity"":{""value"":1.0,""score"":99.99999999999997},""T4_rs_1m"":{""value"":0.1605095983752054,""score"":100},""T5_rs_3m"":{""value"":0.17737485343516113,""score"":100},""T6_adr_healthy"":{""value"":3.869261197941492,""score"":100.0},""_score"":88.76},""geometry"":{""sub_pole_impulse"":48.3,""sub_flag_tightness"":84.6,""sub_flag_shallowness"":78.8,""sub_flag_drift"":99.9,""sub_flag_duration"":100.0,""_score"":76.38},""compression"":{""VC1_atr_ratio"":{""value"":0.7950051903731293,""score"":51.24870240671766},""VC2_range_contraction"":{""value"":1.060302827641675,""score"":0},""VC3_range_pct_rank"":{""score"":46.666666666666664},""_score"":32.17},""sr_quality"":{""SR1_touches"":{""value"":4,""score"":75.0},""SR2_tightness"":{""value"":2.870481231431403,""score"":57.26392784786933},""SR3_recency"":{""value"":287,""score"":0.0},""SR4_price_location"":{""score"":30.0},""SR5_reaction"":{""value"":2.3464795442533424,""score"":100},""_score"":53.59,""_levels_found"":5,""_target_level"":326.025},""volume"":{""V1_rvol_day"":{""value"":0.7463556357465688,""score"":16.423709049771254},""V2_rvol_sameslot"":{""value"":1.015314383017756,""score"":34.35429220118373,""status"":""ok""},""V3_breakout_bar"":{""value"":1.0590701010072427,""score"":37.27134006714952},""V4_base_dryup"":{""value"":0.8902217923822596,""score"":60.97782076177404},""V5_bo_expansion"":{""value"":0.7463556357465688,""score"":0},""_score"":31.67},""readiness"":{""_distance_atr"":0.083,""BR1_atr_distance"":{""score"":94.49139519773014},""BR2_compression"":{""score"":61.76342632354691},""BR3_retest"":{""score"":50.0},""BR4_bo_age"":{""score"":50.0},""_score"":70.74},""risk"":{""R1_stop_clarity"":{""score"":22.547527667978244},""R2_stop_distance_pct"":{""value"":2.3670477279222535,""score"":100.0},""R3_stop_distance_atr"":{""value"":0.6165394264032288,""score"":55.826971320161434},""R4_rr_potential"":{""value"":4.420269731837796,""score"":100.0},""_score"":66.27},""market"":{""M1_spy_regime"":{""score"":100.0},""M3_earnings_risk"":{""value"":null,""score"":80.0},""M4_vix"":{""value"":null,""score"":60.0},""_score"":84.0},""liquidity"":{""L1_price"":{""value"":349.9,""score"":100.0},""L2_dollar_vol"":{""value"":677362170.7809812,""score"":100.0},""L3_spread_proxy"":{""value"":0.029722777936553237,""score"":70.27722206344677},""L4_volume_zscore"":{""value"":-0.7661241038898062,""score"":100.0},""_score"":97.03},""pattern_structure"":{""pole_low"":315.51,""pole_low_idx"":37,""peak_price"":351.01,""peak_idx"":54,""pole_gain"":0.11251624354220152,""flag_bars"":5,""flag_low"":346.82,""flag_high"":350.46,""structural_low"":346.82,""current_price"":349.11,""neckline_distance_pct"":0.00544241070149803,""base_bars"":5},""pattern_geometry_features"":{""pole_gain"":0.11251624354220152,""pullback_pct"":0.011936981852368873,""flag_range_pct"":0.010370074926640228,""flag_drift_per_bar"":-2.005098679500559e-05,""atr_pct"":0.03839247948393422,""pole_atr_multiple"":2.930684474007084},""_schema_version"":""1.0""}",,,,,,,,,,
20260504T200431Z-7bad84,2026-05-04T20:04:31.798741+00:00,TXN,double_bottom,forming,55.0,99.8,61.7,11.0,49.5,20.3,68.8,52.1,84.0,97.5,14.98,15.43,0.88,6.93,2.64,5.5,3.13,5.04,4.87,True,risk_unclear,281.64,283.79,267.9298,295.57,"{""trend"":{""T1_ema_stack"":{""value"":[true,true,true],""score"":100.0},""T2_ema50_slope"":{""value"":0.5042795340513069,""score"":100},""T3_high_proximity"":{""value"":0.997909506430925,""score"":98.95475321546249},""T4_rs_1m"":{""value"":0.35039905969997687,""score"":100},""T5_rs_3m"":{""value"":0.21912136953953043,""score"":100},""T6_adr_healthy"":{""value"":2.9879842145575948,""score"":100.0},""_score"":99.84},""geometry"":{""sub_low_similarity"":66.2,""sub_bounce_quality"":19.0,""sub_separation_fit"":66.7,""sub_right_bottom_reaction"":53.6,""sub_base_context"":100.0,""_score"":61.7},""compression"":{""VC1_atr_ratio"":{""value"":1.2623637795964815,""score"":0},""VC2_range_contraction"":{""value"":1.429602719130084,""score"":0},""VC3_range_pct_rank"":{""score"":44.166666666666664},""_score"":11.04},""sr_quality"":{""SR1_touches"":{""value"":4,""score"":75.0},""SR2_tightness"":{""value"":2.6941881894181074,""score"":50.56117502481732},""SR3_recency"":{""value"":269,""score"":0.0},""SR4_price_location"":{""score"":30.0},""SR5_reaction"":{""value"":1.5924511311899887,""score"":79.62255655949943},""_score"":49.53,""_levels_found"":5,""_target_level"":228.58},""volume"":{""V1_rvol_day"":{""value"":0.4420820694764911,""score"":0},""V2_rvol_sameslot"":{""value"":0.5980125861875891,""score"":6.534172412505941,""status"":""ok""},""V3_breakout_bar"":{""value"":0.8615312492904088,""score"":24.102083286027252},""V4_base_dryup"":{""value"":0.8526809615679474,""score"":64.73190384320526},""V5_bo_expansion"":{""value"":0.4420820694764911,""score"":0},""_score"":20.28},""readiness"":{""_distance_atr"":0.197,""BR1_atr_distance"":{""score"":86.84904119242913},""BR2_compression"":{""score"":66.05623426718799},""BR3_retest"":{""score"":50.0},""BR4_bo_age"":{""score"":50.0},""_score"":68.75},""risk"":{""R1_stop_clarity"":{""score"":25.128533145986765},""R2_stop_distance_pct"":{""value"":4.867969748615254,""score"":100.0},""R3_stop_distance_atr"":{""value"":1.2579182643880111,""score"":87.89591321940055},""R4_rr_potential"":{""value"":1.016035564891709,""score"":0.8017782445854493},""_score"":52.14},""market"":{""M1_spy_regime"":{""score"":100.0},""M3_earnings_risk"":{""value"":null,""score"":80.0},""M4_vix"":{""value"":null,""score"":60.0},""_score"":84.0},""liquidity"":{""L1_price"":{""value"":281.64,""score"":100.0},""L2_dollar_vol"":{""value"":992988285.0496501,""score"":100.0},""L3_spread_proxy"":{""value"":0.025387018889362428,""score"":74.61298111063758},""L4_volume_zscore"":{""value"":-0.890829448675306,""score"":100.0},""_score"":97.46},""pattern_structure"":{""left_low"":272.01,""left_idx"":39,""right_low"":276.64,""right_idx"":74,""separation_bars"":35,""structural_low"":272.01,""current_price"":281.24,""neckline_distance_pct"":0.009066989048499542,""base_bars"":35},""pattern_geometry_features"":{""low_similarity_pct"":0.016877790941401606,""bounce_pct"":0.04330723135178865,""right_bottom_reaction"":0.5361538461538456,""atr_pct"":0.03869861728244772},""_schema_version"":""1.0""}",,,,,,,,,,
20260504T200431Z-7bad84,2026-05-04T20:04:31.798741+00:00,SNPS,double_bottom,absent,55.0,85.2,49.9,52.3,38.1,28.5,57.2,53.1,84.0,97.6,12.77,12.48,4.18,5.33,3.7,4.58,3.18,5.04,4.88,True,risk_unclear,499.64,502.28,459.798,537.76,"{""trend"":{""T1_ema_stack"":{""value"":[true,true,false],""score"":66.66666666666666},""T2_ema50_slope"":{""value"":0.20328776991450329,""score"":83.88129498575054},""T3_high_proximity"":{""value"":0.9976438640629368,""score"":98.82193203146838},""T4_rs_1m"":{""value"":0.16700435281267945,""score"":100},""T5_rs_3m"":{""value"":0.058622770477992026,""score"":79.31138523899601},""T6_adr_healthy"":{""value"":3.3934209979312855,""score"":100.0},""_score"":85.16},""geometry"":{""sub_low_similarity"":9.8,""sub_bounce_quality"":65.7,""sub_separation_fit"":0.0,""sub_right_bottom_reaction"":92.4,""sub_base_context"":100.0,""_score"":49.94},""compression"":{""VC1_atr_ratio"":{""value"":0.7324793909786758,""score"":66.88015225533105},""VC2_range_contraction"":{""value"":0.8940181392021285,""score"":17.663643466311925},""VC3_range_pct_rank"":{""score"":77.5},""_score"":52.31},""sr_quality"":{""SR1_touches"":{""value"":2,""score"":25.0},""SR2_tightness"":{""value"":0.8400000000000034,""score"":90.77051666663392},""SR3_recency"":{""value"":311,""score"":0.0},""SR4_price_location"":{""score"":30.0},""SR5_reaction"":{""value"":1.2586158521870003,""score"":62.930792609350014},""_score"":38.06,""_levels_found"":4,""_target_level"":483.07},""volume"":{""V1_rvol_day"":{""value"":0.6452652212406375,""score"":9.684348082709164},""V2_rvol_sameslot"":{""value"":0.8781514593574171,""score"":25.210097290494478,""status"":""ok""},""V3_breakout_bar"":{""value"":1.0981700759900115,""score"":39.87800506600077},""V4_base_dryup"":{""value"":0.9233859319804767,""score"":57.66140680195233},""V5_bo_expansion"":{""value"":0.6452652212406375,""score"":0},""_score"":28.48},""readiness"":{""_distance_atr"":0.145,""BR1_atr_distance"":{""score"":90.33101746028325},""BR2_compression"":{""score"":14.300177364199417},""BR3_retest"":{""score"":50.0},""BR4_bo_age"":{""score"":50.0},""_score"":57.21},""risk"":{""R1_stop_clarity"":{""score"":23.065663928298747},""R2_stop_distance_pct"":{""value"":7.97414138179489,""score"":100.0},""R3_stop_distance_atr"":{""value"":2.188815922428389,""score"":100.0},""R4_rr_potential"":{""value"":0.9567792781486878,""score"":0.0},""_score"":53.07},""market"":{""M1_spy_regime"":{""score"":100.0},""M3_earnings_risk"":{""value"":null,""score"":80.0},""M4_vix"":{""value"":null,""score"":60.0},""_score"":84.0},""liquidity"":{""L1_price"":{""value"":499.64,""score"":100.0},""L2_dollar_vol"":{""value"":534388356.58223367,""score"":100.0},""L3_spread_proxy"":{""value"":0.02382995756945004,""score"":76.17004243054996},""L4_volume_zscore"":{""value"":-1.120917391557114,""score"":100.0},""_score"":97.62},""pattern_structure"":{""left_low"":466.8,""left_idx"":24,""right_low"":488.3436,""right_idx"":74,""separation_bars"":50,""structural_low"":466.8,""current_price"":499.06,""neckline_distance_pct"":0.0064521300044082285,""base_bars"":50},""pattern_geometry_features"":{""low_similarity_pct"":0.045110703772710134,""bounce_pct"":0.07600685518423299,""right_bottom_reaction"":0.9238053138523136,""atr_pct"":0.03643130196598694},""_schema_version"":""1.0""}",,,,,,,,,,
20260504T200431Z-7bad84,2026-05-04T20:04:31.798741+00:00,SNPS,cup_with_handle,forming,55.0,85.2,56.7,52.3,38.1,28.7,57.2,72.8,84.0,97.6,11.92,17.0,4.18,4.57,3.73,4.58,3.64,4.2,4.88,True,risk_unclear,499.64,502.28,464.5457,605.01,"{""trend"":{""T1_ema_stack"":{""value"":[true,true,false],""score"":66.66666666666666},""T2_ema50_slope"":{""value"":0.20328776991450329,""score"":83.88129498575054},""T3_high_proximity"":{""value"":0.9976438640629368,""score"":98.82193203146838},""T4_rs_1m"":{""value"":0.16700435281267945,""score"":100},""T5_rs_3m"":{""value"":0.058622770477992026,""score"":79.31138523899601},""T6_adr_healthy"":{""value"":3.3934209979312855,""score"":100.0},""_score"":85.16},""geometry"":{""sub_cup_depth"":100.0,""sub_cup_duration"":56.0,""sub_rim_symmetry"":16.8,""sub_handle_shallowness"":49.1,""sub_handle_proportion"":88.3,""sub_u_shape"":41.8,""_score"":56.68},""compression"":{""VC1_atr_ratio"":{""value"":0.7324793909786758,""score"":66.88015225533105},""VC2_range_contraction"":{""value"":0.8940181392021285,""score"":17.663643466311925},""VC3_range_pct_rank"":{""score"":77.5},""_score"":52.31},""sr_quality"":{""SR1_touches"":{""value"":2,""score"":25.0},""SR2_tightness"":{""value"":0.8400000000000034,""score"":90.77051666663392},""SR3_recency"":{""value"":311,""score"":0.0},""SR4_price_location"":{""score"":30.0},""SR5_reaction"":{""value"":1.2586158521870003,""score"":62.930792609350014},""_score"":38.06,""_levels_found"":4,""_target_level"":483.07},""volume"":{""V1_rvol_day"":{""value"":0.6452652212406375,""score"":9.684348082709164},""V2_rvol_sameslot"":{""value"":0.8781514593574171,""score"":25.210097290494478,""status"":""ok""},""V3_breakout_bar"":{""value"":1.0981700759900115,""score"":39.87800506600077},""V4_base_dryup"":{""value"":0.9110292802642631,""score"":58.89707197357369},""V5_bo_expansion"":{""value"":0.6452652212406375,""score"":0},""_score"":28.73},""readiness"":{""_distance_atr"":0.145,""BR1_atr_distance"":{""score"":90.33101746028325},""BR2_compression"":{""score"":14.300177364199417},""BR3_retest"":{""score"":50.0},""BR4_bo_age"":{""score"":50.0},""_score"":57.21},""risk"":{""R1_stop_clarity"":{""score"":22.27126911281991},""R2_stop_distance_pct"":{""value"":7.023917220398683,""score"":100.0},""R3_stop_distance_atr"":{""value"":1.9279896246794486,""score"":100.0},""R4_rr_potential"":{""value"":3.00248188452256,""score"":100.0},""_score"":72.79},""market"":{""M1_spy_regime"":{""score"":100.0},""M3_earnings_risk"":{""value"":null,""score"":80.0},""M4_vix"":{""value"":null,""score"":60.0},""_score"":84.0},""liquidity"":{""L1_price"":{""value"":499.64,""score"":100.0},""L2_dollar_vol"":{""value"":534388356.58223367,""score"":100.0},""L3_spread_proxy"":{""value"":0.02382995756945004,""score"":76.17004243054996},""L4_volume_zscore"":{""value"":-1.120917391557114,""score"":100.0},""_score"":97.62},""pattern_structure"":{""left_rim"":482.23,""left_rim_idx"":82,""cup_bottom"":379.5,""cup_bottom_idx"":154,""right_rim"":502.28,""right_rim_idx"":173,""handle_low"":471.62,""handle_bars"":6,""cup_bars"":91,""structural_low"":471.62,""current_price"":499.64,""neckline_distance_pct"":0.005283804339124142,""base_bars"":97},""pattern_geometry_features"":{""cup_depth_pct"":0.21303112622607473,""rim_symmetry_pct"":0.04157767040623759,""handle_depth_pct"":0.06104165007565495,""handle_to_cup_ratio"":0.06593406593406594,""cup_duration_bars"":91.0,""atr_pct"":0.03643130196598694,""u_shape_score"":0.2087912087912088},""_schema_version"":""1.0""}",,,,,,,,,,
20260504T200431Z-7bad84,2026-05-04T20:04:31.798741+00:00,TXN,ascending_triangle,absent,55.0,99.8,48.2,11.0,49.5,14.7,68.8,54.5,84.0,97.5,14.98,13.51,0.88,6.93,1.76,5.5,2.18,5.04,4.87,True,risk_unclear,281.64,283.79,262.3428,301.2421,"{""trend"":{""T1_ema_stack"":{""value"":[true,true,true],""score"":100.0},""T2_ema50_slope"":{""value"":0.5042795340513069,""score"":100},""T3_high_proximity"":{""value"":0.997909506430925,""score"":98.95475321546249},""T4_rs_1m"":{""value"":0.35039905969997687,""score"":100},""T5_rs_3m"":{""value"":0.21912136953953043,""score"":100},""T6_adr_healthy"":{""value"":2.9879842145575948,""score"":100.0},""_score"":99.84},""geometry"":{""sub_flat_top_quality"":33.3,""sub_hl_slope"":77.5,""sub_compression"":0,""sub_duration"":100.0,""_score"":48.24},""compression"":{""VC1_atr_ratio"":{""value"":1.2623637795964815,""score"":0},""VC2_range_contraction"":{""value"":1.429602719130084,""score"":0},""VC3_range_pct_rank"":{""score"":44.166666666666664},""_score"":11.04},""sr_quality"":{""SR1_touches"":{""value"":4,""score"":75.0},""SR2_tightness"":{""value"":2.6941881894181074,""score"":50.56117502481732},""SR3_recency"":{""value"":269,""score"":0.0},""SR4_price_location"":{""score"":30.0},""SR5_reaction"":{""value"":1.5924511311899887,""score"":79.62255655949943},""_score"":49.53,""_levels_found"":5,""_target_level"":228.58},""volume"":{""V1_rvol_day"":{""value"":0.4420820694764911,""score"":0},""V2_rvol_sameslot"":{""value"":0.5980125861875891,""score"":6.534172412505941,""status"":""ok""},""V3_breakout_bar"":{""value"":0.8615312492904088,""score"":24.102083286027252},""V4_base_dryup"":{""value"":1.1341830435627605,""score"":36.581695643723954},""V5_bo_expansion"":{""value"":0.4420820694764911,""score"":0},""_score"":14.65},""readiness"":{""_distance_atr"":0.197,""BR1_atr_distance"":{""score"":86.84904119242913},""BR2_compression"":{""score"":66.05623426718799},""BR3_retest"":{""score"":50.0},""BR4_bo_age"":{""score"":50.0},""_score"":68.75},""risk"":{""R1_stop_clarity"":{""score"":26.68979356708398},""R2_stop_distance_pct"":{""value"":6.851714422667235,""score"":100.0},""R3_stop_distance_atr"":{""value"":1.770532102648257,""score"":100.0},""R4_rr_potential"":{""value"":1.0158018778765427,""score"":0.7900938938271374},""_score"":54.5},""market"":{""M1_spy_regime"":{""score"":100.0},""M3_earnings_risk"":{""value"":null,""score"":80.0},""M4_vix"":{""value"":null,""score"":60.0},""_score"":84.0},""liquidity"":{""L1_price"":{""value"":281.64,""score"":100.0},""L2_dollar_vol"":{""value"":992988285.0496501,""score"":100.0},""L3_spread_proxy"":{""value"":0.025387018889362428,""score"":74.61298111063758},""L4_volume_zscore"":{""value"":-0.890829448675306,""score"":100.0},""_score"":97.46},""pattern_structure"":{""top"":283.79,""top_touches"":2,""low_slope_per_bar"":0.6195571428571413,""lowest_low"":266.3379,""structural_low"":266.3379,""current_price"":281.24,""neckline_distance_pct"":0.009066989048499542,""base_bars"":23},""pattern_geometry_features"":{""top_touches"":2.0,""low_slope"":0.6195571428571413,""compression"":-0.2563471410222049,""atr_pct"":0.03869861728244772},""_schema_version"":""1.0""}",,,,,,,,,,
20260504T200431Z-7bad84,2026-05-04T20:04:31.798741+00:00,TXN,bull_flag,forming,55.0,99.8,61.0,11.0,49.5,26.9,68.8,66.7,84.0,97.5,13.98,18.3,0.99,4.95,3.77,6.19,2.0,5.04,4.87,True,risk_unclear,281.64,283.79,274.6574,303.345,"{""trend"":{""T1_ema_stack"":{""value"":[true,true,true],""score"":100.0},""T2_ema50_slope"":{""value"":0.5042795340513069,""score"":100},""T3_high_proximity"":{""value"":0.997909506430925,""score"":98.95475321546249},""T4_rs_1m"":{""value"":0.35039905969997687,""score"":100},""T5_rs_3m"":{""value"":0.21912136953953043,""score"":100},""T6_adr_healthy"":{""value"":2.9879842145575948,""score"":100.0},""_score"":99.84},""geometry"":{""sub_pole_impulse"":22.8,""sub_flag_tightness"":74.3,""sub_flag_shallowness"":52.9,""sub_flag_drift"":100,""sub_flag_duration"":100.0,""_score"":60.99},""compression"":{""VC1_atr_ratio"":{""value"":1.2623637795964815,""score"":0},""VC2_range_contraction"":{""value"":1.429602719130084,""score"":0},""VC3_range_pct_rank"":{""score"":44.166666666666664},""_score"":11.04},""sr_quality"":{""SR1_touches"":{""value"":4,""score"":75.0},""SR2_tightness"":{""value"":2.6941881894181074,""score"":50.56117502481732},""SR3_recency"":{""value"":269,""score"":0.0},""SR4_price_location"":{""score"":30.0},""SR5_reaction"":{""value"":1.5924511311899887,""score"":79.62255655949943},""_score"":49.53,""_levels_found"":5,""_target_level"":228.58},""volume"":{""V1_rvol_day"":{""value"":0.4420820694764911,""score"":0},""V2_rvol_sameslot"":{""value"":0.5980125861875891,""score"":6.534172412505941,""status"":""ok""},""V3_breakout_bar"":{""value"":0.8615312492904088,""score"":24.102083286027252},""V4_base_dryup"":{""value"":0.5199744571169324,""score"":98.00255428830677},""V5_bo_expansion"":{""value"":0.4420820694764911,""score"":0},""_score"":26.93},""readiness"":{""_distance_atr"":0.197,""BR1_atr_distance"":{""score"":86.84904119242913},""BR2_compression"":{""score"":66.05623426718799},""BR3_retest"":{""score"":50.0},""BR4_bo_age"":{""score"":50.0},""_score"":68.75},""risk"":{""R1_stop_clarity"":{""score"":23.248557709007272},""R2_stop_distance_pct"":{""value"":2.4792643090470072,""score"":100.0},""R3_stop_distance_atr"":{""value"":0.6406596625796009,""score"":57.03298312898004},""R4_rr_potential"":{""value"":3.1084409818692276,""score"":100.0},""_score"":66.69},""market"":{""M1_spy_regime"":{""score"":100.0},""M3_earnings_risk"":{""value"":null,""score"":80.0},""M4_vix"":{""value"":null,""score"":60.0},""_score"":84.0},""liquidity"":{""L1_price"":{""value"":281.64,""score"":100.0},""L2_dollar_vol"":{""value"":992988285.0496501,""score"":100.0},""L3_spread_proxy"":{""value"":0.025387018889362428,""score"":74.61298111063758},""L4_volume_zscore"":{""value"":-0.890829448675306,""score"":100.0},""_score"":97.46},""pattern_structure"":{""pole_low"":264.235,""pole_low_idx"":31,""peak_price"":283.79,""peak_idx"":54,""pole_gain"":0.07400609306110094,""flag_bars"":5,""flag_low"":278.84,""flag_high"":282.08,""structural_low"":278.84,""current_price"":281.24,""neckline_distance_pct"":0.009066989048499542,""base_bars"":5},""pattern_geometry_features"":{""pole_gain"":0.07400609306110094,""pullback_pct"":0.01744247506959387,""flag_range_pct"":0.011416892772825007,""flag_drift_per_bar"":0.0015360546152751342,""atr_pct"":0.03869861728244772,""pole_atr_multiple"":1.9123704736258729},""_schema_version"":""1.0""}",,,,,,,,,,
20260504T200431Z-7bad84,2026-05-04T20:04:31.798741+00:00,BHP,double_bottom,forming,55.0,78.2,58.9,58.7,37.4,30.7,17.5,61.0,84.0,97.5,11.74,14.72,4.7,5.23,3.99,1.4,3.66,5.04,4.88,True,risk_unclear,77.87,80.31,76.3079,83.15,"{""trend"":{""T1_ema_stack"":{""value"":[true,true,true],""score"":100.0},""T2_ema50_slope"":{""value"":0.30331654160363664,""score"":100},""T3_high_proximity"":{""value"":0.9380797494277798,""score"":69.03987471388989},""T4_rs_1m"":{""value"":-0.03165532533627924,""score"":18.34467466372076},""T5_rs_3m"":{""value"":0.08965147725010425,""score"":94.82573862505213},""T6_adr_healthy"":{""value"":1.7407564598497713,""score"":100.0},""_score"":78.25},""geometry"":{""sub_low_similarity"":63.9,""sub_bounce_quality"":9.5,""sub_separation_fit"":33.3,""sub_right_bottom_reaction"":85.5,""sub_base_context"":100.0,""_score"":58.89},""compression"":{""VC1_atr_ratio"":{""value"":0.5119461725167187,""score"":100},""VC2_range_contraction"":{""value"":0.8615527740003024,""score"":23.07453766661627},""VC3_range_pct_rank"":{""score"":42.50000000000001},""_score"":58.7},""sr_quality"":{""SR1_touches"":{""value"":2,""score"":25.0},""SR2_tightness"":{""value"":0.240000000000002,""score"":70.46153846153824},""SR3_recency"":{""value"":228,""score"":0.0},""SR4_price_location"":{""score"":17.105263157894836},""SR5_reaction"":{""value"":2.3384615384615395,""score"":100},""_score"":37.35,""_levels_found"":8,""_target_level"":81.02},""volume"":{""V1_rvol_day"":{""value"":0.5110626097391815,""score"":0.7375073159454331},""V2_rvol_sameslot"":{""value"":0.7627016530322602,""score"":17.513443535484015,""status"":""ok""},""V3_breakout_bar"":{""value"":1.1184272412284606,""score"":41.22848274856404},""V4_base_dryup"":{""value"":0.6619528127104772,""score"":83.80471872895228},""V5_bo_expansion"":{""value"":0.5110626097391815,""score"":0},""_score"":30.72},""readiness"":{""_distance_atr"":1.502,""BR1_atr_distance"":{""score"":0},""BR2_compression"":{""score"":0},""BR3_retest"":{""score"":50.0},""BR4_bo_age"":{""score"":50.0},""_score"":17.5},""risk"":{""R1_stop_clarity"":{""score"":0},""R2_stop_distance_pct"":{""value"":2.0059714909464663,""score"":100.0},""R3_stop_distance_atr"":{""value"":0.961261538461546,""score"":73.06307692307729},""R4_rr_potential"":{""value"":3.3801734899650815,""score"":100.0},""_score"":60.96},""market"":{""M1_spy_regime"":{""score"":100.0},""M3_earnings_risk"":{""value"":null,""score"":80.0},""M4_vix"":{""value"":null,""score"":60.0},""_score"":84.0},""liquidity"":{""L1_price"":{""value"":77.87,""score"":100.0},""L2_dollar_vol"":{""value"":94146237.7743524,""score"":98.69014848184827},""L3_spread_proxy"":{""value"":0.01939129318094266,""score"":80.60870681905735},""L4_volume_zscore"":{""value"":-2.137441776960355,""score"":100.0},""_score"":97.54},""pattern_structure"":{""left_low"":78.88,""left_idx"":36,""right_low"":77.47,""right_idx"":76,""separation_bars"":40,""structural_low"":77.47,""current_price"":77.84,""neckline_distance_pct"":0.0317317574511819,""base_bars"":40},""pattern_geometry_features"":{""low_similarity_pct"":0.018036456667732608,""bounce_pct"":0.03665935200722865,""right_bottom_reaction"":0.8545454545454569,""atr_pct"":0.020868113522537576},""_schema_version"":""1.0""}",,,,,,,,,,
20260504T200431Z-7bad84,2026-05-04T20:04:31.798741+00:00,GD,double_bottom,forming,55.0,42.7,70.8,37.5,55.0,20.4,73.2,45.0,84.0,97.0,6.4,17.7,3.0,7.71,2.65,5.86,2.7,5.04,4.85,True,risk_unclear;reversal_trend_cap,348.7975,350.72,330.3986,366.0099,"{""trend"":{""T1_ema_stack"":{""value"":[true,false,true],""score"":66.66666666666666},""T2_ema50_slope"":{""value"":-0.1805410958905805,""score"":19.909817351569913},""T3_high_proximity"":{""value"":0.952686277723151,""score"":76.34313886157545},""T4_rs_1m"":{""value"":-0.0957100395523579,""score"":0},""T5_rs_3m"":{""value"":-0.025547932253213723,""score"":37.226033873393135},""T6_adr_healthy"":{""value"":2.212616770195185,""score"":100.0},""_score"":42.68},""geometry"":{""sub_low_similarity"":55.1,""sub_bounce_quality"":22.3,""sub_separation_fit"":100.0,""sub_right_bottom_reaction"":98.8,""sub_base_context"":100.0,""_score"":70.81},""compression"":{""VC1_atr_ratio"":{""value"":0.6541302600664953,""score"":86.46743498337617},""VC2_range_contraction"":{""value"":1.284531145485496,""score"":0},""VC3_range_pct_rank"":{""score"":11.66666666666667},""_score"":37.5},""sr_quality"":{""SR1_touches"":{""value"":2,""score"":25.0},""SR2_tightness"":{""value"":0.23500000000001364,""score"":95.04404996019395},""SR3_recency"":{""value"":257,""score"":0.0},""SR4_price_location"":{""score"":92.16183935503133},""SR5_reaction"":{""value"":1.3676313194953371,""score"":68.38156597476686},""_score"":55.05,""_levels_found"":5,""_target_level"":349.235},""volume"":{""V1_rvol_day"":{""value"":0.7562533513833624,""score"":17.083556758890825},""V2_rvol_sameslot"":{""value"":0.9857933759196226,""score"":32.386225061308174,""status"":""ok""},""V3_breakout_bar"":{""value"":0.8599664653874186,""score"":23.99776435916124},""V4_base_dryup"":{""value"":1.2739127974439395,""score"":22.608720255606045},""V5_bo_expansion"":{""value"":0.7562533513833624,""score"":0},""_score"":20.42},""readiness"":{""_distance_atr"":0.203,""BR1_atr_distance"":{""score"":86.48537028152246},""BR2_compression"":{""score"":84.54459503704948},""BR3_retest"":{""score"":50.0},""BR4_bo_age"":{""score"":50.0},""_score"":73.23},""risk"":{""R1_stop_clarity"":{""score"":0},""R2_stop_distance_pct"":{""value"":5.274937893763583,""score"":100.0},""R3_stop_distance_atr"":{""value"":1.9400806132724606,""score"":100.0},""R4_rr_potential"":{""value"":0.9355149151565263,""score"":0.0},""_score"":45.0},""market"":{""M1_spy_regime"":{""score"":100.0},""M3_earnings_risk"":{""value"":null,""score"":80.0},""M4_vix"":{""value"":null,""score"":60.0},""_score"":84.0},""liquidity"":{""L1_price"":{""value"":348.7975,""score"":100.0},""L2_dollar_vol"":{""value"":411497088.5024262,""score"":100.0},""L3_spread_proxy"":{""value"":0.03018943656419548,""score"":69.81056343580453},""L4_volume_zscore"":{""value"":-0.656535241679891,""score"":100.0},""_score"":96.98},""pattern_structure"":{""left_low"":335.4301,""left_idx"":61,""right_low"":343.04,""right_idx"":74,""separation_bars"":13,""structural_low"":335.4301,""current_price"":348.36,""neckline_distance_pct"":0.006774600987484251,""base_bars"":13},""pattern_geometry_features"":{""low_similarity_pct"":0.022432528714235272,""bounce_pct"":0.045582969447285876,""right_bottom_reaction"":0.9882812499999959,""atr_pct"":0.027189271712096546},""_schema_version"":""1.0""}",,,,,,,,,,
20260504T200431Z-7bad84,2026-05-04T20:04:31.798741+00:00,ETN,double_bottom,absent,55.0,98.4,47.3,55.3,42.2,44.2,33.1,54.3,84.0,97.2,14.76,11.82,4.42,5.91,5.75,2.65,3.26,5.04,4.86,True,risk_unclear,423.83,435.43,402.993,461.73,"{""trend"":{""T1_ema_stack"":{""value"":[true,true,true],""score"":100.0},""T2_ema50_slope"":{""value"":0.3456903619275187,""score"":100},""T3_high_proximity"":{""value"":0.9787995658298885,""score"":89.39978291494421},""T4_rs_1m"":{""value"":0.07884704461438852,""score"":100},""T5_rs_3m"":{""value"":0.14658343930653128,""score"":100},""T6_adr_healthy"":{""value"":2.719736898538812,""score"":100.0},""_score"":98.41},""geometry"":{""sub_low_similarity"":34.1,""sub_bounce_quality"":49.0,""sub_separation_fit"":0.0,""sub_right_bottom_reaction"":48.4,""sub_base_context"":100.0,""_score"":47.29},""compression"":{""VC1_atr_ratio"":{""value"":0.5110768219228097,""score"":100},""VC2_range_contraction"":{""value"":0.930862496667049,""score"":11.5229172221585},""VC3_range_pct_rank"":{""score"":44.99999999999999},""_score"":55.28},""sr_quality"":{""SR1_touches"":{""value"":2,""score"":25.0},""SR2_tightness"":{""value"":1.1875,""score"":81.26631802298525},""SR3_recency"":{""value"":248,""score"":0.0},""SR4_price_location"":{""score"":30.0},""SR5_reaction"":{""value"":3.086719199854862,""score"":100},""_score"":42.19,""_levels_found"":6,""_target_level"":379.2575},""volume"":{""V1_rvol_day"":{""value"":1.0759288010905206,""score"":38.395253406034705},""V2_rvol_sameslot"":{""value"":1.480358050221544,""score"":65.35720334810294,""status"":""ok""},""V3_breakout_bar"":{""value"":1.078154416921743,""score"":38.543627794782864},""V4_base_dryup"":{""value"":0.8467055916474425,""score"":65.32944083525575},""V5_bo_expansion"":{""value"":1.0759288010905208,""score"":5.061920072701387},""_score"":44.21},""readiness"":{""_distance_atr"":0.915,""BR1_atr_distance"":{""score"":39.00050219414132},""BR2_compression"":{""score"":0},""BR3_retest"":{""score"":50.0},""BR4_bo_age"":{""score"":50.0},""_score"":33.1},""risk"":{""R1_stop_clarity"":{""score"":3.185120329397108},""R2_stop_distance_pct"":{""value"":4.916346176533044,""score"":100.0},""R3_stop_distance_atr"":{""value"":1.643590714404032,""score"":100.0},""R4_rr_potential"":{""value"":1.8188842416956432,""score"":40.94421208478216},""_score"":54.3},""market"":{""M1_spy_regime"":{""score"":100.0},""M3_earnings_risk"":{""value"":null,""score"":80.0},""M4_vix"":{""value"":null,""score"":60.0},""_score"":84.0},""liquidity"":{""L1_price"":{""value"":423.83,""score"":100.0},""L2_dollar_vol"":{""value"":1066982365.6349959,""score"":100.0},""L3_spread_proxy"":{""value"":0.027723379656937924,""score"":72.27662034306208},""L4_volume_zscore"":{""value"":0.4763523168687644,""score"":100.0},""_score"":97.23},""pattern_structure"":{""left_low"":409.13,""left_idx"":24,""right_low"":422.835,""right_idx"":70,""separation_bars"":46,""structural_low"":409.13,""current_price"":423.92,""neckline_distance_pct"":0.02715134931119077,""base_bars"":46},""pattern_geometry_features"":{""low_similarity_pct"":0.032946097492081966,""bounce_pct"":0.06428274631535212,""right_bottom_reaction"":0.48416289592760764,""atr_pct"":0.029912228959724427},""_schema_version"":""1.0""}",,,,,,,,,,
20260504T200431Z-7bad84,2026-05-04T20:04:31.798741+00:00,TRMB,double_bottom,forming,55.0,42.9,51.7,68.5,53.3,60.2,53.1,45.3,84.0,96.6,6.43,12.93,5.48,7.46,7.82,4.25,2.72,5.04,4.83,True,risk_unclear;reversal_trend_cap,68.5,69.05,65.3646,71.74,"{""trend"":{""T1_ema_stack"":{""value"":[true,false,false],""score"":33.33333333333333},""T2_ema50_slope"":{""value"":-0.01485294404168922,""score"":47.52450932638513},""T3_high_proximity"":{""value"":0.9721827987510645,""score"":86.09139937553223},""T4_rs_1m"":{""value"":-0.042967969841168685,""score"":7.0320301588313185},""T5_rs_3m"":{""value"":-0.02342256820518629,""score"":38.28871589740686},""T6_adr_healthy"":{""value"":2.349422344981216,""score"":100.0},""_score"":42.9},""geometry"":{""sub_low_similarity"":54.6,""sub_bounce_quality"":15.1,""sub_separation_fit"":6.7,""sub_right_bottom_reaction"":75.3,""sub_base_context"":100.0,""_score"":51.7},""compression"":{""VC1_atr_ratio"":{""value"":0.3180840425449799,""score"":100},""VC2_range_contraction"":{""value"":0.8471150144920334,""score"":25.480830917994435},""VC3_range_pct_rank"":{""score"":78.33333333333333},""_score"":68.5},""sr_quality"":{""SR1_touches"":{""value"":3,""score"":50.0},""SR2_tightness"":{""value"":0.09273618495496054,""score"":88.50751005249671},""SR3_recency"":{""value"":271,""score"":0.0},""SR4_price_location"":{""score"":39.999999999999744},""SR5_reaction"":{""value"":2.3938508748635328,""score"":100},""_score"":53.28,""_levels_found"":7,""_target_level"":69.18},""volume"":{""V1_rvol_day"":{""value"":0.779774825690618,""score"":18.651655046041196},""V2_rvol_sameslot"":{""value"":2.266161849749022,""score"":100,""status"":""ok""},""V3_breakout_bar"":{""value"":1.8685087616326357,""score"":91.23391744217571},""V4_base_dryup"":{""value"":0.8177038499660628,""score"":68.22961500339372},""V5_bo_expansion"":{""value"":0.779774825690618,""score"":0},""_score"":60.18},""readiness"":{""_distance_atr"":0.341,""BR1_atr_distance"":{""score"":77.28010386238248},""BR2_compression"":{""score"":18.62308234093433},""BR3_retest"":{""score"":50.0},""BR4_bo_age"":{""score"":50.0},""_score"":53.07},""risk"":{""R1_stop_clarity"":{""score"":0},""R2_stop_distance_pct"":{""value"":4.577226277372269,""score"":100.0},""R3_stop_distance_atr"":{""value"":1.9427989731787219,""score"":100.0},""R4_rr_potential"":{""value"":1.0333609746762744,""score"":1.6680487338137207},""_score"":45.33},""market"":{""M1_spy_regime"":{""score"":100.0},""M3_earnings_risk"":{""value"":null,""score"":80.0},""M4_vix"":{""value"":null,""score"":60.0},""_score"":84.0},""liquidity"":{""L1_price"":{""value"":68.5,""score"":100.0},""L2_dollar_vol"":{""value"":82499173.245566,""score"":95.82247981738251},""L3_spread_proxy"":{""value"":0.017153284671532806,""score"":82.8467153284672},""L4_volume_zscore"":{""value"":-1.2835437765755942,""score"":100.0},""_score"":96.61},""pattern_structure"":{""left_low"":66.36,""left_idx"":32,""right_low"":67.885,""right_idx"":76,""separation_bars"":44,""structural_low"":66.36,""current_price"":68.7715,""neckline_distance_pct"":0.004049642657205295,""base_bars"":44},""pattern_geometry_features"":{""low_similarity_pct"":0.02271965436329108,""bounce_pct"":0.04053646775165759,""right_bottom_reaction"":0.753086419753066,""atr_pct"":0.023559958289885306},""_schema_version"":""1.0""}",,,,,,,,,,
20260504T200431Z-7bad84,2026-05-04T20:04:31.798741+00:00,GSAT,ascending_triangle,forming,55.0,80.0,52.3,97.9,41.9,7.1,25.8,53.6,84.0,94.7,12.0,14.66,7.83,5.87,0.85,2.06,2.15,5.04,4.73,True,risk_unclear,81.51,82.85,79.8441,84.64,"{""trend"":{""T1_ema_stack"":{""value"":[true,true,true],""score"":100.0},""T2_ema50_slope"":{""value"":0.6238035391071416,""score"":100},""T3_high_proximity"":{""value"":0.990400972053463,""score"":95.20048602673148},""T4_rs_1m"":{""value"":-0.0462422741092976,""score"":3.757725890702403},""T5_rs_3m"":{""value"":0.3085098065040299,""score"":100},""T6_adr_healthy"":{""value"":2.236402946363701,""score"":100.0},""_score"":80.03},""geometry"":{""sub_flat_top_quality"":100,""sub_hl_slope"":10.2,""sub_compression"":17.1,""sub_duration"":100.0,""_score"":52.34},""compression"":{""VC1_atr_ratio"":{""value"":0.12123871333546964,""score"":100},""VC2_range_contraction"":{""value"":0.23772802319880532,""score"":100},""VC3_range_pct_rank"":{""score"":91.66666666666666},""_score"":97.92},""sr_quality"":{""SR1_touches"":{""value"":2,""score"":25.0},""SR2_tightness"":{""value"":0.11499999999999488,""score"":79.58275780382596},""SR3_recency"":{""value"":248,""score"":0.0},""SR4_price_location"":{""score"":30.0},""SR5_reaction"":{""value"":15.113197756081677,""score"":100},""_score"":41.94,""_levels_found"":6,""_target_level"":74.765},""volume"":{""V1_rvol_day"":{""value"":0.3759301459840743,""score"":0},""V2_rvol_sameslot"":{""value"":0.6112141143713246,""score"":7.414274291421637,""status"":""ok""},""V3_breakout_bar"":{""value"":0.8359252338876455,""score"":22.3950155925097},""V4_base_dryup"":{""value"":2.7943480842395583,""score"":0},""V5_bo_expansion"":{""value"":0.3759301459840743,""score"":0},""_score"":7.08},""readiness"":{""_distance_atr"":1.19,""BR1_atr_distance"":{""score"":20.69824770181387},""BR2_compression"":{""score"":0},""BR3_retest"":{""score"":50.0},""BR4_bo_age"":{""score"":50.0},""_score"":25.78},""risk"":{""R1_stop_clarity"":{""score"":0},""R2_stop_distance_pct"":{""value"":2.043798306956211,""score"":100.0},""R3_stop_distance_atr"":{""value"":1.4788297293307828,""score"":98.94148646653915},""R4_rr_potential"":{""value"":1.8788642775676612,""score"":43.943213878383055},""_score"":53.63},""market"":{""M1_spy_regime"":{""score"":100.0},""M3_earnings_risk"":{""value"":null,""score"":80.0},""M4_vix"":{""value"":null,""score"":60.0},""_score"":84.0},""liquidity"":{""L1_price"":{""value"":81.51,""score"":100.0},""L2_dollar_vol"":{""value"":64047489.21321894,""score"":90.32510546108657},""L3_spread_proxy"":{""value"":0.014476751318856665,""score"":85.52324868114334},""L4_volume_zscore"":{""value"":-0.5084463823349888,""score"":100.0},""_score"":94.68},""pattern_structure"":{""top"":82.85,""top_touches"":5,""low_slope_per_bar"":0.024732338308457055,""lowest_low"":81.06,""structural_low"":81.06,""current_price"":81.795,""neckline_distance_pct"":0.012898098905800997,""base_bars"":26},""pattern_geometry_features"":{""top_touches"":5.0,""low_slope"":0.024732338308457055,""compression"":0.0855758350961745,""atr_pct"":0.013820376115112956},""_schema_version"":""1.0""}",,,,,,,,,,
20260504T200431Z-7bad84,2026-05-04T20:04:31.798741+00:00,GSAT,breakout_retest_hold,forming,55.0,80.0,72.2,97.9,41.9,7.1,50.9,37.7,84.0,94.7,11.2,15.87,5.88,5.87,0.92,9.16,1.88,4.2,2.84,True,risk_unclear,81.51,81.915,80.6454,82.825,"{""trend"":{""T1_ema_stack"":{""value"":[true,true,true],""score"":100.0},""T2_ema50_slope"":{""value"":0.6238035391071416,""score"":100},""T3_high_proximity"":{""value"":0.990400972053463,""score"":95.20048602673148},""T4_rs_1m"":{""value"":-0.0462422741092976,""score"":3.757725890702403},""T5_rs_3m"":{""value"":0.3085098065040299,""score"":100},""T6_adr_healthy"":{""value"":2.236402946363701,""score"":100.0},""_score"":80.03},""geometry"":{""sub_retest_depth"":82.5,""sub_retest_timing"":80.0,""sub_retest_freshness"":100.0,""sub_hold_quality"":38.0,""_score"":72.15},""compression"":{""VC1_atr_ratio"":{""value"":0.12123871333546964,""score"":100},""VC2_range_contraction"":{""value"":0.23772802319880532,""score"":100},""VC3_range_pct_rank"":{""score"":91.66666666666666},""_score"":97.92},""sr_quality"":{""SR1_touches"":{""value"":2,""score"":25.0},""SR2_tightness"":{""value"":0.11499999999999488,""score"":79.58275780382596},""SR3_recency"":{""value"":248,""score"":0.0},""SR4_price_location"":{""score"":30.0},""SR5_reaction"":{""value"":15.113197756081677,""score"":100},""_score"":41.94,""_levels_found"":6,""_target_level"":74.765},""volume"":{""V1_rvol_day"":{""value"":0.3759301459840743,""score"":0},""V2_rvol_sameslot"":{""value"":0.6112141143713246,""score"":7.414274291421637,""status"":""ok""},""V3_breakout_bar"":{""value"":0.8359252338876455,""score"":22.3950155925097},""V4_base_dryup"":{""value"":2.5747412417658966,""score"":0},""V5_bo_expansion"":{""value"":0.3759301459840743,""score"":0},""_score"":7.08},""readiness"":{""_distance_atr"":0.36,""BR1_atr_distance"":{""score"":76.03193307405542},""BR2_compression"":{""score"":0},""BR3_retest"":{""score"":79.80468434943509},""BR4_bo_age"":{""score"":30.0},""_score"":50.87},""risk"":{""R1_stop_clarity"":{""score"":0},""R2_stop_distance_pct"":{""value"":1.0607287449392835,""score"":76.5182186234821},""R3_stop_distance_atr"":{""value"":0.7675107653396985,""score"":63.37553826698492},""R4_rr_potential"":{""value"":1.5209345362017244,""score"":26.04672681008622},""_score"":37.67},""market"":{""M1_spy_regime"":{""score"":100.0},""M3_earnings_risk"":{""value"":null,""score"":80.0},""M4_vix"":{""value"":null,""score"":60.0},""_score"":84.0},""liquidity"":{""L1_price"":{""value"":81.51,""score"":100.0},""L2_dollar_vol"":{""value"":64047489.21321894,""score"":90.32510546108657},""L3_spread_proxy"":{""value"":0.014476751318856665,""score"":85.52324868114334},""L4_volume_zscore"":{""value"":-0.5084463823349888,""score"":100.0},""_score"":94.68},""pattern_structure"":{""level"":81.915,""level_idx"":57,""breakout_idx"":67,""bo_peak_idx"":68,""bo_peak_price"":82.85,""retest_idx"":76,""retest_low"":81.46,""structural_low"":81.46,""current_price"":81.795,""neckline_distance_pct"":0.0014670823399963878,""base_bars"":22,""bars_since_breakout"":12},""pattern_geometry_features"":{""retest_depth_atr"":1.12266478674659,""bars_breakout_to_retest"":9.0,""bars_since_retest"":3.0,""current_above_level_atr"":-0.29608741628481805,""bo_peak_excess_pct"":0.011414270890557139,""atr_pct"":0.013820376115112956},""_schema_version"":""1.0""}",,,,,,,,,,
20260504T200431Z-7bad84,2026-05-04T20:04:31.798741+00:00,ESLT,bull_flag,forming,55.0,63.7,63.9,44.8,40.1,26.9,58.0,62.3,84.0,67.9,8.92,19.18,4.03,4.01,3.76,5.22,1.87,5.04,3.39,True,risk_unclear,859.76,873.1,841.318,943.635,"{""trend"":{""T1_ema_stack"":{""value"":[true,true,true],""score"":100.0},""T2_ema50_slope"":{""value"":0.15445191589474253,""score"":75.7419859824571},""T3_high_proximity"":{""value"":0.8476136957400451,""score"":23.80684787002252},""T4_rs_1m"":{""value"":-0.12773039842987932,""score"":0},""T5_rs_3m"":{""value"":0.19995079822708095,""score"":100},""T6_adr_healthy"":{""value"":2.7585995476868996,""score"":100.0},""_score"":63.72},""geometry"":{""sub_pole_impulse"":41.0,""sub_flag_tightness"":66.0,""sub_flag_shallowness"":50.6,""sub_flag_drift"":100,""sub_flag_duration"":100.0,""_score"":63.92},""compression"":{""VC1_atr_ratio"":{""value"":0.3966086552189602,""score"":100},""VC2_range_contraction"":{""value"":1.1651702256745928,""score"":0},""VC3_range_pct_rank"":{""score"":19.166666666666664},""_score"":44.79},""sr_quality"":{""SR1_touches"":{""value"":2,""score"":25.0},""SR2_tightness"":{""value"":4.694999999999993,""score"":67.21344184039688},""SR3_recency"":{""value"":227,""score"":0.0},""SR4_price_location"":{""score"":30.0},""SR5_reaction"":{""value"":2.7512251937240153,""score"":100},""_score"":40.08,""_levels_found"":3,""_target_level"":805.305},""volume"":{""V1_rvol_day"":{""value"":0.8057325977003934,""score"":20.38217318002623},""V2_rvol_sameslot"":{""value"":0.762595165420776,""score"":17.506344361385064,""status"":""ok""},""V3_breakout_bar"":{""value"":0.8311543554919284,""score"":22.076957032795228},""V4_base_dryup"":{""value"":0.8110507864024044,""score"":68.89492135975956},""V5_bo_expansion"":{""value"":0.8057325977003934,""score"":0},""_score"":26.88},""readiness"":{""_distance_atr"":0.466,""BR1_atr_distance"":{""score"":68.94762613779857},""BR2_compression"":{""score"":51.78253287350856},""BR3_retest"":{""score"":50.0},""BR4_bo_age"":{""score"":50.0},""_score"":58.02},""risk"":{""R1_stop_clarity"":{""score"":10.530406003636088},""R2_stop_distance_pct"":{""value"":2.1450113985298245,""score"":100.0},""R3_stop_distance_atr"":{""value"":0.6439276530899831,""score"":57.19638265449915},""R4_rr_potential"":{""value"":4.548054842356687,""score"":100.0},""_score"":62.27},""market"":{""M1_spy_regime"":{""score"":100.0},""M3_earnings_risk"":{""value"":null,""score"":80.0},""M4_vix"":{""value"":null,""score"":60.0},""_score"":84.0},""liquidity"":{""L1_price"":{""value"":859.76,""score"":0.0},""L2_dollar_vol"":{""value"":70188771.1675304,""score"":92.31338195261496},""L3_spread_proxy"":{""value"":0.04069158835023729,""score"":59.30841164976271},""L4_volume_zscore"":{""value"":-0.844539885551606,""score"":100.0},""_score"":67.86},""pattern_structure"":{""pole_low"":802.565,""pole_low_idx"":37,""peak_price"":873.1,""peak_idx"":54,""pole_gain"":0.08788696242671928,""flag_bars"":5,""flag_low"":854.13,""flag_high"":869.79,""structural_low"":854.13,""current_price"":857.72,""neckline_distance_pct"":0.017931259618523522,""base_bars"":5},""pattern_geometry_features"":{""pole_gain"":0.08788696242671928,""pullback_pct"":0.021727179017294727,""flag_range_pct"":0.017936089794983356,""flag_drift_per_bar"":3.963997574966613e-05,""atr_pct"":0.03331137260896728,""pole_atr_multiple"":2.638347073187266},""_schema_version"":""1.0""}",,,,,,,,,,
20260504T200431Z-7bad84,2026-05-04T20:04:31.798741+00:00,ETN,ascending_triangle,absent,55.0,98.4,47.5,55.3,42.2,44.2,33.1,52.8,84.0,97.2,14.76,13.31,4.42,5.91,5.31,2.65,2.11,5.04,4.86,True,risk_unclear,423.83,435.43,395.6252,469.21,"{""trend"":{""T1_ema_stack"":{""value"":[true,true,true],""score"":100.0},""T2_ema50_slope"":{""value"":0.3456903619275187,""score"":100},""T3_high_proximity"":{""value"":0.9787995658298885,""score"":89.39978291494421},""T4_rs_1m"":{""value"":0.07884704461438852,""score"":100},""T5_rs_3m"":{""value"":0.14658343930653128,""score"":100},""T6_adr_healthy"":{""value"":2.719736898538812,""score"":100.0},""_score"":98.41},""geometry"":{""sub_flat_top_quality"":100,""sub_hl_slope"":8.5,""sub_compression"":0,""sub_duration"":100.0,""_score"":47.55},""compression"":{""VC1_atr_ratio"":{""value"":0.5110768219228097,""score"":100},""VC2_range_contraction"":{""value"":0.930862496667049,""score"":11.5229172221585},""VC3_range_pct_rank"":{""score"":44.99999999999999},""_score"":55.28},""sr_quality"":{""SR1_touches"":{""value"":2,""score"":25.0},""SR2_tightness"":{""value"":1.1875,""score"":81.26631802298525},""SR3_recency"":{""value"":248,""score"":0.0},""SR4_price_location"":{""score"":30.0},""SR5_reaction"":{""value"":3.086719199854862,""score"":100},""_score"":42.19,""_levels_found"":6,""_target_level"":379.2575},""volume"":{""V1_rvol_day"":{""value"":1.0759288010905206,""score"":38.395253406034705},""V2_rvol_sameslot"":{""value"":1.480358050221544,""score"":65.35720334810294,""status"":""ok""},""V3_breakout_bar"":{""value"":1.078154416921743,""score"":38.543627794782864},""V4_base_dryup"":{""value"":0.8467055916474425,""score"":65.32944083525575},""V5_bo_expansion"":{""value"":1.0759288010905208,""score"":5.061920072701387},""_score"":44.21},""readiness"":{""_distance_atr"":0.915,""BR1_atr_distance"":{""score"":39.00050219414132},""BR2_compression"":{""score"":0},""BR3_retest"":{""score"":50.0},""BR4_bo_age"":{""score"":50.0},""_score"":33.1},""risk"":{""R1_stop_clarity"":{""score"":4.955157481246886},""R2_stop_distance_pct"":{""value"":6.654731850034209,""score"":100.0},""R3_stop_distance_atr"":{""value"":2.224752912594554,""score"":100.0},""R4_rr_potential"":{""value"":1.6089488472686362,""score"":30.447442363431808},""_score"":52.82},""market"":{""M1_spy_regime"":{""score"":100.0},""M3_earnings_risk"":{""value"":null,""score"":80.0},""M4_vix"":{""value"":null,""score"":60.0},""_score"":84.0},""liquidity"":{""L1_price"":{""value"":423.83,""score"":100.0},""L2_dollar_vol"":{""value"":1066982365.6349959,""score"":100.0},""L3_spread_proxy"":{""value"":0.027723379656937924,""score"":72.27662034306208},""L4_volume_zscore"":{""value"":0.4763523168687644,""score"":100.0},""_score"":97.23},""pattern_structure"":{""top"":435.43,""top_touches"":4,""low_slope_per_bar"":0.10199400299849737,""lowest_low"":401.65,""structural_low"":401.65,""current_price"":423.92,""neckline_distance_pct"":0.02715134931119077,""base_bars"":46},""pattern_geometry_features"":{""top_touches"":4.0,""low_slope"":0.10199400299849737,""compression"":-0.04894151293322513,""atr_pct"":0.029912228959724427},""_schema_version"":""1.0""}",,,,,,,,,,
20260504T200431Z-7bad84,2026-05-04T20:04:31.798741+00:00,TTWO,double_bottom,breakout_confirmed,55.0,70.5,49.1,47.8,40.5,59.8,44.9,45.8,84.0,96.1,10.58,12.27,3.82,5.67,7.77,3.59,2.75,5.04,4.8,True,risk_unclear,225.05,221.22,208.4107,230.8555,"{""trend"":{""T1_ema_stack"":{""value"":[true,true,false],""score"":66.66666666666666},""T2_ema50_slope"":{""value"":0.044414618705802315,""score"":57.40243645096705},""T3_high_proximity"":{""value"":1.0,""score"":99.99999999999997},""T4_rs_1m"":{""value"":0.031109741482002295,""score"":81.10974148200229},""T5_rs_3m"":{""value"":-0.017949237510276994,""score"":41.02538124486151},""T6_adr_healthy"":{""value"":2.6682487385057705,""score"":100.0},""_score"":70.52},""geometry"":{""sub_low_similarity"":61.2,""sub_bounce_quality"":22.2,""sub_separation_fit"":0.0,""sub_right_bottom_reaction"":41.8,""sub_base_context"":100.0,""_score"":49.07},""compression"":{""VC1_atr_ratio"":{""value"":0.5019657229921257,""score"":100},""VC2_range_contraction"":{""value"":0.9267723896796977,""score"":12.20460172005039},""VC3_range_pct_rank"":{""score"":14.166666666666671},""_score"":47.81},""sr_quality"":{""SR1_touches"":{""value"":2,""score"":25.0},""SR2_tightness"":{""value"":1.1749999999999972,""score"":63.77270399876682},""SR3_recency"":{""value"":291,""score"":0.0},""SR4_price_location"":{""score"":33.83947939262476},""SR5_reaction"":{""value"":2.1150574516464715,""score"":100},""_score"":40.53,""_levels_found"":7,""_target_level"":232.675},""volume"":{""V1_rvol_day"":{""value"":1.022569098204657,""score"":34.83793988031046},""V2_rvol_sameslot"":{""value"":1.8284528644480038,""score"":88.56352429653359,""status"":""ok""},""V3_breakout_bar"":{""value"":1.7084196252828199,""score"":80.561308352188},""V4_base_dryup"":{""value"":0.7623199523524299,""score"":73.76800476475701},""V5_bo_expansion"":{""value"":1.022569098204657,""score"":1.5046065469771275},""_score"":59.8},""readiness"":{""_distance_atr"":-0.59,""BR1_atr_distance"":{""score"":48.1914430906618},""BR2_compression"":{""score"":32.44228046810468},""BR3_retest"":{""score"":50.0},""BR4_bo_age"":{""score"":50.0},""_score"":44.89},""risk"":{""R1_stop_clarity"":{""score"":2.147221564600869},""R2_stop_distance_pct"":{""value"":7.393586980670968,""score"":100.0},""R3_stop_distance_atr"":{""value"":2.5650879530476645,""score"":100.0},""R4_rr_potential"":{""value"":0.3489035800404068,""score"":0.0},""_score"":45.75},""market"":{""M1_spy_regime"":{""score"":100.0},""M3_earnings_risk"":{""value"":null,""score"":80.0},""M4_vix"":{""value"":null,""score"":60.0},""_score"":84.0},""liquidity"":{""L1_price"":{""value"":225.05,""score"":100.0},""L2_dollar_vol"":{""value"":331139793.4757731,""score"":100.0},""L3_spread_proxy"":{""value"":0.03914685625416575,""score"":60.853143745834245},""L4_volume_zscore"":{""value"":0.10482019098187884,""score"":100.0},""_score"":96.09},""pattern_structure"":{""left_low"":215.73,""left_idx"":23,""right_low"":211.5845,""right_idx"":68,""separation_bars"":45,""structural_low"":211.5845,""current_price"":226.99,""neckline_distance_pct"":-0.02541962200978021,""base_bars"":45},""pattern_geometry_features"":{""low_similarity_pct"":0.019402571174158605,""bounce_pct"":0.045539725263429066,""right_bottom_reaction"":0.4182321876893774,""atr_pct"":0.02882391214650713},""_schema_version"":""1.0""}",,,,,,,,,,
20260504T200431Z-7bad84,2026-05-04T20:04:31.798741+00:00,TTWO,vcp,breakout_confirmed,55.0,70.5,65.4,47.8,40.5,52.9,44.9,38.0,84.0,96.1,10.58,16.36,5.74,4.86,6.87,3.14,1.9,5.04,4.8,True,risk_unclear,225.05,221.22,203.3532,254.81,"{""trend"":{""T1_ema_stack"":{""value"":[true,true,false],""score"":66.66666666666666},""T2_ema50_slope"":{""value"":0.044414618705802315,""score"":57.40243645096705},""T3_high_proximity"":{""value"":1.0,""score"":99.99999999999997},""T4_rs_1m"":{""value"":0.031109741482002295,""score"":81.10974148200229},""T5_rs_3m"":{""value"":-0.017949237510276994,""score"":41.02538124486151},""T6_adr_healthy"":{""value"":2.6682487385057705,""score"":100.0},""_score"":70.52},""geometry"":{""sub_contraction_count"":100.0,""sub_reduction_rate"":20.6,""sub_pivot_tightness"":47.4,""sub_volume_dryup"":54.5,""sub_base_depth"":100.0,""sub_base_duration"":100.0,""_score"":65.44},""compression"":{""VC1_atr_ratio"":{""value"":0.5019657229921257,""score"":100},""VC2_range_contraction"":{""value"":0.9267723896796977,""score"":12.20460172005039},""VC3_range_pct_rank"":{""score"":14.166666666666671},""_score"":47.81},""sr_quality"":{""SR1_touches"":{""value"":2,""score"":25.0},""SR2_tightness"":{""value"":1.1749999999999972,""score"":63.77270399876682},""SR3_recency"":{""value"":291,""score"":0.0},""SR4_price_location"":{""score"":33.83947939262476},""SR5_reaction"":{""value"":2.1150574516464715,""score"":100},""_score"":40.53,""_levels_found"":7,""_target_level"":232.675},""volume"":{""V1_rvol_day"":{""value"":1.022569098204657,""score"":34.83793988031046},""V2_rvol_sameslot"":{""value"":1.8284528644480038,""score"":88.56352429653359,""status"":""ok""},""V3_breakout_bar"":{""value"":1.7084196252828199,""score"":80.561308352188},""V4_base_dryup"":{""value"":1.1085768848872164,""score"":39.14231151127836},""V5_bo_expansion"":{""value"":1.022569098204657,""score"":1.5046065469771275},""_score"":52.87},""readiness"":{""_distance_atr"":-0.59,""BR1_atr_distance"":{""score"":48.1914430906618},""BR2_compression"":{""score"":32.44228046810468},""BR3_retest"":{""score"":50.0},""BR4_bo_age"":{""score"":50.0},""_score"":44.89},""risk"":{""R1_stop_clarity"":{""score"":4.521805198451375},""R2_stop_distance_pct"":{""value"":9.64085758720286,""score"":58.97856031992852},""R3_stop_distance_atr"":{""value"":3.3447429128287625,""score"":100.0},""R4_rr_potential"":{""value"":1.3716340004839407,""score"":18.581700024197033},""_score"":37.99},""market"":{""M1_spy_regime"":{""score"":100.0},""M3_earnings_risk"":{""value"":null,""score"":80.0},""M4_vix"":{""value"":null,""score"":60.0},""_score"":84.0},""liquidity"":{""L1_price"":{""value"":225.05,""score"":100.0},""L2_dollar_vol"":{""value"":331139793.4757731,""score"":100.0},""L3_spread_proxy"":{""value"":0.03914685625416575,""score"":60.853143745834245},""L4_volume_zscore"":{""value"":0.10482019098187884,""score"":100.0},""_score"":96.09},""pattern_structure"":{""n_contractions"":5,""contractions_pct"":[23.78,11.65,5.85,11.91,6.68],""descending_strict"":false,""final_low"":206.45,""final_pivot"":221.22,""structural_low"":206.45,""dry_up_ratio"":0.7274811225389148,""current_price"":225.05,""neckline_distance_pct"":-0.0170184403465897,""base_bars"":59,""recent_base_height"":33.59},""pattern_geometry_features"":{""contraction_count"":5.0,""first_contraction_pct"":0.23777911888955952,""last_contraction_pct"":0.0667661151794594,""dry_up_ratio"":0.7274811225389148,""near_monotone"":0.0,""base_depth_pct"":0.16938241802454243},""_schema_version"":""1.0""}",,,,,,,,,,
20260504T200431Z-7bad84,2026-05-04T20:04:31.798741+00:00,ADI,vcp,absent,55.0,98.7,43.1,40.6,59.2,17.8,41.8,67.5,84.0,97.4,14.81,10.79,4.87,7.1,2.31,2.92,3.37,5.04,4.87,True,risk_unclear,396.91,408.37,376.7132,516.18,"{""trend"":{""T1_ema_stack"":{""value"":[true,true,true],""score"":100.0},""T2_ema50_slope"":{""value"":0.44190747972622346,""score"":100},""T3_high_proximity"":{""value"":0.9827423987322967,""score"":91.37119936614835},""T4_rs_1m"":{""value"":0.1519394383523489,""score"":100},""T5_rs_3m"":{""value"":0.22007889955237037,""score"":100},""T6_adr_healthy"":{""value"":2.4127386315867785,""score"":100.0},""_score"":98.71},""geometry"":{""sub_contraction_count"":100.0,""sub_reduction_rate"":0,""sub_pivot_tightness"":52.1,""sub_volume_dryup"":2.2,""sub_base_depth"":0.0,""sub_base_duration"":100.0,""_score"":43.14},""compression"":{""VC1_atr_ratio"":{""value"":0.7771646014557756,""score"":55.7088496360561},""VC2_range_contraction"":{""value"":0.8857716271290046,""score"":19.038062145165902},""VC3_range_pct_rank"":{""score"":46.666666666666664},""_score"":40.61},""sr_quality"":{""SR1_touches"":{""value"":6,""score"":100},""SR2_tightness"":{""value"":2.2453462984582164,""score"":63.63956767669189},""SR3_recency"":{""value"":245,""score"":0.0},""SR4_price_location"":{""score"":30.0},""SR5_reaction"":{""value"":1.614793857272323,""score"":80.73969286361616},""_score"":59.16,""_levels_found"":3,""_target_level"":302.644},""volume"":{""V1_rvol_day"":{""value"":0.4120946001509662,""score"":0},""V2_rvol_sameslot"":{""value"":0.5585332394375645,""score"":3.9022159625043,""status"":""ok""},""V3_breakout_bar"":{""value"":0.7485269418654286,""score"":16.568462791028573},""V4_base_dryup"":{""value"":0.8560717374282075,""score"":64.39282625717925},""V5_bo_expansion"":{""value"":0.41209460015096616,""score"":0},""_score"":17.8},""readiness"":{""_distance_atr"":0.928,""BR1_atr_distance"":{""score"":38.14012049258893},""BR2_compression"":{""score"":36.05381943826902},""BR3_retest"":{""score"":50.0},""BR4_bo_age"":{""score"":50.0},""_score"":41.77},""risk"":{""R1_stop_clarity"":{""score"":7.100873360172017},""R2_stop_distance_pct"":{""value"":5.088496132624541,""score"":100.0},""R3_stop_distance_atr"":{""value"":1.6352991118341766,""score"":100.0},""R4_rr_potential"":{""value"":5.905405572678755,""score"":100.0},""_score"":67.49},""market"":{""M1_spy_regime"":{""score"":100.0},""M3_earnings_risk"":{""value"":null,""score"":80.0},""M4_vix"":{""value"":null,""score"":60.0},""_score"":84.0},""liquidity"":{""L1_price"":{""value"":396.91,""score"":100.0},""L2_dollar_vol"":{""value"":510913982.8623341,""score"":100.0},""L3_spread_proxy"":{""value"":0.02615202438840038,""score"":73.84797561159962},""L4_volume_zscore"":{""value"":-1.7705673456860866,""score"":100.0},""_score"":97.38},""pattern_structure"":{""n_contractions"":5,""contractions_pct"":[0.8,16.43,8.42,3.66,6.35],""descending_strict"":false,""final_low"":382.45,""final_pivot"":408.37,""structural_low"":382.45,""dry_up_ratio"":0.9891977601116867,""current_price"":396.91,""neckline_distance_pct"":0.02887304426696223,""base_bars"":74,""recent_base_height"":107.81},""pattern_geometry_features"":{""contraction_count"":5.0,""first_contraction_pct"":0.008047493403693925,""last_contraction_pct"":0.06347185150721163,""dry_up_ratio"":0.9891977601116867,""near_monotone"":0.0,""base_depth_pct"":-0.2613786279683377},""_schema_version"":""1.0""}",,,,,,,,,,
20260504T200431Z-7bad84,2026-05-04T20:04:31.798741+00:00,ADI,double_bottom,forming,55.0,98.7,60.1,40.6,59.2,19.0,46.2,53.9,84.0,97.4,14.81,15.02,3.25,8.28,2.47,3.7,3.23,5.04,4.87,True,risk_unclear,396.91,406.3,386.0018,420.72,"{""trend"":{""T1_ema_stack"":{""value"":[true,true,true],""score"":100.0},""T2_ema50_slope"":{""value"":0.44190747972622346,""score"":100},""T3_high_proximity"":{""value"":0.9827423987322967,""score"":91.37119936614835},""T4_rs_1m"":{""value"":0.1519394383523489,""score"":100},""T5_rs_3m"":{""value"":0.22007889955237037,""score"":100},""T6_adr_healthy"":{""value"":2.4127386315867785,""score"":100.0},""_score"":98.71},""geometry"":{""sub_low_similarity"":70.2,""sub_bounce_quality"":9.7,""sub_separation_fit"":33.3,""sub_right_bottom_reaction"":80.6,""sub_base_context"":100.0,""_score"":60.08},""compression"":{""VC1_atr_ratio"":{""value"":0.7771646014557756,""score"":55.7088496360561},""VC2_range_contraction"":{""value"":0.8857716271290046,""score"":19.038062145165902},""VC3_range_pct_rank"":{""score"":46.666666666666664},""_score"":40.61},""sr_quality"":{""SR1_touches"":{""value"":6,""score"":100},""SR2_tightness"":{""value"":2.2453462984582164,""score"":63.63956767669189},""SR3_recency"":{""value"":245,""score"":0.0},""SR4_price_location"":{""score"":30.0},""SR5_reaction"":{""value"":1.614793857272323,""score"":80.73969286361616},""_score"":59.16,""_levels_found"":3,""_target_level"":302.644},""volume"":{""V1_rvol_day"":{""value"":0.4120946001509662,""score"":0},""V2_rvol_sameslot"":{""value"":0.5585332394375645,""score"":3.9022159625043,""status"":""ok""},""V3_breakout_bar"":{""value"":0.7485269418654286,""score"":16.568462791028573},""V4_base_dryup"":{""value"":0.7947892830618384,""score"":70.52107169381617},""V5_bo_expansion"":{""value"":0.41209460015096616,""score"":0},""_score"":19.03},""readiness"":{""_distance_atr"":0.76,""BR1_atr_distance"":{""score"":49.31376364968673},""BR2_compression"":{""score"":36.05381943826902},""BR3_retest"":{""score"":50.0},""BR4_bo_age"":{""score"":50.0},""_score"":46.24},""risk"":{""R1_stop_clarity"":{""score"":4.8102765129675475},""R2_stop_distance_pct"":{""value"":2.7482804666045255,""score"":100.0},""R3_stop_distance_atr"":{""value"":0.8832198136685132,""score"":69.16099068342567},""R4_rr_potential"":{""value"":2.182761592196692,""score"":59.13807960983459},""_score"":53.89},""market"":{""M1_spy_regime"":{""score"":100.0},""M3_earnings_risk"":{""value"":null,""score"":80.0},""M4_vix"":{""value"":null,""score"":60.0},""_score"":84.0},""liquidity"":{""L1_price"":{""value"":396.91,""score"":100.0},""L2_dollar_vol"":{""value"":510913982.8623341,""score"":100.0},""L3_spread_proxy"":{""value"":0.02615202438840038,""score"":73.84797561159962},""L4_volume_zscore"":{""value"":-1.7705673456860866,""score"":100.0},""_score"":97.38},""pattern_structure"":{""left_low"":397.755,""left_idx"":36,""right_low"":391.88,""right_idx"":76,""separation_bars"":40,""structural_low"":391.88,""current_price"":395.92,""neckline_distance_pct"":0.026217417660133347,""base_bars"":40},""pattern_geometry_features"":{""low_similarity_pct"":0.01488029279350586,""bounce_pct"":0.0367969786669389,""right_bottom_reaction"":0.8060785081319493,""atr_pct"":0.031116607939187378},""_schema_version"":""1.0""}",,,,,,,,,,
20260504T200431Z-7bad84,2026-05-04T20:04:31.798741+00:00,CW,vcp,forming,55.0,70.0,58.1,70.0,63.7,27.0,25.1,59.4,84.0,71.5,10.5,14.53,8.41,7.65,3.51,1.75,2.97,5.04,3.58,True,risk_unclear,716.95,748.14,701.4333,870.63,"{""trend"":{""T1_ema_stack"":{""value"":[true,true,true],""score"":100.0},""T2_ema50_slope"":{""value"":0.19667684598642918,""score"":82.77947433107153},""T3_high_proximity"":{""value"":0.9654461965230741,""score"":82.723098261537},""T4_rs_1m"":{""value"":-0.06311126716901572,""score"":0},""T5_rs_3m"":{""value"":0.047203903679312154,""score"":73.60195183965608},""T6_adr_healthy"":{""value"":2.7353836473473736,""score"":100.0},""_score"":70.0},""geometry"":{""sub_contraction_count"":100.0,""sub_reduction_rate"":0,""sub_pivot_tightness"":74.0,""sub_volume_dryup"":80.2,""sub_base_depth"":0.0,""sub_base_duration"":100.0,""_score"":58.13},""compression"":{""VC1_atr_ratio"":{""value"":0.36566064230072853,""score"":100},""VC2_range_contraction"":{""value"":0.8634925610831826,""score"":22.751239819469564},""VC3_range_pct_rank"":{""score"":88.33333333333333},""_score"":70.05},""sr_quality"":{""SR1_touches"":{""value"":5,""score"":100},""SR2_tightness"":{""value"":2.57040347027466,""score"":74.89416560004881},""SR3_recency"":{""value"":233,""score"":0.0},""SR4_price_location"":{""score"":30.0},""SR5_reaction"":{""value"":2.7959553719308103,""score"":100},""_score"":63.73,""_levels_found"":7,""_target_level"":713.366},""volume"":{""V1_rvol_day"":{""value"":0.5284648373828297,""score"":1.8976558255219784},""V2_rvol_sameslot"":{""value"":0.8422385538008762,""score"":22.81590358672508,""status"":""ok""},""V3_breakout_bar"":{""value"":1.1559623108392587,""score"":43.730820722617246},""V4_base_dryup"":{""value"":0.9448127354496315,""score"":55.51872645503685},""V5_bo_expansion"":{""value"":0.5284648373828298,""score"":0},""_score"":26.98},""readiness"":{""_distance_atr"":1.523,""BR1_atr_distance"":{""score"":0},""BR2_compression"":{""score"":30.250799404298313},""BR3_retest"":{""score"":50.0},""BR4_bo_age"":{""score"":50.0},""_score"":25.06},""risk"":{""R1_stop_clarity"":{""score"":0},""R2_stop_distance_pct"":{""value"":2.164268777460083,""score"":100.0},""R3_stop_distance_atr"":{""value"":0.7577805056378134,""score"":62.88902528189067},""R4_rr_potential"":{""value"":9.904151810385201,""score"":100.0},""_score"":59.43},""market"":{""M1_spy_regime"":{""score"":100.0},""M3_earnings_risk"":{""value"":null,""score"":80.0},""M4_vix"":{""value"":null,""score"":60.0},""_score"":84.0},""liquidity"":{""L1_price"":{""value"":716.95,""score"":0.0},""L2_dollar_vol"":{""value"":83357305.46013,""score"":96.04718337676093},""L3_spread_proxy"":{""value"":0.018844828788618317,""score"":81.15517121138168},""L4_volume_zscore"":{""value"":-1.2985813473806225,""score"":100.0},""_score"":71.53},""pattern_structure"":{""n_contractions"":5,""contractions_pct"":[4.6,9.6,10.62,12.71,4.82],""descending_strict"":false,""final_low"":712.115,""final_pivot"":748.14,""structural_low"":712.115,""dry_up_ratio"":0.5991257834185661,""current_price"":716.95,""neckline_distance_pct"":0.0435037310830601,""base_bars"":43,""recent_base_height"":122.49000000000001},""pattern_geometry_features"":{""contraction_count"":5.0,""first_contraction_pct"":0.04604994436541367,""last_contraction_pct"":0.04815275215868685,""dry_up_ratio"":0.5991257834185661,""near_monotone"":0.0,""base_depth_pct"":-0.002992999901407062},""_schema_version"":""1.0""}",,,,,,,,,,
20260504T200431Z-7bad84,2026-05-04T20:04:31.798741+00:00,CW,double_bottom,forming,55.0,70.0,50.8,70.0,63.7,20.0,46.8,49.7,84.0,71.5,10.5,12.69,5.6,8.92,2.6,3.75,2.98,5.04,3.58,True,risk_unclear,716.95,730.96,694.5235,756.82,"{""trend"":{""T1_ema_stack"":{""value"":[true,true,true],""score"":100.0},""T2_ema50_slope"":{""value"":0.19667684598642918,""score"":82.77947433107153},""T3_high_proximity"":{""value"":0.9654461965230741,""score"":82.723098261537},""T4_rs_1m"":{""value"":-0.06311126716901572,""score"":0},""T5_rs_3m"":{""value"":0.047203903679312154,""score"":73.60195183965608},""T6_adr_healthy"":{""value"":2.7353836473473736,""score"":100.0},""_score"":70.0},""geometry"":{""sub_low_similarity"":76.3,""sub_bounce_quality"":9.5,""sub_separation_fit"":0.0,""sub_right_bottom_reaction"":39.8,""sub_base_context"":100.0,""_score"":50.76},""compression"":{""VC1_atr_ratio"":{""value"":0.36566064230072853,""score"":100},""VC2_range_contraction"":{""value"":0.8634925610831826,""score"":22.751239819469564},""VC3_range_pct_rank"":{""score"":88.33333333333333},""_score"":70.05},""sr_quality"":{""SR1_touches"":{""value"":5,""score"":100},""SR2_tightness"":{""value"":2.57040347027466,""score"":74.89416560004881},""SR3_recency"":{""value"":233,""score"":0.0},""SR4_price_location"":{""score"":30.0},""SR5_reaction"":{""value"":2.7959553719308103,""score"":100},""_score"":63.73,""_levels_found"":7,""_target_level"":713.366},""volume"":{""V1_rvol_day"":{""value"":0.5284648373828297,""score"":1.8976558255219784},""V2_rvol_sameslot"":{""value"":0.8422385538008762,""score"":22.81590358672508,""status"":""ok""},""V3_breakout_bar"":{""value"":1.1559623108392587,""score"":43.730820722617246},""V4_base_dryup"":{""value"":1.2950979142031807,""score"":20.490208579681934},""V5_bo_expansion"":{""value"":0.5284648373828298,""score"":0},""_score"":19.97},""readiness"":{""_distance_atr"":0.684,""BR1_atr_distance"":{""score"":54.386831482434964},""BR2_compression"":{""score"":30.250799404298313},""BR3_retest"":{""score"":50.0},""BR4_bo_age"":{""score"":50.0},""_score"":46.82},""risk"":{""R1_stop_clarity"":{""score"":0},""R2_stop_distance_pct"":{""value"":3.128042401841137,""score"":100.0},""R3_stop_distance_atr"":{""value"":1.0952288262946193,""score"":79.76144131473096},""R4_rr_potential"":{""value"":1.777807504514746,""score"":38.890375225737294},""_score"":49.74},""market"":{""M1_spy_regime"":{""score"":100.0},""M3_earnings_risk"":{""value"":null,""score"":80.0},""M4_vix"":{""value"":null,""score"":60.0},""_score"":84.0},""liquidity"":{""L1_price"":{""value"":716.95,""score"":0.0},""L2_dollar_vol"":{""value"":83357305.46013,""score"":96.04718337676093},""L3_spread_proxy"":{""value"":0.018844828788618317,""score"":81.15517121138168},""L4_volume_zscore"":{""value"":-1.2985813473806225,""score"":100.0},""_score"":71.53},""pattern_structure"":{""left_low"":713.5,""left_idx"":21,""right_low"":705.1,""right_idx"":69,""separation_bars"":48,""structural_low"":705.1,""current_price"":715.55,""neckline_distance_pct"":0.021535881489763237,""base_bars"":48},""pattern_geometry_features"":{""low_similarity_pct"":0.011842661779218918,""bounce_pct"":0.0366756488441356,""right_bottom_reaction"":0.39820481436148486,""atr_pct"":0.028560628854373174},""_schema_version"":""1.0""}",,,,,,,,,,
20260504T200431Z-7bad84,2026-05-04T20:04:31.798741+00:00,CRWD,double_bottom,setup,54.97,81.0,54.0,67.6,38.5,11.1,71.8,24.2,84.0,96.5,12.14,13.51,5.41,5.4,1.44,5.74,1.45,5.04,4.83,True,risk_unclear,468.605,466.22,410.7647,515.42,"{""trend"":{""T1_ema_stack"":{""value"":[true,true,false],""score"":66.66666666666666},""T2_ema50_slope"":{""value"":0.12410811295072452,""score"":70.68468549178742},""T3_high_proximity"":{""value"":1.0,""score"":99.99999999999997},""T4_rs_1m"":{""value"":0.07922336337692348,""score"":100},""T5_rs_3m"":{""value"":0.035245876648773544,""score"":67.62293832438678},""T6_adr_healthy"":{""value"":4.423486833395834,""score"":100.0},""_score"":80.95},""geometry"":{""sub_low_similarity"":26.9,""sub_bounce_quality"":100,""sub_separation_fit"":0.0,""sub_right_bottom_reaction"":39.9,""sub_base_context"":100.0,""_score"":54.05},""compression"":{""VC1_atr_ratio"":{""value"":0.45638077271652644,""score"":100},""VC2_range_contraction"":{""value"":0.7653761120479514,""score"":39.10398132534143},""VC3_range_pct_rank"":{""score"":55.833333333333336},""_score"":67.64},""sr_quality"":{""SR1_touches"":{""value"":2,""score"":25.0},""SR2_tightness"":{""value"":0.27504999999999313,""score"":96.76030215417578},""SR3_recency"":{""value"":296,""score"":0.0},""SR4_price_location"":{""score"":6.146264367038848},""SR5_reaction"":{""value"":2.2167224676793715,""score"":100},""_score"":38.55,""_levels_found"":6,""_target_level"":477.2749},""volume"":{""V1_rvol_day"":{""value"":0.5287324121288619,""score"":1.9154941419241271},""V2_rvol_sameslot"":{""value"":0.4213048049661639,""score"":0,""status"":""ok""},""V3_breakout_bar"":{""value"":0.7197704634223949,""score"":14.651364228159661},""V4_base_dryup"":{""value"":1.1471772935999982,""score"":35.28227064000018},""V5_bo_expansion"":{""value"":0.5287324121288619,""score"":0},""_score"":11.1},""readiness"":{""_distance_atr"":-0.14,""BR1_atr_distance"":{""score"":100.0},""BR2_compression"":{""score"":57.18664065687634},""BR3_retest"":{""score"":50.0},""BR4_bo_age"":{""score"":50.0},""_score"":71.8},""risk"":{""R1_stop_clarity"":{""score"":26.32146178882134},""R2_stop_distance_pct"":{""value"":12.343082126737873,""score"":0.0},""R3_stop_distance_atr"":{""value"":3.4063823906895383,""score"":100.0},""R4_rr_potential"":{""value"":0.8093837687563868,""score"":0.0},""_score"":24.21},""market"":{""M1_spy_regime"":{""score"":100.0},""M3_earnings_risk"":{""value"":null,""score"":80.0},""M4_vix"":{""value"":null,""score"":60.0},""_score"":84.0},""liquidity"":{""L1_price"":{""value"":468.605,""score"":100.0},""L2_dollar_vol"":{""value"":827867210.3838023,""score"":100.0},""L3_spread_proxy"":{""value"":0.03501861909283937,""score"":64.98138090716063},""L4_volume_zscore"":{""value"":-0.9352383213069703,""score"":100.0},""_score"":96.5},""pattern_structure"":{""left_low"":417.02,""left_idx"":14,""right_low"":432.55,""right_idx"":62,""separation_bars"":48,""structural_low"":417.02,""current_price"":468.85,""neckline_distance_pct"":-0.005609469979737646,""base_bars"":48},""pattern_geometry_features"":{""low_similarity_pct"":0.03655967136316026,""bounce_pct"":0.11797995299985624,""right_bottom_reaction"":0.3991707328247764,""atr_pct"":0.03623516302947809},""_schema_version"":""1.0""}",,,,,,,,,,
20260504T200431Z-7bad84,2026-05-04T20:04:31.798741+00:00,HWM,double_bottom,absent,54.71,59.2,49.8,62.3,55.3,31.7,32.7,66.0,84.0,98.3,8.88,12.46,4.98,7.74,4.12,2.61,3.96,5.04,4.92,True,risk_unclear,240.19,251.2399,229.8202,269.1598,"{""trend"":{""T1_ema_stack"":{""value"":[false,true,true],""score"":66.66666666666666},""T2_ema50_slope"":{""value"":0.13799115060118164,""score"":72.99852510019694},""T3_high_proximity"":{""value"":0.906001282486515,""score"":53.00064124325748},""T4_rs_1m"":{""value"":-0.06259605941510649,""score"":0},""T5_rs_3m"":{""value"":0.12660586892273962,""score"":100},""T6_adr_healthy"":{""value"":2.91015682974567,""score"":100.0},""_score"":59.22},""geometry"":{""sub_low_similarity"":57.3,""sub_bounce_quality"":66.9,""sub_separation_fit"":0.0,""sub_right_bottom_reaction"":88.4,""sub_base_context"":30.0,""_score"":49.83},""compression"":{""VC1_atr_ratio"":{""value"":0.4546249080045718,""score"":100},""VC2_range_contraction"":{""value"":1.1992376523585386,""score"":0},""VC3_range_pct_rank"":{""score"":89.16666666666666},""_score"":62.29},""sr_quality"":{""SR1_touches"":{""value"":3,""score"":50.0},""SR2_tightness"":{""value"":1.9393875894782362,""score"":51.95033137010407},""SR3_recency"":{""value"":243,""score"":0.0},""SR4_price_location"":{""score"":70.052557355379},""SR5_reaction"":{""value"":2.3523239008736363,""score"":100},""_score"":55.31,""_levels_found"":6,""_target_level"":243.0143},""volume"":{""V1_rvol_day"":{""value"":0.45840629461977517,""score"":0},""V2_rvol_sameslot"":{""value"":0.886239287904428,""score"":25.749285860295196,""status"":""ok""},""V3_breakout_bar"":{""value"":1.3017655874261753,""score"":53.451039161745015},""V4_base_dryup"":{""value"":0.8412723348730703,""score"":65.87276651269298},""V5_bo_expansion"":{""value"":0.45840629461977506,""score"":0},""_score"":31.69},""readiness"":{""_distance_atr"":1.369,""BR1_atr_distance"":{""score"":8.743695471357498},""BR2_compression"":{""score"":46.68938778130949},""BR3_retest"":{""score"":50.0},""BR4_bo_age"":{""score"":50.0},""_score"":32.67},""risk"":{""R1_stop_clarity"":{""score"":13.290034862937532},""R2_stop_distance_pct"":{""value"":4.3173321120779375,""score"":100.0},""R3_stop_distance_atr"":{""value"":1.2845948289592433,""score"":89.22974144796217},""R4_rr_potential"":{""value"":2.7936700804258545,""score"":89.68350402129272},""_score"":65.97},""market"":{""M1_spy_regime"":{""score"":100.0},""M3_earnings_risk"":{""value"":null,""score"":80.0},""M4_vix"":{""value"":null,""score"":60.0},""_score"":84.0},""liquidity"":{""L1_price"":{""value"":240.19,""score"":100.0},""L2_dollar_vol"":{""value"":220970635.33502164,""score"":100.0},""L3_spread_proxy"":{""value"":0.016878721012531767,""score"":83.12127898746823},""L4_volume_zscore"":{""value"":-1.7679904989655546,""score"":100.0},""_score"":98.31},""pattern_structure"":{""left_low"":233.32,""left_idx"":28,""right_low"":238.35,""right_idx"":76,""separation_bars"":48,""structural_low"":233.32,""current_price"":240.505,""neckline_distance_pct"":0.04463483087669699,""base_bars"":48},""pattern_geometry_features"":{""low_similarity_pct"":0.02132847117688215,""bounce_pct"":0.0768039602262987,""right_bottom_reaction"":0.8843537414966071,""atr_pct"":0.033608512308708},""_schema_version"":""1.0""}",,,,,,,,,,
20260504T200431Z-7bad84,2026-05-04T20:04:31.798741+00:00,DDOG,inverse_head_shoulders,setup,54.69,84.0,48.3,56.5,37.1,46.2,51.5,30.8,84.0,94.5,10.08,13.53,4.52,5.2,6.47,4.12,1.85,4.2,4.73,False,,147.005,142.6635,126.08,157.327,"{""trend"":{""T1_ema_stack"":{""value"":[true,true,false],""score"":66.66666666666666},""T2_ema50_slope"":{""value"":0.06894739023685963,""score"":61.491231706143274},""T3_high_proximity"":{""value"":1.0,""score"":99.99999999999997},""T4_rs_1m"":{""value"":0.12650538731912775,""score"":100},""T5_rs_3m"":{""value"":0.10657578565993142,""score"":100},""T6_adr_healthy"":{""value"":5.396588367361903,""score"":100.0},""_score"":83.96},""geometry"":{""sub_head_depth"":63.7,""sub_shoulder_price_sym"":3.5,""sub_shoulder_time_sym"":0,""sub_right_shoulder_reaction"":97.6,""sub_base_context"":100.0,""_score"":48.31},""compression"":{""VC1_atr_ratio"":{""value"":0.5163106352715019,""score"":100},""VC2_range_contraction"":{""value"":0.8349910812330823,""score"":27.50148646115295},""VC3_range_pct_rank"":{""score"":27.500000000000004},""_score"":56.5},""sr_quality"":{""SR1_touches"":{""value"":2,""score"":25.0},""SR2_tightness"":{""value"":0.9400000000000119,""score"":73.13326187924226},""SR3_recency"":{""value"":322,""score"":0.0},""SR4_price_location"":{""score"":40.873480060158904},""SR5_reaction"":{""value"":1.1282815291175416,""score"":56.41407645587708},""_score"":37.15,""_levels_found"":7,""_target_level"":151.015},""volume"":{""V1_rvol_day"":{""value"":1.0344844401696982,""score"":35.632296011313215},""V2_rvol_sameslot"":{""value"":1.943746175546032,""score"":96.24974503640212,""status"":""ok""},""V3_breakout_bar"":{""value"":1.28166959737626,""score"":52.11130649175067},""V4_base_dryup"":{""value"":1.1761979338379938,""score"":32.380206616200624},""V5_bo_expansion"":{""value"":1.0344844401696982,""score"":2.2989626779798806},""_score"":46.23},""readiness"":{""_distance_atr"":-0.62,""BR1_atr_distance"":{""score"":47.59128260092892},""BR2_compression"":{""score"":59.90347560076666},""BR3_retest"":{""score"":50.0},""BR4_bo_age"":{""score"":50.0},""_score"":51.51},""risk"":{""R1_stop_clarity"":{""score"":45.12325830653803},""R2_stop_distance_pct"":{""value"":14.234209720757796,""score"":0.0},""R3_stop_distance_atr"":{""value"":2.9903536977491942,""score"":100.0},""R4_rr_potential"":{""value"":0.49328554360812443,""score"":0.0},""_score"":30.79},""market"":{""M1_spy_regime"":{""score"":100.0},""M3_earnings_risk"":{""value"":null,""score"":80.0},""M4_vix"":{""value"":null,""score"":60.0},""_score"":84.0},""liquidity"":{""L1_price"":{""value"":147.005,""score"":100.0},""L2_dollar_vol"":{""value"":744118801.7486211,""score"":100.0},""L3_spread_proxy"":{""value"":0.054760042175436285,""score"":45.23995782456372},""L4_volume_zscore"":{""value"":0.12546751873868078,""score"":100.0},""_score"":94.52},""pattern_structure"":{""left_shoulder"":128.68,""left_shoulder_idx"":76,""head"":128.0,""head_idx"":82,""right_shoulder"":139.01,""right_shoulder_idx"":94,""left_to_head_bars"":6,""head_to_right_bars"":12,""structural_low"":128.0,""current_price"":146.44,""neckline_distance_pct"":-0.025788718929254294,""base_bars"":18},""pattern_geometry_features"":{""head_depth_pct"":0.04366991669468414,""shoulder_price_asymmetry"":0.0771788262542492,""shoulder_time_asymmetry"":0.5,""right_shoulder_reaction"":0.9761171032357472,""atr_pct"":0.04760042175436212},""_schema_version"":""1.0""}",,,,,,,,,,
20260504T200431Z-7bad84,2026-05-04T20:04:31.798741+00:00,BHP,vcp,forming,54.55,78.2,54.9,58.7,37.4,24.9,17.5,63.5,84.0,97.5,11.74,13.73,7.04,4.48,3.24,1.23,3.17,5.04,4.88,True,risk_unclear,77.87,80.78,75.7662,94.975,"{""trend"":{""T1_ema_stack"":{""value"":[true,true,true],""score"":100.0},""T2_ema50_slope"":{""value"":0.30331654160363664,""score"":100},""T3_high_proximity"":{""value"":0.9380797494277798,""score"":69.03987471388989},""T4_rs_1m"":{""value"":-0.03165532533627924,""score"":18.34467466372076},""T5_rs_3m"":{""value"":0.08965147725010425,""score"":94.82573862505213},""T6_adr_healthy"":{""value"":1.7407564598497713,""score"":100.0},""_score"":78.25},""geometry"":{""sub_contraction_count"":100.0,""sub_reduction_rate"":0,""sub_pivot_tightness"":74.6,""sub_volume_dryup"":58.2,""sub_base_depth"":0.0,""sub_base_duration"":100.0,""_score"":54.92},""compression"":{""VC1_atr_ratio"":{""value"":0.5119461725167187,""score"":100},""VC2_range_contraction"":{""value"":0.8615527740003024,""score"":23.07453766661627},""VC3_range_pct_rank"":{""score"":42.50000000000001},""_score"":58.7},""sr_quality"":{""SR1_touches"":{""value"":2,""score"":25.0},""SR2_tightness"":{""value"":0.240000000000002,""score"":70.46153846153824},""SR3_recency"":{""value"":228,""score"":0.0},""SR4_price_location"":{""score"":17.105263157894836},""SR5_reaction"":{""value"":2.3384615384615395,""score"":100},""_score"":37.35,""_levels_found"":8,""_target_level"":81.02},""volume"":{""V1_rvol_day"":{""value"":0.5110626097391815,""score"":0.7375073159454331},""V2_rvol_sameslot"":{""value"":0.7627016530322602,""score"":17.513443535484015,""status"":""ok""},""V3_breakout_bar"":{""value"":1.1184272412284606,""score"":41.22848274856404},""V4_base_dryup"":{""value"":0.951653480060691,""score"":54.834651993930905},""V5_bo_expansion"":{""value"":0.5110626097391815,""score"":0},""_score"":24.92},""readiness"":{""_distance_atr"":1.791,""BR1_atr_distance"":{""score"":0},""BR2_compression"":{""score"":0},""BR3_retest"":{""score"":50.0},""BR4_bo_age"":{""score"":50.0},""_score"":17.5},""risk"":{""R1_stop_clarity"":{""score"":0},""R2_stop_distance_pct"":{""value"":2.7016822909978258,""score"":100.0},""R3_stop_distance_atr"":{""value"":1.294646153846157,""score"":89.73230769230786},""R4_rr_potential"":{""value"":8.13052571537216,""score"":100.0},""_score"":63.46},""market"":{""M1_spy_regime"":{""score"":100.0},""M3_earnings_risk"":{""value"":null,""score"":80.0},""M4_vix"":{""value"":null,""score"":60.0},""_score"":84.0},""liquidity"":{""L1_price"":{""value"":77.87,""score"":100.0},""L2_dollar_vol"":{""value"":94146237.7743524,""score"":98.69014848184827},""L3_spread_proxy"":{""value"":0.01939129318094266,""score"":80.60870681905735},""L4_volume_zscore"":{""value"":-2.137441776960355,""score"":100.0},""_score"":97.54},""pattern_structure"":{""n_contractions"":5,""contractions_pct"":[6.72,5.14,17.06,4.6,4.78],""descending_strict"":false,""final_low"":76.92,""final_pivot"":80.78,""structural_low"":76.92,""dry_up_ratio"":0.7091898283083276,""current_price"":77.87,""neckline_distance_pct"":0.037369975600359526,""base_bars"":58,""recent_base_height"":14.195000000000007},""pattern_geometry_features"":{""contraction_count"":5.0,""first_contraction_pct"":0.06721890277023361,""last_contraction_pct"":0.04778410497647932,""dry_up_ratio"":0.7091898283083276,""near_monotone"":0.0,""base_depth_pct"":-0.04454101032047802},""_schema_version"":""1.0""}",,,,,,,,,,
20260504T200431Z-7bad84,2026-05-04T20:04:31.798741+00:00,CRML,ascending_triangle,forming,54.52,78.1,51.4,13.1,55.9,36.8,44.6,50.0,84.0,90.0,11.72,14.4,1.05,7.82,4.42,3.57,2.0,5.04,4.5,True,stop_too_wide,13.055,14.07,10.8842,17.09,"{""trend"":{""T1_ema_stack"":{""value"":[true,true,true],""score"":100.0},""T2_ema50_slope"":{""value"":0.357292440366488,""score"":100},""T3_high_proximity"":{""value"":0.8622853368560105,""score"":31.142668428005226},""T4_rs_1m"":{""value"":0.459294519921321,""score"":100},""T5_rs_3m"":{""value"":0.004377740988770418,""score"":52.188870494385206},""T6_adr_healthy"":{""value"":11.507951918946416,""score"":12.301202026339597},""_score"":78.11},""geometry"":{""sub_flat_top_quality"":33.3,""sub_hl_slope"":88.1,""sub_compression"":0,""sub_duration"":100.0,""_score"":51.42},""compression"":{""VC1_atr_ratio"":{""value"":1.1503880222470992,""score"":0},""VC2_range_contraction"":{""value"":1.1610731306849993,""score"":0},""VC3_range_pct_rank"":{""score"":52.5},""_score"":13.12},""sr_quality"":{""SR1_touches"":{""value"":3,""score"":50.0},""SR2_tightness"":{""value"":0.3630977860332145,""score"":58.662890749104456},""SR3_recency"":{""value"":226,""score"":0.0},""SR4_price_location"":{""score"":68.36764077102298},""SR5_reaction"":{""value"":2.6943284528780587,""score"":100},""_score"":55.89,""_levels_found"":4,""_target_level"":14.2634},""volume"":{""V1_rvol_day"":{""value"":1.1659440878342908,""score"":44.396272522286054},""V2_rvol_sameslot"":{""value"":1.111163831065093,""score"":40.74425540433954,""status"":""ok""},""V3_breakout_bar"":{""value"":0.5713110843280346,""score"":4.754072288535638},""V4_base_dryup"":{""value"":0.6530483153147753,""score"":84.69516846852247},""V5_bo_expansion"":{""value"":1.1659440878342908,""score"":11.06293918895272},""_score"":36.82},""readiness"":{""_distance_atr"":0.578,""BR1_atr_distance"":{""score"":61.482216358266875},""BR2_compression"":{""score"":10.148857150086325},""BR3_retest"":{""score"":50.0},""BR4_bo_age"":{""score"":50.0},""_score"":44.63},""risk"":{""R1_stop_clarity"":{""score"":81.13008087108187},""R2_stop_distance_pct"":{""value"":16.627728839525087,""score"":0.0},""R3_stop_distance_atr"":{""value"":1.2356523966545636,""score"":86.78261983272819},""R4_rr_potential"":{""value"":1.858804560635725,""score"":42.940228031786255},""_score"":50.0},""market"":{""M1_spy_regime"":{""score"":100.0},""M3_earnings_risk"":{""value"":null,""score"":80.0},""M4_vix"":{""value"":null,""score"":60.0},""_score"":84.0},""liquidity"":{""L1_price"":{""value"":13.055,""score"":100.0},""L2_dollar_vol"":{""value"":295748637.60369176,""score"":100.0},""L3_spread_proxy"":{""value"":0.10187667560321717,""score"":0},""L4_volume_zscore"":{""value"":0.19722923051917102,""score"":100.0},""_score"":90.0},""pattern_structure"":{""top"":14.07,""top_touches"":2,""low_slope_per_bar"":0.029194458987783566,""lowest_low"":11.05,""structural_low"":11.05,""current_price"":13.225,""neckline_distance_pct"":0.0638941398865785,""base_bars"":45},""pattern_geometry_features"":{""top_touches"":2.0,""low_slope"":0.029194458987783566,""compression"":-0.20151055849560673,""atr_pct"":0.1345663949225803},""_schema_version"":""1.0""}",,,,,,,,,,
20260504T200431Z-7bad84,2026-05-04T20:04:31.798741+00:00,MPWR,vcp,absent,54.41,97.8,48.9,40.6,43.6,22.3,29.9,76.1,84.0,71.8,14.66,12.23,4.87,5.23,2.89,2.09,3.81,5.04,3.59,False,,1583.0,1661.79,1465.7096,2335.58,"{""trend"":{""T1_ema_stack"":{""value"":[true,true,true],""score"":100.0},""T2_ema50_slope"":{""value"":0.7331756143533841,""score"":100},""T3_high_proximity"":{""value"":0.9699398306434813,""score"":84.96991532174064},""T4_rs_1m"":{""value"":0.32042883940562583,""score"":100},""T5_rs_3m"":{""value"":0.3167217215930418,""score"":100},""T6_adr_healthy"":{""value"":3.4681447927750013,""score"":100.0},""_score"":97.75},""geometry"":{""sub_contraction_count"":100.0,""sub_reduction_rate"":55.7,""sub_pivot_tightness"":0,""sub_volume_dryup"":0,""sub_base_depth"":0.0,""sub_base_duration"":100.0,""_score"":48.92},""compression"":{""VC1_atr_ratio"":{""value"":0.7640787346670711,""score"":58.98031633323222},""VC2_range_contraction"":{""value"":0.9552898272355883,""score"":7.451695460735283},""VC3_range_pct_rank"":{""score"":57.49999999999999},""_score"":40.58},""sr_quality"":{""SR1_touches"":{""value"":2,""score"":25.0},""SR2_tightness"":{""value"":3.1100000000000136,""score"":90.48810089603877},""SR3_recency"":{""value"":268,""score"":0.0},""SR4_price_location"":{""score"":30.0},""SR5_reaction"":{""value"":2.370902021431483,""score"":100},""_score"":43.57,""_levels_found"":3,""_target_level"":1253.11},""volume"":{""V1_rvol_day"":{""value"":0.6204747370429633,""score"":8.031649136197554},""V2_rvol_sameslot"":{""value"":0.9557768197085561,""score"":30.38512131390374,""status"":""ok""},""V3_breakout_bar"":{""value"":0.6812053137562292,""score"":12.080354250415278},""V4_base_dryup"":{""value"":0.9220553116243639,""score"":57.794468837563606},""V5_bo_expansion"":{""value"":0.6204747370429633,""score"":0},""_score"":22.26},""readiness"":{""_distance_atr"":1.205,""BR1_atr_distance"":{""score"":19.673898134930198},""BR2_compression"":{""score"":17.90201573253919},""BR3_retest"":{""score"":50.0},""BR4_bo_age"":{""score"":50.0},""_score"":29.85},""risk"":{""R1_stop_clarity"":{""score"":31.733161300639935},""R2_stop_distance_pct"":{""value"":7.409377763739733,""score"":100.0},""R3_stop_distance_atr"":{""value"":1.7936574377141539,""score"":100.0},""R4_rr_potential"":{""value"":6.4163791681249425,""score"":100.0},""_score"":76.11},""market"":{""M1_spy_regime"":{""score"":100.0},""M3_earnings_risk"":{""value"":null,""score"":80.0},""M4_vix"":{""value"":null,""score"":60.0},""_score"":84.0},""liquidity"":{""L1_price"":{""value"":1583.0,""score"":0.0},""L2_dollar_vol"":{""value"":595925959.032819,""score"":100.0},""L3_spread_proxy"":{""value"":0.03212886923562863,""score"":67.87113076437137},""L4_volume_zscore"":{""value"":-1.1751392790689374,""score"":100.0},""_score"":71.79},""pattern_structure"":{""n_contractions"":3,""contractions_pct"":[21.35,11.68,10.46],""descending_strict"":true,""final_low"":1488.03,""final_pivot"":1661.79,""structural_low"":1488.03,""dry_up_ratio"":1.2619214906346174,""current_price"":1583.0,""neckline_distance_pct"":0.04977258370183194,""base_bars"":43,""recent_base_height"":673.79},""pattern_geometry_features"":{""contraction_count"":3.0,""first_contraction_pct"":0.2135135565426438,""last_contraction_pct"":0.10456194826061055,""dry_up_ratio"":1.2619214906346174,""near_monotone"":1.0,""base_depth_pct"":-0.18452977981563734},""_schema_version"":""1.0""}",,,,,,,,,,
20260504T200431Z-7bad84,2026-05-04T20:04:31.798741+00:00,AMAT,vcp,absent,54.38,90.8,35.1,58.8,56.5,21.2,28.6,70.8,84.0,96.1,13.62,8.79,7.05,6.78,2.76,2.0,3.54,5.04,4.8,True,risk_unclear,391.08,420.4999,371.4139,520.3098,"{""trend"":{""T1_ema_stack"":{""value"":[true,true,true],""score"":100.0},""T2_ema50_slope"":{""value"":0.4099806780500429,""score"":100},""T3_high_proximity"":{""value"":0.9377517744101285,""score"":68.87588720506422},""T4_rs_1m"":{""value"":0.027405237247537517,""score"":77.40523724753751},""T5_rs_3m"":{""value"":0.15830846535191845,""score"":100},""T6_adr_healthy"":{""value"":2.958492725428323,""score"":100.0},""_score"":90.81},""geometry"":{""sub_contraction_count"":100.0,""sub_reduction_rate"":0,""sub_pivot_tightness"":0,""sub_volume_dryup"":0.9,""sub_base_depth"":0.0,""sub_base_duration"":100.0,""_score"":35.14},""compression"":{""VC1_atr_ratio"":{""value"":0.5658946205471743,""score"":100},""VC2_range_contraction"":{""value"":0.8429378255864681,""score"":26.177029068921982},""VC3_range_pct_rank"":{""score"":38.33333333333333},""_score"":58.75},""sr_quality"":{""SR1_touches"":{""value"":4,""score"":75.0},""SR2_tightness"":{""value"":1.5960028195463891,""score"":76.89580955657132},""SR3_recency"":{""value"":224,""score"":0.0},""SR4_price_location"":{""score"":30.0},""SR5_reaction"":{""value"":2.7109254929777937,""score"":100},""_score"":56.53,""_levels_found"":4,""_target_level"":378.265},""volume"":{""V1_rvol_day"":{""value"":0.6328758936341377,""score"":8.858392908942509},""V2_rvol_sameslot"":{""value"":0.7082505644698697,""score"":13.88337096465798,""status"":""ok""},""V3_breakout_bar"":{""value"":0.6607626450924576,""score"":10.71750967283051},""V4_base_dryup"":{""value"":0.7993382279885852,""score"":70.06617720114147},""V5_bo_expansion"":{""value"":0.6328758936341375,""score"":0},""_score"":21.24},""readiness"":{""_distance_atr"":2.129,""BR1_atr_distance"":{""score"":0},""BR2_compression"":{""score"":44.292237300867825},""BR3_retest"":{""score"":50.0},""BR4_bo_age"":{""score"":50.0},""_score"":28.57},""risk"":{""R1_stop_clarity"":{""score"":18.12141259581503},""R2_stop_distance_pct"":{""value"":5.028651426818039,""score"":100.0},""R3_stop_distance_atr"":{""value"":1.4234566471478085,""score"":96.17283235739042},""R4_rr_potential"":{""value"":6.571212826164894,""score"":100.0},""_score"":70.77},""market"":{""M1_spy_regime"":{""score"":100.0},""M3_earnings_risk"":{""value"":null,""score"":80.0},""M4_vix"":{""value"":null,""score"":60.0},""_score"":84.0},""liquidity"":{""L1_price"":{""value"":391.08,""score"":100.0},""L2_dollar_vol"":{""value"":1391010454.8931267,""score"":100.0},""L3_spread_proxy"":{""value"":0.03925002557021594,""score"":60.74997442978406},""L4_volume_zscore"":{""value"":-1.358329812510448,""score"":100.0},""_score"":96.07},""pattern_structure"":{""n_contractions"":5,""contractions_pct"":[20.03,4.84,15.61,6.78,10.33],""descending_strict"":false,""final_low"":377.07,""final_pivot"":420.4999,""structural_low"":377.07,""dry_up_ratio"":0.9955424221363695,""current_price"":391.08,""neckline_distance_pct"":0.07522731921857431,""base_bars"":44,""recent_base_height"":99.80990000000003},""pattern_geometry_features"":{""contraction_count"":5.0,""first_contraction_pct"":0.20025255714105308,""last_contraction_pct"":0.10328159412166335,""dry_up_ratio"":0.9955424221363695,""near_monotone"":0.0,""base_depth_pct"":0.047682788230837214},""_schema_version"":""1.0""}",,,,,,,,,,
20260504T200431Z-7bad84,2026-05-04T20:04:31.798741+00:00,PLTR,vcp,forming,54.35,30.6,51.8,74.1,63.3,35.6,36.6,64.5,84.0,97.0,4.58,12.96,8.89,7.6,4.63,2.56,3.23,5.04,4.85,False,,146.64,152.68,132.6598,192.4,"{""trend"":{""T1_ema_stack"":{""value"":[true,false,false],""score"":33.33333333333333},""T2_ema50_slope"":{""value"":-0.1695432695502086,""score"":21.742788408298562},""T3_high_proximity"":{""value"":0.9117135041034568,""score"":55.85675205172835},""T4_rs_1m"":{""value"":-0.10713134114114253,""score"":0},""T5_rs_3m"":{""value"":-0.040136192904845824,""score"":29.931903547577086},""T6_adr_healthy"":{""value"":4.3895364993338735,""score"":100.0},""_score"":30.55},""geometry"":{""sub_contraction_count"":100.0,""sub_reduction_rate"":0,""sub_pivot_tightness"":0,""sub_volume_dryup"":45.6,""sub_base_depth"":100.0,""sub_base_duration"":100.0,""_score"":51.84},""compression"":{""VC1_atr_ratio"":{""value"":0.5414009450175622,""score"":100},""VC2_range_contraction"":{""value"":0.7293077859415217,""score"":45.11536900974639},""VC3_range_pct_rank"":{""score"":73.33333333333334},""_score"":74.12},""sr_quality"":{""SR1_touches"":{""value"":3,""score"":50.0},""SR2_tightness"":{""value"":0.6360817557515713,""score"":78.45900424276466},""SR3_recency"":{""value"":251,""score"":0.0},""SR4_price_location"":{""score"":86.30030959752312},""SR5_reaction"":{""value"":2.4281303178847824,""score"":100},""_score"":63.34,""_levels_found"":7,""_target_level"":148.41},""volume"":{""V1_rvol_day"":{""value"":0.9588357598595554,""score"":30.58905065730369},""V2_rvol_sameslot"":{""value"":1.1212580404878996,""score"":41.417202699193304,""status"":""ok""},""V3_breakout_bar"":{""value"":0.9461353453627214,""score"":29.74235635751476},""V4_base_dryup"":{""value"":0.8105951547262804,""score"":68.94048452737195},""V5_bo_expansion"":{""value"":0.9588357598595556,""score"":0},""_score"":35.62},""readiness"":{""_distance_atr"":1.023,""BR1_atr_distance"":{""score"":31.81819098082687},""BR2_compression"":{""score"":25.584412861027715},""BR3_retest"":{""score"":50.0},""BR4_bo_age"":{""score"":50.0},""_score"":36.62},""risk"":{""R1_stop_clarity"":{""score"":31.585650373907797},""R2_stop_distance_pct"":{""value"":9.533687943262391,""score"":61.657801418440215},""R3_stop_distance_atr"":{""value"":2.367206936547613,""score"":100.0},""R4_rr_potential"":{""value"":3.2732006695183276,""score"":100.0},""_score"":64.55},""market"":{""M1_spy_regime"":{""score"":100.0},""M3_earnings_risk"":{""value"":null,""score"":80.0},""M4_vix"":{""value"":null,""score"":60.0},""_score"":84.0},""liquidity"":{""L1_price"":{""value"":146.64,""score"":100.0},""L2_dollar_vol"":{""value"":6926561512.051586,""score"":100.0},""L3_spread_proxy"":{""value"":0.03010774686306596,""score"":69.89225313693404},""L4_volume_zscore"":{""value"":-0.09018468555193117,""score"":100.0},""_score"":96.99},""pattern_structure"":{""n_contractions"":5,""contractions_pct"":[7.97,4.89,16.07,21.5,11.79],""descending_strict"":false,""final_low"":134.68,""final_pivot"":152.68,""structural_low"":134.68,""dry_up_ratio"":0.7721053192364605,""current_price"":146.64,""neckline_distance_pct"":0.041189307146754096,""base_bars"":37,""recent_base_height"":39.72},""pattern_geometry_features"":{""contraction_count"":5.0,""first_contraction_pct"":0.07971508206875179,""last_contraction_pct"":0.11789363374377783,""dry_up_ratio"":0.7721053192364605,""near_monotone"":0.0,""base_depth_pct"":0.16580984825023218},""_schema_version"":""1.0""}",,,,,,,,,,
20260504T200431Z-7bad84,2026-05-04T20:04:31.798741+00:00,TEM,inverse_head_shoulders,setup,54.3,55.6,45.6,68.4,60.5,32.5,65.8,35.2,84.0,96.2,6.67,12.76,5.47,8.47,4.54,5.27,2.11,4.2,4.81,False,,56.12,55.4799,48.172,62.0542,"{""trend"":{""T1_ema_stack"":{""value"":[true,false,false],""score"":33.33333333333333},""T2_ema50_slope"":{""value"":0.0034789691521447523,""score"":50.579828192024124},""T3_high_proximity"":{""value"":0.9359573048699132,""score"":67.9786524349566},""T4_rs_1m"":{""value"":0.0893439325962877,""score"":100},""T5_rs_3m"":{""value"":-0.07405932257203751,""score"":12.970338713981242},""T6_adr_healthy"":{""value"":6.1610115194094615,""score"":100.0},""_score"":55.59},""geometry"":{""sub_head_depth"":72.1,""sub_shoulder_price_sym"":1.6,""sub_shoulder_time_sym"":0,""sub_right_shoulder_reaction"":78.3,""sub_base_context"":100.0,""_score"":45.56},""compression"":{""VC1_atr_ratio"":{""value"":0.5580750522828201,""score"":100},""VC2_range_contraction"":{""value"":0.8483224985329597,""score"":25.279583577840047},""VC3_range_pct_rank"":{""score"":78.33333333333333},""_score"":68.43},""sr_quality"":{""SR1_touches"":{""value"":3,""score"":50.0},""SR2_tightness"":{""value"":0.37452933426131135,""score"":78.48331929370097},""SR3_recency"":{""value"":233,""score"":0.0},""SR4_price_location"":{""score"":74.80739659519325},""SR5_reaction"":{""value"":2.7762674375898957,""score"":100},""_score"":60.47,""_levels_found"":5,""_target_level"":58.2717},""volume"":{""V1_rvol_day"":{""value"":0.6307009509672551,""score"":8.71339673115034},""V2_rvol_sameslot"":{""value"":1.1154020042121886,""score"":41.02680028081257,""status"":""ok""},""V3_breakout_bar"":{""value"":0.9949672413379823,""score"":32.99781608919882},""V4_base_dryup"":{""value"":0.7874353415323573,""score"":71.25646584676427},""V5_bo_expansion"":{""value"":0.6307009509672552,""score"":0},""_score"":32.45},""readiness"":{""_distance_atr"":-0.184,""BR1_atr_distance"":{""score"":100.0},""BR2_compression"":{""score"":33.28405562593538},""BR3_retest"":{""score"":50.0},""BR4_bo_age"":{""score"":50.0},""_score"":65.82},""risk"":{""R1_stop_clarity"":{""score"":57.855657073213706},""R2_stop_distance_pct"":{""value"":14.162480399144686,""score"":0.0},""R3_stop_distance_atr"":{""value"":2.283055268875891,""score"":100.0},""R4_rr_potential"":{""value"":0.7466295855653465,""score"":0.0},""_score"":35.25},""market"":{""M1_spy_regime"":{""score"":100.0},""M3_earnings_risk"":{""value"":null,""score"":80.0},""M4_vix"":{""value"":null,""score"":60.0},""_score"":84.0},""liquidity"":{""L1_price"":{""value"":56.12,""score"":100.0},""L2_dollar_vol"":{""value"":192428029.20451733,""score"":100.0},""L3_spread_proxy"":{""value"":0.03848895224518882,""score"":61.51104775481118},""L4_volume_zscore"":{""value"":-0.8904637349480202,""score"":100.0},""_score"":96.15},""pattern_structure"":{""left_shoulder"":49.56,""left_shoulder_idx"":76,""head"":48.9056,""head_idx"":80,""right_shoulder"":53.622,""right_shoulder_idx"":88,""left_to_head_bars"":4,""head_to_right_bars"":8,""structural_low"":48.9056,""current_price"":55.96,""neckline_distance_pct"":-0.008579342387419588,""base_bars"":12},""pattern_geometry_features"":{""head_depth_pct"":0.05205171444631818,""shoulder_price_asymmetry"":0.07873466302262018,""shoulder_time_asymmetry"":0.5,""right_shoulder_reaction"":0.7826086956521762,""atr_pct"":0.062033015986152074},""_schema_version"":""1.0""}",,,,,,,,,,
20260504T200431Z-7bad84,2026-05-04T20:04:31.798741+00:00,UUUU,high_tight_pullback,absent,54.3,80.0,47.3,50.2,51.5,36.5,37.9,77.7,84.0,93.2,9.6,16.57,5.02,4.12,5.11,3.41,0.78,5.04,4.66,False,,21.575,22.76,20.9657,26.06,"{""trend"":{""T1_ema_stack"":{""value"":[true,true,true],""score"":100.0},""T2_ema50_slope"":{""value"":0.20828031066565136,""score"":84.7133851109419},""T3_high_proximity"":{""value"":0.8795352629433346,""score"":39.767631471667286},""T4_rs_1m"":{""value"":0.12062081100113331,""score"":100},""T5_rs_3m"":{""value"":-0.005664377462332171,""score"":47.167811268833916},""T6_adr_healthy"":{""value"":7.153133717673818,""score"":100.0},""_score"":79.98},""geometry"":{""sub_pole_impulse"":31.7,""sub_flag_tightness"":46.5,""sub_flag_shallowness"":23.6,""sub_flag_drift"":76.6,""sub_flag_duration"":100.0,""_score"":47.34},""compression"":{""VC1_atr_ratio"":{""value"":0.6524604511010107,""score"":86.88488722474732},""VC2_range_contraction"":{""value"":1.0420390304808027,""score"":0},""VC3_range_pct_rank"":{""score"":61.66666666666667},""_score"":50.17},""sr_quality"":{""SR1_touches"":{""value"":3,""score"":50.0},""SR2_tightness"":{""value"":0.32484531703566244,""score"":59.76097753505538},""SR3_recency"":{""value"":228,""score"":0.0},""SR4_price_location"":{""score"":50.179531275859304},""SR5_reaction"":{""value"":2.474701492207165,""score"":100},""_score"":51.51,""_levels_found"":5,""_target_level"":23.5532},""volume"":{""V1_rvol_day"":{""value"":0.9697935356306348,""score"":31.319569042042318},""V2_rvol_sameslot"":{""value"":1.1313723112163403,""score"":42.09148741442269,""status"":""ok""},""V3_breakout_bar"":{""value"":0.9511835023656285,""score"":30.07890015770857},""V4_base_dryup"":{""value"":0.7862494194736996,""score"":71.37505805263004},""V5_bo_expansion"":{""value"":0.9697935356306348,""score"":0},""_score"":36.48},""readiness"":{""_distance_atr"":0.734,""BR1_atr_distance"":{""score"":51.07082343468654},""BR2_compression"":{""score"":0},""BR3_retest"":{""score"":50.0},""BR4_bo_age"":{""score"":50.0},""_score"":37.93},""risk"":{""R1_stop_clarity"":{""score"":60.45098013192284},""R2_stop_distance_pct"":{""value"":2.8239860950173825,""score"":100.0},""R3_stop_distance_atr"":{""value"":0.37735853230166216,""score"":43.86792661508311},""R4_rr_potential"":{""value"":7.3612079931065635,""score"":100.0},""_score"":77.74},""market"":{""M1_spy_regime"":{""score"":100.0},""M3_earnings_risk"":{""value"":null,""score"":80.0},""M4_vix"":{""value"":null,""score"":60.0},""_score"":84.0},""liquidity"":{""L1_price"":{""value"":21.575,""score"":100.0},""L2_dollar_vol"":{""value"":204541298.97244218,""score"":100.0},""L3_spread_proxy"":{""value"":0.0683661645422944,""score"":31.6338354577056},""L4_volume_zscore"":{""value"":-0.14430944488006528,""score"":100.0},""_score"":93.16},""pattern_structure"":{""pole_low"":19.46,""pole_low_idx"":36,""peak_price"":22.76,""peak_idx"":54,""pole_gain"":0.16957862281603292,""flag_bars"":5,""flag_low"":21.285,""flag_high"":22.525,""structural_low"":21.285,""current_price"":21.365,""neckline_distance_pct"":0.06529370465714969,""base_bars"":5},""pattern_geometry_features"":{""pole_gain"":0.16957862281603292,""pullback_pct"":0.06480667838312835,""flag_range_pct"":0.0544815465729349,""flag_drift_per_bar"":-0.004680552305172154,""atr_pct"":0.07483562324118524,""pole_atr_multiple"":2.266014706251642},""_schema_version"":""1.0""}",,,,,,,,,,
20260504T200431Z-7bad84,2026-05-04T20:04:31.798741+00:00,AMAT,bull_flag,absent,54.27,90.8,41.2,58.8,56.5,14.4,49.4,64.5,84.0,96.1,12.71,12.37,5.29,5.65,2.02,4.45,1.94,5.04,4.8,True,risk_unclear,391.08,400.9999,381.4905,424.9298,"{""trend"":{""T1_ema_stack"":{""value"":[true,true,true],""score"":100.0},""T2_ema50_slope"":{""value"":0.4099806780500429,""score"":100},""T3_high_proximity"":{""value"":0.9377517744101285,""score"":68.87588720506422},""T4_rs_1m"":{""value"":0.027405237247537517,""score"":77.40523724753751},""T5_rs_3m"":{""value"":0.15830846535191845,""score"":100},""T6_adr_healthy"":{""value"":2.958492725428323,""score"":100.0},""_score"":90.81},""geometry"":{""sub_pole_impulse"":19.9,""sub_flag_tightness"":42.8,""sub_flag_shallowness"":0,""sub_flag_drift"":97.0,""sub_flag_duration"":100.0,""_score"":41.22},""compression"":{""VC1_atr_ratio"":{""value"":0.5658946205471743,""score"":100},""VC2_range_contraction"":{""value"":0.8429378255864681,""score"":26.177029068921982},""VC3_range_pct_rank"":{""score"":38.33333333333333},""_score"":58.75},""sr_quality"":{""SR1_touches"":{""value"":4,""score"":75.0},""SR2_tightness"":{""value"":1.5960028195463891,""score"":76.89580955657132},""SR3_recency"":{""value"":224,""score"":0.0},""SR4_price_location"":{""score"":30.0},""SR5_reaction"":{""value"":2.7109254929777937,""score"":100},""_score"":56.53,""_levels_found"":4,""_target_level"":378.265},""volume"":{""V1_rvol_day"":{""value"":0.6328758936341377,""score"":8.858392908942509},""V2_rvol_sameslot"":{""value"":0.7082505644698697,""score"":13.88337096465798,""status"":""ok""},""V3_breakout_bar"":{""value"":0.6607626450924576,""score"":10.71750967283051},""V4_base_dryup"":{""value"":1.1393923400948334,""score"":36.060765990516664},""V5_bo_expansion"":{""value"":0.6328758936341375,""score"":0},""_score"":14.44},""readiness"":{""_distance_atr"":0.718,""BR1_atr_distance"":{""score"":52.132236030988715},""BR2_compression"":{""score"":44.292237300867825},""BR3_retest"":{""score"":50.0},""BR4_bo_age"":{""score"":50.0},""_score"":49.43},""risk"":{""R1_stop_clarity"":{""score"":15.900026781125646},""R2_stop_distance_pct"":{""value"":2.4520558453513317,""score"":100.0},""R3_stop_distance_atr"":{""value"":0.6941016379915591,""score"":59.70508189957795},""R4_rr_potential"":{""value"":3.5298816413786036,""score"":100.0},""_score"":64.52},""market"":{""M1_spy_regime"":{""score"":100.0},""M3_earnings_risk"":{""value"":null,""score"":80.0},""M4_vix"":{""value"":null,""score"":60.0},""_score"":84.0},""liquidity"":{""L1_price"":{""value"":391.08,""score"":100.0},""L2_dollar_vol"":{""value"":1391010454.8931267,""score"":100.0},""L3_spread_proxy"":{""value"":0.03925002557021594,""score"":60.74997442978406},""L4_volume_zscore"":{""value"":-1.358329812510448,""score"":100.0},""_score"":96.07},""pattern_structure"":{""pole_low"":377.07,""pole_low_idx"":39,""peak_price"":400.9999,""peak_idx"":54,""pole_gain"":0.06346275227411365,""flag_bars"":5,""flag_low"":387.3,""flag_high"":396.035,""structural_low"":387.3,""current_price"":389.46,""neckline_distance_pct"":0.02963051404508819,""base_bars"":5},""pattern_geometry_features"":{""pole_gain"":0.06346275227411365,""pullback_pct"":0.03416434767190718,""flag_range_pct"":0.021783047826196496,""flag_drift_per_bar"":-0.000594412776665245,""atr_pct"":0.035327043060243445,""pole_atr_multiple"":1.7964354436880037},""_schema_version"":""1.0""}",,,,,,,,,,
20260504T200431Z-7bad84,2026-05-04T20:04:31.798741+00:00,SMR,breakout_retest_hold,setup,53.91,31.8,80.0,39.6,45.0,5.5,67.5,65.1,84.0,95.2,4.45,17.6,2.38,6.31,0.72,12.15,3.25,4.2,2.86,True,weak_retest_trend,12.185,11.98,11.7315,12.2747,"{""trend"":{""T1_ema_stack"":{""value"":[true,false,false],""score"":33.33333333333333},""T2_ema50_slope"":{""value"":-0.3660081358902549,""score"":0},""T3_high_proximity"":{""value"":0.6814876957494408,""score"":0},""T4_rs_1m"":{""value"":0.10562046409209302,""score"":100},""T5_rs_3m"":{""value"":-0.29317526571249497,""score"":0},""T6_adr_healthy"":{""value"":9.254018870825455,""score"":68.64952822936363},""_score"":31.77},""geometry"":{""sub_retest_depth"":100.0,""sub_retest_timing"":100.0,""sub_retest_freshness"":0.0,""sub_hold_quality"":100.0,""_score"":80.0},""compression"":{""VC1_atr_ratio"":{""value"":0.8185385543876111,""score"":45.36536140309722},""VC2_range_contraction"":{""value"":1.2647086816288833,""score"":0},""VC3_range_pct_rank"":{""score"":85.83333333333334},""_score"":39.6},""sr_quality"":{""SR1_touches"":{""value"":2,""score"":25.0},""SR2_tightness"":{""value"":0.32750000000000057,""score"":50.71482317531972},""SR3_recency"":{""value"":254,""score"":0.0},""SR4_price_location"":{""score"":85.07157464212686},""SR5_reaction"":{""value"":1.1568848758465011,""score"":57.84424379232506},""_score"":45.05,""_levels_found"":8,""_target_level"":12.3675},""volume"":{""V1_rvol_day"":{""value"":0.4741260964927909,""score"":0},""V2_rvol_sameslot"":{""value"":0.6030615169747358,""score"":6.870767798315717,""status"":""ok""},""V3_breakout_bar"":{""value"":0.7482656404940079,""score"":16.551042699600526},""V4_base_dryup"":{""value"":1.8030348310770903,""score"":0},""V5_bo_expansion"":{""value"":0.4741260964927909,""score"":0},""_score"":5.51},""readiness"":{""_distance_atr"":-0.154,""BR1_atr_distance"":{""score"":100.0},""BR2_compression"":{""score"":15.957421540421699},""BR3_retest"":{""score"":95.10910458991721},""BR4_bo_age"":{""score"":30.0},""_score"":67.51},""risk"":{""R1_stop_clarity"":{""score"":82.16704288939039},""R2_stop_distance_pct"":{""value"":3.7217890849405153,""score"":100.0},""R3_stop_distance_atr"":{""value"":0.3412340105342375,""score"":42.061700526711874},""R4_rr_potential"":{""value"":0.19787620097652955,""score"":0.0},""_score"":65.07},""market"":{""M1_spy_regime"":{""score"":100.0},""M3_earnings_risk"":{""value"":null,""score"":80.0},""M4_vix"":{""value"":null,""score"":60.0},""_score"":84.0},""liquidity"":{""L1_price"":{""value"":12.185,""score"":100.0},""L2_dollar_vol"":{""value"":219740019.70028082,""score"":100.0},""L3_spread_proxy"":{""value"":0.047599507591300785,""score"":52.400492408699215},""L4_volume_zscore"":{""value"":-1.1816622284626939,""score"":100.0},""_score"":95.24},""pattern_structure"":{""level"":11.98,""level_idx"":56,""breakout_idx"":63,""bo_peak_idx"":67,""bo_peak_price"":12.51,""retest_idx"":69,""retest_low"":11.85,""structural_low"":11.85,""current_price"":12.235,""neckline_distance_pct"":-0.020841847159787416,""base_bars"":23,""bars_since_breakout"":16},""pattern_geometry_features"":{""retest_depth_atr"":0.4410714060677877,""bars_breakout_to_retest"":6.0,""bars_since_retest"":10.0,""current_above_level_atr"":0.8651785272868059,""bo_peak_excess_pct"":0.04424040066777958,""atr_pct"":0.1090685268773082},""_schema_version"":""1.0""}",,,,,,,,,,
20260504T200431Z-7bad84,2026-05-04T20:04:31.798741+00:00,ADBE,bull_flag,forming,53.79,22.5,64.9,48.1,37.0,42.9,59.7,62.7,84.0,96.6,3.15,19.48,4.33,3.7,6.0,5.37,1.88,5.04,4.83,True,risk_unclear;trend_floor,253.11,255.88,248.7125,275.48,"{""trend"":{""T1_ema_stack"":{""value"":[true,false,false],""score"":33.33333333333333},""T2_ema50_slope"":{""value"":-0.23192447148395176,""score"":11.345921419341373},""T3_high_proximity"":{""value"":0.8924264861434313,""score"":46.213243071715645},""T4_rs_1m"":{""value"":-0.05292418033665114,""score"":0},""T5_rs_3m"":{""value"":-0.16981858740602074,""score"":0},""T6_adr_healthy"":{""value"":3.483452779784124,""score"":100.0},""_score"":22.53},""geometry"":{""sub_pole_impulse"":29.5,""sub_flag_tightness"":74.8,""sub_flag_shallowness"":68.2,""sub_flag_drift"":100,""sub_flag_duration"":87.5,""_score"":64.94},""compression"":{""VC1_atr_ratio"":{""value"":0.6097159018751239,""score"":97.57102453121902},""VC2_range_contraction"":{""value"":0.9804501021013008,""score"":3.2583163164498683},""VC3_range_pct_rank"":{""score"":31.666666666666664},""_score"":48.09},""sr_quality"":{""SR1_touches"":{""value"":2,""score"":25.0},""SR2_tightness"":{""value"":0.15500000000000114,""score"":96.77960555362213},""SR3_recency"":{""value"":303,""score"":0.0},""SR4_price_location"":{""score"":8.870630797285632},""SR5_reaction"":{""value"":1.6971998150870284,""score"":84.85999075435143},""_score"":36.96,""_levels_found"":6,""_target_level"":327.595},""volume"":{""V1_rvol_day"":{""value"":0.8187629866827187,""score"":21.250865778847917},""V2_rvol_sameslot"":{""value"":1.5049771248693042,""score"":66.99847499128695,""status"":""ok""},""V3_breakout_bar"":{""value"":1.2545399018706866,""score"":50.30266012471244},""V4_base_dryup"":{""value"":0.8665599009299485,""score"":63.34400990700515},""V5_bo_expansion"":{""value"":0.8187629866827187,""score"":0},""_score"":42.89},""readiness"":{""_distance_atr"":0.288,""BR1_atr_distance"":{""score"":80.81614491082465},""BR2_compression"":{""score"":39.569425249928166},""BR3_retest"":{""score"":50.0},""BR4_bo_age"":{""score"":50.0},""_score"":59.72},""risk"":{""R1_stop_clarity"":{""score"":21.30810344738046},""R2_stop_distance_pct"":{""value"":1.7373869068784353,""score"":93.43467267196088},""R3_stop_distance_atr"":{""value"":0.4568285347724694,""score"":47.84142673862347},""R4_rr_potential"":{""value"":5.086981239340526,""score"":100.0},""_score"":62.66},""market"":{""M1_spy_regime"":{""score"":100.0},""M3_earnings_risk"":{""value"":null,""score"":80.0},""M4_vix"":{""value"":null,""score"":60.0},""_score"":84.0},""liquidity"":{""L1_price"":{""value"":253.11,""score"":100.0},""L2_dollar_vol"":{""value"":1139150836.2910535,""score"":100.0},""L3_spread_proxy"":{""value"":0.03374027102840659,""score"":66.2597289715934},""L4_volume_zscore"":{""value"":-0.6706104604244191,""score"":100.0},""_score"":96.63},""pattern_structure"":{""pole_low"":236.28,""pole_low_idx"":42,""peak_price"":255.88,""peak_idx"":55,""pole_gain"":0.08295242932114438,""flag_bars"":4,""flag_low"":252.5,""flag_high"":255.71,""structural_low"":252.5,""current_price"":254.22,""neckline_distance_pct"":0.0065297773581936775,""base_bars"":4},""pattern_geometry_features"":{""pole_gain"":0.08295242932114438,""pullback_pct"":0.013209316867281521,""flag_range_pct"":0.012544942942004096,""flag_drift_per_bar"":0.0005861065219102019,""atr_pct"":0.03803148828572559,""pole_atr_multiple"":2.1811512791172842},""_schema_version"":""1.0""}",,,,,,,,,,
20260504T200431Z-7bad84,2026-05-04T20:04:31.798741+00:00,MSFT,double_bottom,forming,53.77,61.5,74.0,28.9,33.6,22.8,33.5,57.8,84.0,97.6,9.23,18.49,2.31,4.71,2.96,2.68,3.47,5.04,4.88,True,risk_unclear,412.48,429.19,404.638,447.58,"{""trend"":{""T1_ema_stack"":{""value"":[true,true,false],""score"":66.66666666666666},""T2_ema50_slope"":{""value"":0.10105294315249432,""score"":66.84215719208238},""T3_high_proximity"":{""value"":0.9527857340848194,""score"":76.39286704240966},""T4_rs_1m"":{""value"":0.009610261009166399,""score"":59.6102610091664},""T5_rs_3m"":{""value"":-0.0582785152169909,""score"":20.86074239150455},""T6_adr_healthy"":{""value"":2.4128861720003774,""score"":100.0},""_score"":61.55},""geometry"":{""sub_low_similarity"":97.0,""sub_bounce_quality"":21.1,""sub_separation_fit"":46.7,""sub_right_bottom_reaction"":91.0,""sub_base_context"":100.0,""_score"":73.97},""compression"":{""VC1_atr_ratio"":{""value"":0.7904255183921404,""score"":52.3936204019649},""VC2_range_contraction"":{""value"":1.0336575740995715,""score"":0},""VC3_range_pct_rank"":{""score"":31.666666666666664},""_score"":28.87},""sr_quality"":{""SR1_touches"":{""value"":2,""score"":25.0},""SR2_tightness"":{""value"":1.8899999999999864,""score"":69.35898794335255},""SR3_recency"":{""value"":225,""score"":0.0},""SR4_price_location"":{""score"":8.648249288357473},""SR5_reaction"":{""value"":1.8068388747128854,""score"":90.34194373564426},""_score"":33.62,""_levels_found"":6,""_target_level"":431.81},""volume"":{""V1_rvol_day"":{""value"":0.627549143441251,""score"":8.503276229416734},""V2_rvol_sameslot"":{""value"":0.7684610633855894,""score"":17.89740422570596,""status"":""ok""},""V3_breakout_bar"":{""value"":0.7444181803217321,""score"":16.29454535478214},""V4_base_dryup"":{""value"":0.8278426613980948,""score"":67.21573386019051},""V5_bo_expansion"":{""value"":0.6275491434412512,""score"":0},""_score"":22.8},""readiness"":{""_distance_atr"":1.355,""BR1_atr_distance"":{""score"":9.698181399191867},""BR2_compression"":{""score"":48.43970444835535},""BR3_retest"":{""score"":50.0},""BR4_bo_age"":{""score"":50.0},""_score"":33.49},""risk"":{""R1_stop_clarity"":{""score"":0.1005733899141319},""R2_stop_distance_pct"":{""value"":1.9011830876648526,""score"":97.52957719162131},""R3_stop_distance_atr"":{""value"":0.6356794088577529,""score"":56.78397044288764},""R4_rr_potential"":{""value"":4.475899005355781,""score"":100.0},""_score"":57.81},""market"":{""M1_spy_regime"":{""score"":100.0},""M3_earnings_risk"":{""value"":null,""score"":80.0},""M4_vix"":{""value"":null,""score"":60.0},""_score"":84.0},""liquidity"":{""L1_price"":{""value"":412.48,""score"":100.0},""L2_dollar_vol"":{""value"":9052303313.12649,""score"":100.0},""L3_spread_proxy"":{""value"":0.024195112490302467,""score"":75.80488750969754},""L4_volume_zscore"":{""value"":-1.1870131602473377,""score"":100.0},""_score"":97.58},""pattern_structure"":{""left_low"":411.4101,""left_idx"":36,""right_low"":410.8,""right_idx"":74,""separation_bars"":38,""structural_low"":410.8,""current_price"":413.17,""neckline_distance_pct"":0.03877338625747267,""base_bars"":38},""pattern_geometry_features"":{""low_similarity_pct"":0.0014840489067210157,""bounce_pct"":0.044766309639727324,""right_bottom_reaction"":0.909819639278559,""atr_pct"":0.02990789163803611},""_schema_version"":""1.0""}",,,,,,,,,,
20260504T200431Z-7bad84,2026-05-04T20:04:31.798741+00:00,BA,double_bottom,forming,53.76,49.9,70.8,48.1,41.2,31.1,17.5,60.5,84.0,97.2,7.48,17.69,3.85,5.78,4.04,1.4,3.63,5.04,4.86,True,risk_unclear;reversal_trend_cap,221.87,236.45,217.0468,252.5479,"{""trend"":{""T1_ema_stack"":{""value"":[false,true,true],""score"":66.66666666666666},""T2_ema50_slope"":{""value"":0.13781905827324553,""score"":72.96984304554093},""T3_high_proximity"":{""value"":0.9066650320787871,""score"":53.33251603939354},""T4_rs_1m"":{""value"":-0.029316484465065074,""score"":20.683515534934926},""T5_rs_3m"":{""value"":-0.08040630363332024,""score"":9.796848183339876},""T6_adr_healthy"":{""value"":2.665315835473364,""score"":100.0},""_score"":49.87},""geometry"":{""sub_low_similarity"":92.8,""sub_bounce_quality"":61.5,""sub_separation_fit"":0.0,""sub_right_bottom_reaction"":70.7,""sub_base_context"":100.0,""_score"":70.75},""compression"":{""VC1_atr_ratio"":{""value"":0.5933671624568293,""score"":100},""VC2_range_contraction"":{""value"":1.1242113780253864,""score"":0},""VC3_range_pct_rank"":{""score"":32.49999999999999},""_score"":48.12},""sr_quality"":{""SR1_touches"":{""value"":2,""score"":25.0},""SR2_tightness"":{""value"":1.5,""score"":56.58820501530264},""SR3_recency"":{""value"":261,""score"":0.0},""SR4_price_location"":{""score"":41.06130813248738},""SR5_reaction"":{""value"":3.3687552908125156,""score"":100},""_score"":41.25,""_levels_found"":5,""_target_level"":230.46},""volume"":{""V1_rvol_day"":{""value"":0.620455215847051,""score"":8.030347723136732},""V2_rvol_sameslot"":{""value"":0.9875105665543971,""score"":32.50070443695981,""status"":""ok""},""V3_breakout_bar"":{""value"":1.2256855600073393,""score"":48.37903733382262},""V4_base_dryup"":{""value"":0.9573854462371891,""score"":54.261455376281084},""V5_bo_expansion"":{""value"":0.620455215847051,""score"":0},""_score"":31.05},""readiness"":{""_distance_atr"":2.11,""BR1_atr_distance"":{""score"":0},""BR2_compression"":{""score"":0},""BR3_retest"":{""score"":50.0},""BR4_bo_age"":{""score"":50.0},""_score"":17.5},""risk"":{""R1_stop_clarity"":{""score"":4.341198103524491},""R2_stop_distance_pct"":{""value"":2.1738772704737026,""score"":100.0},""R3_stop_distance_atr"":{""value"":0.6979432215066176,""score"":59.89716107533087},""R4_rr_potential"":{""value"":6.360511210287222,""score"":100.0},""_score"":60.5},""market"":{""M1_spy_regime"":{""score"":100.0},""M3_earnings_risk"":{""value"":null,""score"":80.0},""M4_vix"":{""value"":null,""score"":60.0},""_score"":84.0},""liquidity"":{""L1_price"":{""value"":221.87,""score"":100.0},""L2_dollar_vol"":{""value"":812546249.3702627,""score"":100.0},""L3_spread_proxy"":{""value"":0.02834993464641453,""score"":71.65006535358548},""L4_volume_zscore"":{""value"":-0.8042697900379702,""score"":100.0},""_score"":97.17},""pattern_structure"":{""left_low"":220.3521,""left_idx"":14,""right_low"":221.15,""right_idx"":59,""separation_bars"":45,""structural_low"":220.3521,""current_price"":222.0,""neckline_distance_pct"":0.06509009009009004,""base_bars"":45},""pattern_geometry_features"":{""low_similarity_pct"":0.0036144788439284817,""bounce_pct"":0.07305535095876091,""right_bottom_reaction"":0.707499999999996,""atr_pct"":0.0311469071335209},""_schema_version"":""1.0""}",,,,,,,,,,
20260504T200431Z-7bad84,2026-05-04T20:04:31.798741+00:00,APH,vcp,absent,53.72,64.6,38.2,57.7,74.2,25.8,39.7,52.0,84.0,97.3,9.69,9.56,6.93,8.91,3.35,2.78,2.6,5.04,4.87,True,risk_unclear,141.12,155.4569,140.1251,186.2338,"{""trend"":{""T1_ema_stack"":{""value"":[false,true,true],""score"":66.66666666666666},""T2_ema50_slope"":{""value"":0.271839673930527,""score"":95.3066123217545},""T3_high_proximity"":{""value"":0.9234997709573981,""score"":61.74988547869903},""T4_rs_1m"":{""value"":0.0076278532546545375,""score"":57.62785325465454},""T5_rs_3m"":{""value"":-0.0588448867682575,""score"":20.577556615871252},""T6_adr_healthy"":{""value"":3.1915727250157775,""score"":100.0},""_score"":64.6},""geometry"":{""sub_contraction_count"":100.0,""sub_reduction_rate"":0,""sub_pivot_tightness"":21.6,""sub_volume_dryup"":0,""sub_base_depth"":0.0,""sub_base_duration"":100.0,""_score"":38.24},""compression"":{""VC1_atr_ratio"":{""value"":0.4574507724064792,""score"":100},""VC2_range_contraction"":{""value"":1.0782797604972143,""score"":0},""VC3_range_pct_rank"":{""score"":70.83333333333333},""_score"":57.71},""sr_quality"":{""SR1_touches"":{""value"":7,""score"":100},""SR2_tightness"":{""value"":1.7461468133801226,""score"":33.426590939594384},""SR3_recency"":{""value"":225,""score"":0.0},""SR4_price_location"":{""score"":96.86574080220103},""SR5_reaction"":{""value"":2.0661025849810306,""score"":100},""_score"":74.23,""_levels_found"":4,""_target_level"":141.4741},""volume"":{""V1_rvol_day"":{""value"":0.7040289568157431,""score"":13.60193045438287},""V2_rvol_sameslot"":{""value"":0.830273334640229,""score"":22.0182223093486,""status"":""ok""},""V3_breakout_bar"":{""value"":0.8223714996049222,""score"":21.49143330699481},""V4_base_dryup"":{""value"":0.837171913450684,""score"":66.2828086549316},""V5_bo_expansion"":{""value"":0.7040289568157432,""score"":0},""_score"":25.75},""readiness"":{""_distance_atr"":2.733,""BR1_atr_distance"":{""score"":0},""BR2_compression"":{""score"":88.8371982150823},""BR3_retest"":{""score"":50.0},""BR4_bo_age"":{""score"":50.0},""_score"":39.71},""risk"":{""R1_stop_clarity"":{""score"":18.6437257713348},""R2_stop_distance_pct"":{""value"":0.704992205215427,""score"":67.62480513038568},""R3_stop_distance_atr"":{""value"":0.18965440238341508,""score"":34.48272011917075},""R4_rr_potential"":{""value"":45.34574347788889,""score"":100.0},""_score"":51.99},""market"":{""M1_spy_regime"":{""score"":100.0},""M3_earnings_risk"":{""value"":null,""score"":80.0},""M4_vix"":{""value"":null,""score"":60.0},""_score"":84.0},""liquidity"":{""L1_price"":{""value"":141.12,""score"":100.0},""L2_dollar_vol"":{""value"":743924124.5395882,""score"":100.0},""L3_spread_proxy"":{""value"":0.02664399092970515,""score"":73.35600907029485},""L4_volume_zscore"":{""value"":-0.9852824114352483,""score"":100.0},""_score"":97.34},""pattern_structure"":{""n_contractions"":5,""contractions_pct"":[8.85,16.19,17.17,13.57,8.49],""descending_strict"":false,""final_low"":142.259,""final_pivot"":155.4569,""structural_low"":142.259,""dry_up_ratio"":1.0321105735082214,""current_price"":141.12,""neckline_distance_pct"":0.10159367913832189,""base_bars"":78,""recent_base_height"":30.776899999999983},""pattern_geometry_features"":{""contraction_count"":5.0,""first_contraction_pct"":0.08848499651081648,""last_contraction_pct"":0.0848974860556206,""dry_up_ratio"":1.0321105735082214,""near_monotone"":0.0,""base_depth_pct"":0.007264480111654048},""_schema_version"":""1.0""}",,,,,,,,,,
20260504T200431Z-7bad84,2026-05-04T20:04:31.798741+00:00,ZETA,vcp,absent,53.69,71.6,37.4,60.6,45.2,37.4,60.1,41.1,84.0,94.9,10.74,9.34,7.28,5.42,4.87,4.21,2.06,5.04,4.75,False,,18.71,18.77,16.3844,23.175,"{""trend"":{""T1_ema_stack"":{""value"":[true,true,false],""score"":66.66666666666666},""T2_ema50_slope"":{""value"":0.0364579515432854,""score"":56.076325257214236},""T3_high_proximity"":{""value"":0.9806079664570232,""score"":90.30398322851157},""T4_rs_1m"":{""value"":0.09005502234901819,""score"":100},""T5_rs_3m"":{""value"":-0.030950337956315188,""score"":34.5248310218424},""T6_adr_healthy"":{""value"":5.28906265160348,""score"":100.0},""_score"":71.61},""geometry"":{""sub_contraction_count"":100.0,""sub_reduction_rate"":7.3,""sub_pivot_tightness"":0,""sub_volume_dryup"":0,""sub_base_depth"":5.4,""sub_base_duration"":100.0,""_score"":37.36},""compression"":{""VC1_atr_ratio"":{""value"":0.4025352721532229,""score"":100},""VC2_range_contraction"":{""value"":0.8499129799017132,""score"":25.014503349714467},""VC3_range_pct_rank"":{""score"":47.5},""_score"":60.63},""sr_quality"":{""SR1_touches"":{""value"":3,""score"":50.0},""SR2_tightness"":{""value"":0.05099019513592815,""score"":89.43693150585233},""SR3_recency"":{""value"":262,""score"":0.0},""SR4_price_location"":{""score"":7.1207430340558115},""SR5_reaction"":{""value"":3.433657388911085,""score"":100},""_score"":45.2,""_levels_found"":6,""_target_level"":19.46},""volume"":{""V1_rvol_day"":{""value"":1.2048580861196638,""score"":46.99053907464425},""V2_rvol_sameslot"":{""value"":1.4818523641851933,""score"":65.45682427901288,""status"":""ok""},""V3_breakout_bar"":{""value"":0.645211875500454,""score"":9.680791700030266},""V4_base_dryup"":{""value"":0.9765444854149343,""score"":52.34555145850657},""V5_bo_expansion"":{""value"":1.2048580861196638,""score"":13.657205741310921},""_score"":37.43},""readiness"":{""_distance_atr"":0.062,""BR1_atr_distance"":{""score"":95.8568236634558},""BR2_compression"":{""score"":16.958264721695834},""BR3_retest"":{""score"":50.0},""BR4_bo_age"":{""score"":50.0},""_score"":60.08},""risk"":{""R1_stop_clarity"":{""score"":48.31211435166666},""R2_stop_distance_pct"":{""value"":12.429762159273123,""score"":0.0},""R3_stop_distance_atr"":{""value"":2.4088515263165706,""score"":100.0},""R4_rr_potential"":{""value"":1.9199276232435485,""score"":45.99638116217742},""_score"":41.11},""market"":{""M1_spy_regime"":{""score"":100.0},""M3_earnings_risk"":{""value"":null,""score"":80.0},""M4_vix"":{""value"":null,""score"":60.0},""_score"":84.0},""liquidity"":{""L1_price"":{""value"":18.71,""score"":100.0},""L2_dollar_vol"":{""value"":188068346.51491463,""score"":100.0},""L3_spread_proxy"":{""value"":0.05077498663816137,""score"":49.22501336183863},""L4_volume_zscore"":{""value"":0.39246843020597777,""score"":100.0},""_score"":94.92},""pattern_structure"":{""n_contractions"":5,""contractions_pct"":[17.49,13.67,22.52,14.88,11.38],""descending_strict"":false,""final_low"":16.6339,""final_pivot"":18.77,""structural_low"":16.6339,""dry_up_ratio"":1.2886288191357065,""current_price"":18.71,""neckline_distance_pct"":0.0032068412613574944,""base_bars"":50,""recent_base_height"":4.404999999999999},""pattern_geometry_features"":{""contraction_count"":5.0,""first_contraction_pct"":0.17490062464508802,""last_contraction_pct"":0.11380394246137449,""dry_up_ratio"":1.2886288191357065,""near_monotone"":0.0,""base_depth_pct"":0.055428733674048776},""_schema_version"":""1.0""}",,,,,,,,,,
20260504T200431Z-7bad84,2026-05-04T20:04:31.798741+00:00,ATI,vcp,absent,53.57,65.1,38.9,60.8,44.4,39.5,37.1,75.6,84.0,97.9,9.76,9.73,7.3,5.33,5.14,2.6,3.78,5.04,4.89,False,,153.59,166.61,145.8194,197.74,"{""trend"":{""T1_ema_stack"":{""value"":[false,true,true],""score"":66.66666666666666},""T2_ema50_slope"":{""value"":0.25972521940757193,""score"":93.28753656792867},""T3_high_proximity"":{""value"":0.9229059007330851,""score"":61.452950366542524},""T4_rs_1m"":{""value"":-0.04740573468778564,""score"":2.594265312214361},""T5_rs_3m"":{""value"":0.2287559764191378,""score"":100},""T6_adr_healthy"":{""value"":4.0195136095995325,""score"":100.0},""_score"":65.06},""geometry"":{""sub_contraction_count"":100.0,""sub_reduction_rate"":0,""sub_pivot_tightness"":0,""sub_volume_dryup"":0,""sub_base_depth"":39.2,""sub_base_duration"":100.0,""_score"":38.92},""compression"":{""VC1_atr_ratio"":{""value"":0.4160798873383686,""score"":100},""VC2_range_contraction"":{""value"":1.486607546097183,""score"":0},""VC3_range_pct_rank"":{""score"":83.33333333333334},""_score"":60.83},""sr_quality"":{""SR1_touches"":{""value"":4,""score"":75.0},""SR2_tightness"":{""value"":2.0580389189408037,""score"":44.36105373449718},""SR3_recency"":{""value"":230,""score"":0.0},""SR4_price_location"":{""score"":0.9190130063358167},""SR5_reaction"":{""value"":2.4418864783812264,""score"":100},""_score"":44.38,""_levels_found"":6,""_target_level"":165.6434},""volume"":{""V1_rvol_day"":{""value"":0.4976618420396778,""score"":0},""V2_rvol_sameslot"":{""value"":1.068484715055729,""score"":37.89898100371527,""status"":""ok""},""V3_breakout_bar"":{""value"":1.6186265429578173,""score"":74.57510286385448},""V4_base_dryup"":{""value"":0.8341728188631601,""score"":66.582718113684},""V5_bo_expansion"":{""value"":0.4976618420396778,""score"":0},""_score"":39.54},""readiness"":{""_distance_atr"":1.76,""BR1_atr_distance"":{""score"":0},""BR2_compression"":{""score"":78.44113817751125},""BR3_retest"":{""score"":50.0},""BR4_bo_age"":{""score"":50.0},""_score"":37.11},""risk"":{""R1_stop_clarity"":{""score"":39.96622564321447},""R2_stop_distance_pct"":{""value"":5.059313757406082,""score"":100.0},""R3_stop_distance_atr"":{""value"":1.050388289239034,""score"":77.5194144619517},""R4_rr_potential"":{""value"":5.681671942964511,""score"":100.0},""_score"":75.62},""market"":{""M1_spy_regime"":{""score"":100.0},""M3_earnings_risk"":{""value"":null,""score"":80.0},""M4_vix"":{""value"":null,""score"":60.0},""_score"":84.0},""liquidity"":{""L1_price"":{""value"":153.59,""score"":100.0},""L2_dollar_vol"":{""value"":130898381.82821007,""score"":100.0},""L3_spread_proxy"":{""value"":0.021094472296373498,""score"":78.9055277036265},""L4_volume_zscore"":{""value"":-1.3231701042738275,""score"":100.0},""_score"":97.89},""pattern_structure"":{""n_contractions"":5,""contractions_pct"":[13.94,8.01,10.94,6.59,11.15],""descending_strict"":false,""final_low"":148.04,""final_pivot"":166.61,""structural_low"":148.04,""dry_up_ratio"":1.0142087332571614,""current_price"":153.59,""neckline_distance_pct"":0.08477114395468462,""base_bars"":30,""recent_base_height"":31.130000000000024},""pattern_geometry_features"":{""contraction_count"":5.0,""first_contraction_pct"":0.13935031376891846,""last_contraction_pct"":0.11145789568453286,""dry_up_ratio"":1.0142087332571614,""near_monotone"":0.0,""base_depth_pct"":0.08920881013904271},""_schema_version"":""1.0""}",,,,,,,,,,
20260504T200431Z-7bad84,2026-05-04T20:04:31.798741+00:00,UEC,cup_with_handle,setup,53.45,55.6,60.9,44.8,40.4,26.4,57.5,40.2,84.0,94.5,7.78,18.28,3.58,4.85,3.43,4.6,2.01,4.2,4.72,False,,14.865,14.61,12.7755,17.565,"{""trend"":{""T1_ema_stack"":{""value"":[true,true,true],""score"":100.0},""T2_ema50_slope"":{""value"":0.08594358789066656,""score"":64.3239313151111},""T3_high_proximity"":{""value"":0.8346434587310501,""score"":17.32172936552501},""T4_rs_1m"":{""value"":0.0005589512649712969,""score"":50.5589512649713},""T5_rs_3m"":{""value"":-0.12171074543836591,""score"":0},""T6_adr_healthy"":{""value"":6.4525043271356415,""score"":100.0},""_score"":55.57},""geometry"":{""sub_cup_depth"":100.0,""sub_cup_duration"":84.0,""sub_rim_symmetry"":67.3,""sub_handle_shallowness"":6.5,""sub_handle_proportion"":100.0,""sub_u_shape"":23.8,""_score"":60.93},""compression"":{""VC1_atr_ratio"":{""value"":0.7289383683417701,""score"":67.76540791455749},""VC2_range_contraction"":{""value"":1.1792713605003478,""score"":0},""VC3_range_pct_rank"":{""score"":70.83333333333333},""_score"":44.81},""sr_quality"":{""SR1_touches"":{""value"":2,""score"":25.0},""SR2_tightness"":{""value"":0.21999999999999975,""score"":58.972719522591696},""SR3_recency"":{""value"":232,""score"":0.0},""SR4_price_location"":{""score"":44.68078820644639},""SR5_reaction"":{""value"":1.718017369991474,""score"":85.9008684995737},""_score"":40.4,""_levels_found"":7,""_target_level"":15.4},""volume"":{""V1_rvol_day"":{""value"":0.8446704243798653,""score"":22.978028291991016},""V2_rvol_sameslot"":{""value"":0.8284135177525057,""score"":21.894234516833713,""status"":""ok""},""V3_breakout_bar"":{""value"":0.6982328190842623,""score"":13.21552127228415},""V4_base_dryup"":{""value"":0.7960003044593941,""score"":70.39996955406059},""V5_bo_expansion"":{""value"":0.8446704243798653,""score"":0},""_score"":26.36},""readiness"":{""_distance_atr"":-0.238,""BR1_atr_distance"":{""score"":100.0},""BR2_compression"":{""score"":0},""BR3_retest"":{""score"":50.0},""BR4_bo_age"":{""score"":50.0},""_score"":57.5},""risk"":{""R1_stop_clarity"":{""score"":63.718829923273745},""R2_stop_distance_pct"":{""value"":14.056844937773286,""score"":0.0},""R3_stop_distance_atr"":{""value"":1.948376225490195,""score"":100.0},""R4_rr_potential"":{""value"":1.2921442415831152,""score"":14.607212079155762},""_score"":40.22},""market"":{""M1_spy_regime"":{""score"":100.0},""M3_earnings_risk"":{""value"":null,""score"":80.0},""M4_vix"":{""value"":null,""score"":60.0},""_score"":84.0},""liquidity"":{""L1_price"":{""value"":14.865,""score"":100.0},""L2_dollar_vol"":{""value"":105177619.89631428,""score"":100.0},""L3_spread_proxy"":{""value"":0.05549949545913214,""score"":44.500504540867865},""L4_volume_zscore"":{""value"":-0.6228351943764044,""score"":100.0},""_score"":94.45},""pattern_structure"":{""left_rim"":14.375,""left_rim_idx"":77,""cup_bottom"":11.42,""cup_bottom_idx"":87,""right_rim"":14.61,""right_rim_idx"":161,""handle_low"":12.97,""handle_bars"":18,""cup_bars"":84,""structural_low"":12.97,""current_price"":14.865,""neckline_distance_pct"":-0.01715438950555,""base_bars"":102},""pattern_geometry_features"":{""cup_depth_pct"":0.20556521739130434,""rim_symmetry_pct"":0.016347826086956483,""handle_depth_pct"":0.11225188227241607,""handle_to_cup_ratio"":0.21428571428571427,""cup_duration_bars"":84.0,""atr_pct"":0.07214646100619865,""u_shape_score"":0.11904761904761904},""_schema_version"":""1.0""}",,,,,,,,,,
20260504T200431Z-7bad84,2026-05-04T20:04:31.798741+00:00,WWD,base_on_base,forming,53.36,53.5,55.0,49.8,50.5,23.2,32.8,76.7,84.0,96.6,9.63,13.75,4.98,5.05,2.78,2.62,3.83,5.88,4.83,False,,356.48,406.9999,333.6983,459.7399,"{""trend"":{""T1_ema_stack"":{""value"":[false,true,true],""score"":66.66666666666666},""T2_ema50_slope"":{""value"":0.11327565829798637,""score"":68.87927638299773},""T3_high_proximity"":{""value"":0.8840173589584626,""score"":42.00867947923126},""T4_rs_1m"":{""value"":-0.1360255170180873,""score"":0},""T5_rs_3m"":{""value"":0.056763757999372944,""score"":78.38187899968648},""T6_adr_healthy"":{""value"":3.4254272674293,""score"":100.0},""_score"":53.5},""geometry"":{""sub_shallower_second"":0,""sub_second_base_depth"":100.0,""sub_rim_advance"":100,""sub_dry_up"":0,""sub_second_base_duration"":100.0,""_score"":55.0},""compression"":{""VC1_atr_ratio"":{""value"":0.24932682133055475,""score"":100},""VC2_range_contraction"":{""value"":1.1547684225639547,""score"":0},""VC3_range_pct_rank"":{""score"":39.16666666666667},""_score"":49.79},""sr_quality"":{""SR1_touches"":{""value"":4,""score"":75.0},""SR2_tightness"":{""value"":2.3395225837764424,""score"":69.37043094211207},""SR3_recency"":{""value"":233,""score"":0.0},""SR4_price_location"":{""score"":12.447357355954441},""SR5_reaction"":{""value"":1.9338337370883734,""score"":96.69168685441866},""_score"":50.52,""_levels_found"":7,""_target_level"":373.9708},""volume"":{""V1_rvol_day"":{""value"":0.783015986401822,""score"":18.867732426788134},""V2_rvol_sameslot"":{""value"":0.9190284582973088,""score"":27.93523055315392,""status"":""ok""},""V3_breakout_bar"":{""value"":0.9435879383487344,""score"":29.57252922324896},""V4_base_dryup"":{""value"":1.177908605978034,""score"":32.20913940219661},""V5_bo_expansion"":{""value"":0.7830159864018219,""score"":0},""_score"":23.2},""readiness"":{""_distance_atr"":3.307,""BR1_atr_distance"":{""score"":0},""BR2_compression"":{""score"":61.07448623317554},""BR3_retest"":{""score"":50.0},""BR4_bo_age"":{""score"":50.0},""_score"":32.77},""risk"":{""R1_stop_clarity"":{""score"":33.46921198331847},""R2_stop_distance_pct"":{""value"":6.390737208258544,""score"":100.0},""R3_stop_distance_atr"":{""value"":1.491316344293872,""score"":99.5658172146936},""R4_rr_potential"":{""value"":4.532580975080865,""score"":100.0},""_score"":76.65},""market"":{""M1_spy_regime"":{""score"":100.0},""M3_earnings_risk"":{""value"":null,""score"":80.0},""M4_vix"":{""value"":null,""score"":60.0},""_score"":84.0},""liquidity"":{""L1_price"":{""value"":356.48,""score"":100.0},""L2_dollar_vol"":{""value"":239545891.78740352,""score"":100.0},""L3_spread_proxy"":{""value"":0.03363442549371636,""score"":66.36557450628364},""L4_volume_zscore"":{""value"":-0.451769457316032,""score"":100.0},""_score"":96.64},""pattern_structure"":{""first_base_low"":286.36,""first_base_top"":339.1,""first_base_bars"":20,""second_base_low"":338.78,""second_base_top"":406.9999,""second_base_bars"":44,""structural_low"":338.78,""stacking_overlap_pct"":0.0009436744323209967,""current_price"":356.48,""neckline_distance_pct"":0.14171875,""base_bars"":44},""pattern_geometry_features"":{""first_base_depth_pct"":0.15552934237688,""second_base_depth_pct"":0.16761650309987802,""second_dry_up_ratio"":1.4054919705322215,""rim_advance_pct"":0.2002356237098201,""atr_pct"":0.04285299515901513},""_schema_version"":""1.0""}",,,,,,,,,,
20260504T200431Z-7bad84,2026-05-04T20:04:31.798741+00:00,KLAC,inverse_head_shoulders,forming,53.22,79.0,58.1,44.9,42.5,27.5,23.5,74.7,84.0,70.6,9.47,16.26,3.59,5.95,3.85,1.88,4.48,4.2,3.53,False,,1707.105,1847.15,1621.31,2048.3,"{""trend"":{""T1_ema_stack"":{""value"":[false,true,true],""score"":66.66666666666666},""T2_ema50_slope"":{""value"":0.5690443930885306,""score"":100},""T3_high_proximity"":{""value"":0.8822248062015504,""score"":41.11240310077518},""T4_rs_1m"":{""value"":0.030562968362378484,""score"":80.56296836237848},""T5_rs_3m"":{""value"":0.17777015787159134,""score"":100},""T6_adr_healthy"":{""value"":3.363500866885282,""score"":100.0},""_score"":78.95},""geometry"":{""sub_head_depth"":70.7,""sub_shoulder_price_sym"":44.0,""sub_shoulder_time_sym"":0,""sub_right_shoulder_reaction"":78.7,""sub_base_context"":100.0,""_score"":58.08},""compression"":{""VC1_atr_ratio"":{""value"":0.6137248442091884,""score"":96.5687889477029},""VC2_range_contraction"":{""value"":1.0798642410959565,""score"":0},""VC3_range_pct_rank"":{""score"":25.0},""_score"":44.88},""sr_quality"":{""SR1_touches"":{""value"":2,""score"":25.0},""SR2_tightness"":{""value"":6.419499999999971,""score"":83.31515209122658},""SR3_recency"":{""value"":234,""score"":0.0},""SR4_price_location"":{""score"":30.0},""SR5_reaction"":{""value"":3.5806925976477526,""score"":100},""_score"":42.5,""_levels_found"":6,""_target_level"":1686.9305},""volume"":{""V1_rvol_day"":{""value"":0.6417159731496879,""score"":9.447731543312525},""V2_rvol_sameslot"":{""value"":1.0522474499849015,""score"":36.8164966656601,""status"":""ok""},""V3_breakout_bar"":{""value"":0.9641851268344277,""score"":30.945675122295178},""V4_base_dryup"":{""value"":0.973341304339809,""score"":52.6658695660191},""V5_bo_expansion"":{""value"":0.6417159731496878,""score"":0},""_score"":27.52},""readiness"":{""_distance_atr"":1.82,""BR1_atr_distance"":{""score"":0},""BR2_compression"":{""score"":23.831921745599505},""BR3_retest"":{""score"":50.0},""BR4_bo_age"":{""score"":50.0},""_score"":23.46},""risk"":{""R1_stop_clarity"":{""score"":35.828507692558844},""R2_stop_distance_pct"":{""value"":5.025759985472486,""score"":100.0},""R3_stop_distance_atr"":{""value"":1.1149439413764493,""score"":80.74719706882246},""R4_rr_potential"":{""value"":3.9768634535812097,""score"":100.0},""_score"":74.65},""market"":{""M1_spy_regime"":{""score"":100.0},""M3_earnings_risk"":{""value"":null,""score"":80.0},""M4_vix"":{""value"":null,""score"":60.0},""_score"":84.0},""liquidity"":{""L1_price"":{""value"":1707.105,""score"":0.0},""L2_dollar_vol"":{""value"":1012021701.6693665,""score"":100.0},""L3_spread_proxy"":{""value"":0.04355326708081819,""score"":56.446732919181805},""L4_volume_zscore"":{""value"":-1.046850041371943,""score"":100.0},""_score"":70.64},""pattern_structure"":{""left_shoulder"":1772.66,""left_shoulder_idx"":70,""head"":1646.0,""head_idx"":82,""right_shoulder"":1695.0,""right_shoulder_idx"":88,""left_to_head_bars"":12,""head_to_right_bars"":6,""structural_low"":1646.0,""current_price"":1702.43,""neckline_distance_pct"":0.08500790047167874,""base_bars"":18},""pattern_geometry_features"":{""head_depth_pct"":0.05065663877081371,""shoulder_price_asymmetry"":0.044791011806232496,""shoulder_time_asymmetry"":0.5,""right_shoulder_reaction"":0.7870490656540431,""atr_pct"":0.04507634688133248},""_schema_version"":""1.0""}",,,,,,,,,,
20260504T200431Z-7bad84,2026-05-04T20:04:31.798741+00:00,INTU,double_bottom,setup,52.98,16.8,61.2,59.1,58.9,31.0,69.5,46.2,84.0,95.4,2.52,15.3,4.73,8.25,4.03,5.56,2.77,5.04,4.77,True,reversal_trend_cap,407.11,404.21,368.3457,434.465,"{""trend"":{""T1_ema_stack"":{""value"":[true,false,false],""score"":33.33333333333333},""T2_ema50_slope"":{""value"":-0.4668461986135783,""score"":0},""T3_high_proximity"":{""value"":0.8460835047904067,""score"":23.04175239520334},""T4_rs_1m"":{""value"":-0.13125256712027444,""score"":0},""T5_rs_3m"":{""value"":-0.1968074422300733,""score"":0},""T6_adr_healthy"":{""value"":4.130195929278872,""score"":100.0},""_score"":16.79},""geometry"":{""sub_low_similarity"":67.9,""sub_bounce_quality"":72.7,""sub_separation_fit"":100.0,""sub_right_bottom_reaction"":35.4,""sub_base_context"":30.0,""_score"":61.22},""compression"":{""VC1_atr_ratio"":{""value"":0.4915138561484999,""score"":100},""VC2_range_contraction"":{""value"":0.7790183130510878,""score"":36.83028115815203},""VC3_range_pct_rank"":{""score"":25.0},""_score"":59.14},""sr_quality"":{""SR1_touches"":{""value"":3,""score"":50.0},""SR2_tightness"":{""value"":4.151197658775388,""score"":52.60687513936128},""SR3_recency"":{""value"":230,""score"":0.0},""SR4_price_location"":{""score"":84.18369995570089},""SR5_reaction"":{""value"":2.310840461997223,""score"":100},""_score"":58.94,""_levels_found"":7,""_target_level"":413.2034},""volume"":{""V1_rvol_day"":{""value"":0.5297116800645433,""score"":1.9807786709695518},""V2_rvol_sameslot"":{""value"":0.6657238658098467,""score"":11.048257720656444,""status"":""ok""},""V3_breakout_bar"":{""value"":1.2225644806020675,""score"":48.17096537347116},""V4_base_dryup"":{""value"":0.6825292366722877,""score"":81.74707633277123},""V5_bo_expansion"":{""value"":0.5297116800645433,""score"":0},""_score"":31.0},""readiness"":{""_distance_atr"":-0.166,""BR1_atr_distance"":{""score"":100.0},""BR2_compression"":{""score"":48.21531039838231},""BR3_retest"":{""score"":50.0},""BR4_bo_age"":{""score"":50.0},""_score"":69.55},""risk"":{""R1_stop_clarity"":{""score"":35.95982124654424},""R2_stop_distance_pct"":{""value"":9.52183070914496,""score"":61.95423227137602},""R3_stop_distance_atr"":{""value"":2.21281018862078,""score"":100.0},""R4_rr_potential"":{""value"":0.705674611901534,""score"":0.0},""_score"":46.17},""market"":{""M1_spy_regime"":{""score"":100.0},""M3_earnings_risk"":{""value"":null,""score"":80.0},""M4_vix"":{""value"":null,""score"":60.0},""_score"":84.0},""liquidity"":{""L1_price"":{""value"":407.11,""score"":100.0},""L2_dollar_vol"":{""value"":707733331.2473166,""score"":100.0},""L3_spread_proxy"":{""value"":0.04605634840706443,""score"":53.94365159293557},""L4_volume_zscore"":{""value"":-0.9316401015402117,""score"":100.0},""_score"":95.39},""pattern_structure"":{""left_low"":373.955,""left_idx"":35,""right_low"":380.0,""right_idx"":62,""separation_bars"":27,""structural_low"":373.955,""current_price"":407.375,""neckline_distance_pct"":-0.007769254372506954,""base_bars"":27},""pattern_geometry_features"":{""low_similarity_pct"":0.016035439780888824,""bounce_pct"":0.08090545653888837,""right_bottom_reaction"":0.35381565906838475,""atr_pct"":0.043030490179909245},""_schema_version"":""1.0""}",,,,,,,,,,
20260504T200431Z-7bad84,2026-05-04T20:04:31.798741+00:00,GSAT,double_bottom,absent,52.87,80.0,43.8,97.9,41.9,7.1,32.9,47.9,84.0,94.7,12.0,10.96,7.83,5.87,0.92,2.63,2.87,5.04,4.73,True,risk_unclear,81.51,82.55,78.4257,85.48,"{""trend"":{""T1_ema_stack"":{""value"":[true,true,true],""score"":100.0},""T2_ema50_slope"":{""value"":0.6238035391071416,""score"":100},""T3_high_proximity"":{""value"":0.990400972053463,""score"":95.20048602673148},""T4_rs_1m"":{""value"":-0.0462422741092976,""score"":3.757725890702403},""T5_rs_3m"":{""value"":0.3085098065040299,""score"":100},""T6_adr_healthy"":{""value"":2.236402946363701,""score"":100.0},""_score"":80.03},""geometry"":{""sub_low_similarity"":63.4,""sub_bounce_quality"":9.7,""sub_separation_fit"":0.0,""sub_right_bottom_reaction"":19.2,""sub_base_context"":100.0,""_score"":43.84},""compression"":{""VC1_atr_ratio"":{""value"":0.12123871333546964,""score"":100},""VC2_range_contraction"":{""value"":0.23772802319880532,""score"":100},""VC3_range_pct_rank"":{""score"":91.66666666666666},""_score"":97.92},""sr_quality"":{""SR1_touches"":{""value"":2,""score"":25.0},""SR2_tightness"":{""value"":0.11499999999999488,""score"":79.58275780382596},""SR3_recency"":{""value"":248,""score"":0.0},""SR4_price_location"":{""score"":30.0},""SR5_reaction"":{""value"":15.113197756081677,""score"":100},""_score"":41.94,""_levels_found"":6,""_target_level"":74.765},""volume"":{""V1_rvol_day"":{""value"":0.3759301459840743,""score"":0},""V2_rvol_sameslot"":{""value"":0.6112141143713246,""score"":7.414274291421637,""status"":""ok""},""V3_breakout_bar"":{""value"":0.8359252338876455,""score"":22.3950155925097},""V4_base_dryup"":{""value"":2.3621957283405224,""score"":0},""V5_bo_expansion"":{""value"":0.3759301459840743,""score"":0},""_score"":7.08},""readiness"":{""_distance_atr"":0.923,""BR1_atr_distance"":{""score"":38.452371350661494},""BR2_compression"":{""score"":0},""BR3_retest"":{""score"":50.0},""BR4_bo_age"":{""score"":50.0},""_score"":32.88},""risk"":{""R1_stop_clarity"":{""score"":0},""R2_stop_distance_pct"":{""value"":3.7839528892160454,""score"":100.0},""R3_stop_distance_atr"":{""value"":2.7379521785070597,""score"":100.0},""R4_rr_potential"":{""value"":1.2871640242518516,""score"":14.358201212592581},""_score"":47.87},""market"":{""M1_spy_regime"":{""score"":100.0},""M3_earnings_risk"":{""value"":null,""score"":80.0},""M4_vix"":{""value"":null,""score"":60.0},""_score"":84.0},""liquidity"":{""L1_price"":{""value"":81.51,""score"":100.0},""L2_dollar_vol"":{""value"":64047489.21321894,""score"":90.32510546108657},""L3_spread_proxy"":{""value"":0.014476751318856665,""score"":85.52324868114334},""L4_volume_zscore"":{""value"":-0.5084463823349888,""score"":100.0},""_score"":94.68},""pattern_structure"":{""left_low"":79.62,""left_idx"":16,""right_low"":81.09,""right_idx"":62,""separation_bars"":46,""structural_low"":79.62,""current_price"":81.795,""neckline_distance_pct"":0.009230393055810202,""base_bars"":46},""pattern_geometry_features"":{""low_similarity_pct"":0.01829382116856448,""bounce_pct"":0.03679979904546587,""right_bottom_reaction"":0.19178082191780982,""atr_pct"":0.013820376115112956},""_schema_version"":""1.0""}",,,,,,,,,,
20260504T200431Z-7bad84,2026-05-04T20:04:31.798741+00:00,RKLB,bull_flag,absent,52.83,88.2,34.6,49.1,56.3,26.5,48.1,77.4,84.0,93.0,12.36,10.38,4.42,5.63,3.71,4.33,2.32,5.04,4.65,False,,80.345,83.79,75.1063,93.59,"{""trend"":{""T1_ema_stack"":{""value"":[true,true,true],""score"":100.0},""T2_ema50_slope"":{""value"":0.41303915168920946,""score"":100},""T3_high_proximity"":{""value"":0.8923256330519769,""score"":46.16281652598842},""T4_rs_1m"":{""value"":0.09138209805016606,""score"":100},""T5_rs_3m"":{""value"":0.05099053079026428,""score"":75.49526539513214},""T6_adr_healthy"":{""value"":6.717434640082537,""score"":100.0},""_score"":88.25},""geometry"":{""sub_pole_impulse"":18.5,""sub_flag_tightness"":16.2,""sub_flag_shallowness"":0,""sub_flag_drift"":100,""sub_flag_duration"":100.0,""_score"":34.6},""compression"":{""VC1_atr_ratio"":{""value"":0.64852519379612,""score"":87.86870155097},""VC2_range_contraction"":{""value"":0.9960233185011987,""score"":0.66278024980021},""VC3_range_pct_rank"":{""score"":55.00000000000001},""_score"":49.13},""sr_quality"":{""SR1_touches"":{""value"":4,""score"":75.0},""SR2_tightness"":{""value"":0.7635239027037725,""score"":75.03777927994383},""SR3_recency"":{""value"":254,""score"":0.0},""SR4_price_location"":{""score"":30.0},""SR5_reaction"":{""value"":2.08747596156653,""score"":100},""_score"":56.26,""_levels_found"":5,""_target_level"":79.1775},""volume"":{""V1_rvol_day"":{""value"":0.674656849426725,""score"":11.643789961781666},""V2_rvol_sameslot"":{""value"":0.8738572232232438,""score"":24.923814881549585,""status"":""ok""},""V3_breakout_bar"":{""value"":0.8254496393122507,""score"":21.69664262081671},""V4_base_dryup"":{""value"":0.811610018496043,""score"":68.8389981503957},""V5_bo_expansion"":{""value"":0.674656849426725,""score"":0},""_score"":26.51},""readiness"":{""_distance_atr"":0.563,""BR1_atr_distance"":{""score"":62.45703634770708},""BR2_compression"":{""score"":22.392407196013338},""BR3_retest"":{""score"":50.0},""BR4_bo_age"":{""score"":50.0},""_score"":48.08},""risk"":{""R1_stop_clarity"":{""score"":62.606881267945},""R2_stop_distance_pct"":{""value"":6.5203186259256904,""score"":100.0},""R3_stop_distance_atr"":{""value"":0.8563637191587038,""score"":67.81818595793519},""R4_rr_potential"":{""value"":2.528274874731573,""score"":76.41374373657865},""_score"":77.37},""market"":{""M1_spy_regime"":{""score"":100.0},""M3_earnings_risk"":{""value"":null,""score"":80.0},""M4_vix"":{""value"":null,""score"":60.0},""_score"":84.0},""liquidity"":{""L1_price"":{""value"":80.345,""score"":100.0},""L2_dollar_vol"":{""value"":1198352022.8213518,""score"":100.0},""L3_spread_proxy"":{""value"":0.06948783371709501,""score"":30.512166282905},""L4_volume_zscore"":{""value"":-1.1619416494145234,""score"":100.0},""_score"":93.05},""pattern_structure"":{""pole_low"":73.99,""pole_low_idx"":36,""peak_price"":83.79,""peak_idx"":48,""pole_gain"":0.13245033112582796,""flag_bars"":11,""flag_low"":76.25,""flag_high"":81.833,""structural_low"":76.25,""current_price"":80.18,""neckline_distance_pct"":0.04502369668246444,""base_bars"":11},""pattern_geometry_features"":{""pole_gain"":0.13245033112582796,""pullback_pct"":0.08998687194175922,""flag_range_pct"":0.06663086287146436,""flag_drift_per_bar"":0.000986133472414365,""atr_pct"":0.0761395944276024,""pole_atr_multiple"":1.739572322673308},""_schema_version"":""1.0""}",,,,,,,,,,
20260504T200431Z-7bad84,2026-05-04T20:04:31.798741+00:00,BHP,ascending_triangle,absent,52.82,78.2,48.2,58.7,37.4,31.8,17.5,63.4,84.0,97.5,11.74,13.49,4.7,5.23,3.82,1.4,2.53,5.04,4.88,True,risk_unclear,77.87,80.78,75.7859,84.62,"{""trend"":{""T1_ema_stack"":{""value"":[true,true,true],""score"":100.0},""T2_ema50_slope"":{""value"":0.30331654160363664,""score"":100},""T3_high_proximity"":{""value"":0.9380797494277798,""score"":69.03987471388989},""T4_rs_1m"":{""value"":-0.03165532533627924,""score"":18.34467466372076},""T5_rs_3m"":{""value"":0.08965147725010425,""score"":94.82573862505213},""T6_adr_healthy"":{""value"":1.7407564598497713,""score"":100.0},""_score"":78.25},""geometry"":{""sub_flat_top_quality"":100,""sub_hl_slope"":9.1,""sub_compression"":1.8,""sub_duration"":100.0,""_score"":48.18},""compression"":{""VC1_atr_ratio"":{""value"":0.5119461725167187,""score"":100},""VC2_range_contraction"":{""value"":0.8615527740003024,""score"":23.07453766661627},""VC3_range_pct_rank"":{""score"":42.50000000000001},""_score"":58.7},""sr_quality"":{""SR1_touches"":{""value"":2,""score"":25.0},""SR2_tightness"":{""value"":0.240000000000002,""score"":70.46153846153824},""SR3_recency"":{""value"":228,""score"":0.0},""SR4_price_location"":{""score"":17.105263157894836},""SR5_reaction"":{""value"":2.3384615384615395,""score"":100},""_score"":37.35,""_levels_found"":8,""_target_level"":81.02},""volume"":{""V1_rvol_day"":{""value"":0.5110626097391815,""score"":0.7375073159454331},""V2_rvol_sameslot"":{""value"":0.7627016530322602,""score"":17.513443535484015,""status"":""ok""},""V3_breakout_bar"":{""value"":1.1184272412284606,""score"":41.22848274856404},""V4_base_dryup"":{""value"":0.6076886968949234,""score"":89.23113031050765},""V5_bo_expansion"":{""value"":0.5110626097391815,""score"":0},""_score"":31.8},""readiness"":{""_distance_atr"":1.791,""BR1_atr_distance"":{""score"":0},""BR2_compression"":{""score"":0},""BR3_retest"":{""score"":50.0},""BR4_bo_age"":{""score"":50.0},""_score"":17.5},""risk"":{""R1_stop_clarity"":{""score"":0},""R2_stop_distance_pct"":{""value"":2.6763837164505024,""score"":100.0},""R3_stop_distance_atr"":{""value"":1.28252307692308,""score"":89.126153846154},""R4_rr_potential"":{""value"":3.2388081186123405,""score"":100.0},""_score"":63.37},""market"":{""M1_spy_regime"":{""score"":100.0},""M3_earnings_risk"":{""value"":null,""score"":80.0},""M4_vix"":{""value"":null,""score"":60.0},""_score"":84.0},""liquidity"":{""L1_price"":{""value"":77.87,""score"":100.0},""L2_dollar_vol"":{""value"":94146237.7743524,""score"":98.69014848184827},""L3_spread_proxy"":{""value"":0.01939129318094266,""score"":80.60870681905735},""L4_volume_zscore"":{""value"":-2.137441776960355,""score"":100.0},""_score"":97.54},""pattern_structure"":{""top"":80.78,""top_touches"":4,""low_slope_per_bar"":0.020945529290852756,""lowest_low"":76.94,""structural_low"":76.94,""current_price"":77.84,""neckline_distance_pct"":0.03776978417266184,""base_bars"":25},""pattern_geometry_features"":{""top_touches"":4.0,""low_slope"":0.020945529290852756,""compression"":0.008993314300828281,""atr_pct"":0.020868113522537576},""_schema_version"":""1.0""}",,,,,,,,,,
20260504T200431Z-7bad84,2026-05-04T20:04:31.798741+00:00,FTNT,vcp,setup,52.77,68.4,41.6,54.0,58.4,34.5,50.6,15.2,84.0,96.2,10.25,10.41,6.47,7.0,4.48,3.54,0.76,5.04,4.81,True,risk_unclear;stop_too_wide,89.2,86.14,74.8741,100.43,"{""trend"":{""T1_ema_stack"":{""value"":[true,true,false],""score"":66.66666666666666},""T2_ema50_slope"":{""value"":0.06430085589382559,""score"":60.7168093156376},""T3_high_proximity"":{""value"":1.0,""score"":99.99999999999997},""T4_rs_1m"":{""value"":-0.014053050659073918,""score"":35.94694934092608},""T5_rs_3m"":{""value"":0.06474960801658458,""score"":82.37480400829229},""T6_adr_healthy"":{""value"":3.389363977326021,""score"":100.0},""_score"":68.36},""geometry"":{""sub_contraction_count"":100.0,""sub_reduction_rate"":0,""sub_pivot_tightness"":0,""sub_volume_dryup"":44.2,""sub_base_depth"":0.0,""sub_base_duration"":100.0,""_score"":41.63},""compression"":{""VC1_atr_ratio"":{""value"":0.608987436589183,""score"":97.75314085270426},""VC2_range_contraction"":{""value"":0.8489905283874656,""score"":25.16824526875574},""VC3_range_pct_rank"":{""score"":24.16666666666667},""_score"":53.95},""sr_quality"":{""SR1_touches"":{""value"":6,""score"":100},""SR2_tightness"":{""value"":0.8804185399885411,""score"":39.02541678804054},""SR3_recency"":{""value"":225,""score"":0.0},""SR4_price_location"":{""score"":30.0},""SR5_reaction"":{""value"":2.454493872048876,""score"":100},""_score"":58.35,""_levels_found"":5,""_target_level"":86.6342},""volume"":{""V1_rvol_day"":{""value"":0.6470843451698264,""score"":9.805623011321758},""V2_rvol_sameslot"":{""value"":1.1550879439339632,""score"":43.672529595597545,""status"":""ok""},""V3_breakout_bar"":{""value"":1.3849207637270355,""score"":58.99471758180237},""V4_base_dryup"":{""value"":1.047889615774382,""score"":45.2110384225618},""V5_bo_expansion"":{""value"":0.6470843451698263,""score"":0},""_score"":34.49},""readiness"":{""_distance_atr"":-1.06,""BR1_atr_distance"":{""score"":38.807553890104984},""BR2_compression"":{""score"":70.20086903402472},""BR3_retest"":{""score"":50.0},""BR4_bo_age"":{""score"":50.0},""_score"":50.57},""risk"":{""R1_stop_clarity"":{""score"":21.03289429748088},""R2_stop_distance_pct"":{""value"":16.060442264573986,""score"":0.0},""R3_stop_distance_atr"":{""value"":4.960803447977342,""score"":51.959827601132915},""R4_rr_potential"":{""value"":0.7838941102154416,""score"":0.0},""_score"":15.16},""market"":{""M1_spy_regime"":{""score"":100.0},""M3_earnings_risk"":{""value"":null,""score"":80.0},""M4_vix"":{""value"":null,""score"":60.0},""_score"":84.0},""liquidity"":{""L1_price"":{""value"":89.2,""score"":100.0},""L2_dollar_vol"":{""value"":319405412.3567128,""score"":100.0},""L3_spread_proxy"":{""value"":0.03811210762331846,""score"":61.88789237668154},""L4_volume_zscore"":{""value"":-1.0226574667726755,""score"":100.0},""_score"":96.19},""pattern_structure"":{""n_contractions"":5,""contractions_pct"":[7.74,9.16,16.13,11.58,11.75],""descending_strict"":false,""final_low"":76.0143,""final_pivot"":86.14,""structural_low"":76.0143,""dry_up_ratio"":0.7790113218636533,""current_price"":89.2,""neckline_distance_pct"":-0.034304932735426036,""base_bars"":60,""recent_base_height"":14.289999999999992},""pattern_geometry_features"":{""contraction_count"":5.0,""first_contraction_pct"":0.07739588559959862,""last_contraction_pct"":0.11754933828651028,""dry_up_ratio"":0.7790113218636533,""near_monotone"":0.0,""base_depth_pct"":0.04648394380331151},""_schema_version"":""1.0""}",,,,,,,,,,
20260504T200431Z-7bad84,2026-05-04T20:04:31.798741+00:00,OMER,bull_flag,absent,52.64,98.7,29.7,72.2,46.7,26.1,45.2,70.1,84.0,78.0,13.81,8.9,6.49,4.67,3.65,4.07,2.1,5.04,3.9,False,,14.79,15.32,14.4795,16.344,"{""trend"":{""T1_ema_stack"":{""value"":[true,true,true],""score"":100.0},""T2_ema50_slope"":{""value"":0.43803373667095147,""score"":100},""T3_high_proximity"":{""value"":0.9820717131474103,""score"":91.0358565737051},""T4_rs_1m"":{""value"":0.2620085871996085,""score"":100},""T5_rs_3m"":{""value"":0.22938905881780736,""score"":100},""T6_adr_healthy"":{""value"":4.892152498935469,""score"":100.0},""_score"":98.66},""geometry"":{""sub_pole_impulse"":12.8,""sub_flag_tightness"":16.5,""sub_flag_shallowness"":0,""sub_flag_drift"":78.1,""sub_flag_duration"":100.0,""_score"":29.68},""compression"":{""VC1_atr_ratio"":{""value"":0.4201693749435886,""score"":100},""VC2_range_contraction"":{""value"":0.8023080564937837,""score"":32.94865725103605},""VC3_range_pct_rank"":{""score"":82.5},""_score"":72.16},""sr_quality"":{""SR1_touches"":{""value"":2,""score"":25.0},""SR2_tightness"":{""value"":0.009999999999999787,""score"":97.14835674057181},""SR3_recency"":{""value"":304,""score"":0.0},""SR4_price_location"":{""score"":38.511326860841415},""SR5_reaction"":{""value"":6.352035360376414,""score"":100},""_score"":46.7,""_levels_found"":8,""_target_level"":17.64},""volume"":{""V1_rvol_day"":{""value"":0.7272405008734186,""score"":15.149366724894575},""V2_rvol_sameslot"":{""value"":1.0075918816922214,""score"":33.839458779481426,""status"":""ok""},""V3_breakout_bar"":{""value"":0.884351564263255,""score"":25.623437617550334},""V4_base_dryup"":{""value"":1.0064840887208726,""score"":49.35159112791274},""V5_bo_expansion"":{""value"":0.7272405008734186,""score"":0},""_score"":26.07},""readiness"":{""_distance_atr"":0.756,""BR1_atr_distance"":{""score"":49.62096908343424},""BR2_compression"":{""score"":31.4489168063812},""BR3_retest"":{""score"":50.0},""BR4_bo_age"":{""score"":50.0},""_score"":45.21},""risk"":{""R1_stop_clarity"":{""score"":37.121266129607356},""R2_stop_distance_pct"":{""value"":2.0993914807302185,""score"":100.0},""R3_stop_distance_atr"":{""value"":0.442717616026234,""score"":47.1358808013117},""R4_rr_potential"":{""value"":5.004830917874414,""score"":100.0},""_score"":70.06},""market"":{""M1_spy_regime"":{""score"":100.0},""M3_earnings_risk"":{""value"":null,""score"":80.0},""M4_vix"":{""value"":null,""score"":60.0},""_score"":84.0},""liquidity"":{""L1_price"":{""value"":14.79,""score"":100.0},""L2_dollar_vol"":{""value"":12309360.21847839,""score"":54.51177404865728},""L3_spread_proxy"":{""value"":0.037863421230561224,""score"":62.13657876943878},""L4_volume_zscore"":{""value"":-0.8505447717697708,""score"":100.0},""_score"":78.02},""pattern_structure"":{""pole_low"":14.296,""pole_low_idx"":32,""peak_price"":15.32,""peak_idx"":53,""pole_gain"":0.0716284275321769,""flag_bars"":6,""flag_low"":14.7,""flag_high"":15.25,""structural_low"":14.7,""current_price"":14.755,""neckline_distance_pct"":0.03829210437139949,""base_bars"":6},""pattern_geometry_features"":{""pole_gain"":0.0716284275321769,""pullback_pct"":0.04046997389033949,""flag_range_pct"":0.03590078328981728,""flag_drift_per_bar"":-0.004385922447596428,""atr_pct"":0.047420554428668035,""pole_atr_multiple"":1.5104932532984898},""_schema_version"":""1.0""}",,,,,,,,,,
20260504T200431Z-7bad84,2026-05-04T20:04:31.798741+00:00,CRS,vcp,absent,52.64,84.9,38.3,60.4,39.5,15.9,38.1,74.2,84.0,97.3,12.73,9.57,7.25,4.73,2.07,2.67,3.71,5.04,4.86,False,,426.85,459.18,408.9818,552.98,"{""trend"":{""T1_ema_stack"":{""value"":[true,true,true],""score"":100.0},""T2_ema50_slope"":{""value"":0.3701492421370905,""score"":100},""T3_high_proximity"":{""value"":0.9439198602419231,""score"":71.95993012096153},""T4_rs_1m"":{""value"":-0.004606253153866202,""score"":45.393746846133794},""T5_rs_3m"":{""value"":0.33849688959425506,""score"":100},""T6_adr_healthy"":{""value"":4.1820942703949395,""score"":100.0},""_score"":84.87},""geometry"":{""sub_contraction_count"":100.0,""sub_reduction_rate"":9.6,""sub_pivot_tightness"":6.0,""sub_volume_dryup"":0,""sub_base_depth"":0.0,""sub_base_duration"":100.0,""_score"":38.3},""compression"":{""VC1_atr_ratio"":{""value"":0.37621878565918154,""score"":100},""VC2_range_contraction"":{""value"":1.2025793379605985,""score"":0},""VC3_range_pct_rank"":{""score"":81.66666666666667},""_score"":60.42},""sr_quality"":{""SR1_touches"":{""value"":2,""score"":25.0},""SR2_tightness"":{""value"":3.759999999999991,""score"":63.67807764293918},""SR3_recency"":{""value"":224,""score"":0.0},""SR4_price_location"":{""score"":40.35684386504472},""SR5_reaction"":{""value"":1.6417315703676871,""score"":82.08657851838436},""_score"":39.45,""_levels_found"":8,""_target_level"":446.24},""volume"":{""V1_rvol_day"":{""value"":0.4417965552835263,""score"":0},""V2_rvol_sameslot"":{""value"":0.5503107286435289,""score"":3.3540485762352614,""status"":""ok""},""V3_breakout_bar"":{""value"":0.927293688606758,""score"":28.486245907117198},""V4_base_dryup"":{""value"":1.0924525333843262,""score"":40.754746661567374},""V5_bo_expansion"":{""value"":0.4417965552835263,""score"":0},""_score"":15.94},""readiness"":{""_distance_atr"":1.562,""BR1_atr_distance"":{""score"":0},""BR2_compression"":{""score"":82.31814045700996},""BR3_retest"":{""score"":50.0},""BR4_bo_age"":{""score"":50.0},""_score"":38.08},""risk"":{""R1_stop_clarity"":{""score"":39.835537040390975},""R2_stop_distance_pct"":{""value"":4.186048963336083,""score"":100.0},""R3_stop_distance_atr"":{""value"":0.8630393044738305,""score"":68.15196522369152},""R4_rr_potential"":{""value"":7.058928876240657,""score"":100.0},""_score"":74.17},""market"":{""M1_spy_regime"":{""score"":100.0},""M3_earnings_risk"":{""value"":null,""score"":80.0},""M4_vix"":{""value"":null,""score"":60.0},""_score"":84.0},""liquidity"":{""L1_price"":{""value"":426.85,""score"":100.0},""L2_dollar_vol"":{""value"":133427609.56295215,""score"":100.0},""L3_spread_proxy"":{""value"":0.02717582288860247,""score"":72.82417711139753},""L4_volume_zscore"":{""value"":-1.2356079425281663,""score"":100.0},""_score"":97.28},""pattern_structure"":{""n_contractions"":5,""contractions_pct"":[14.09,8.87,10.65,7.55,9.58],""descending_strict"":false,""final_low"":415.21,""final_pivot"":459.18,""structural_low"":415.21,""dry_up_ratio"":1.002936666763698,""current_price"":426.85,""neckline_distance_pct"":0.07574089258521725,""base_bars"":30,""recent_base_height"":93.80000000000001},""pattern_geometry_features"":{""contraction_count"":5.0,""first_contraction_pct"":0.1408703948334067,""last_contraction_pct"":0.09575765495012854,""dry_up_ratio"":1.002936666763698,""near_monotone"":0.0,""base_depth_pct"":-0.015729732374382327},""_schema_version"":""1.0""}",,,,,,,,,,
20260504T200431Z-7bad84,2026-05-04T20:04:31.798741+00:00,CRML,high_tight_pullback,forming,52.62,78.1,53.0,13.1,55.9,31.4,46.3,81.4,84.0,90.0,9.37,18.55,1.31,4.47,4.39,4.17,0.81,5.04,4.5,False,,13.055,13.96,12.805,16.87,"{""trend"":{""T1_ema_stack"":{""value"":[true,true,true],""score"":100.0},""T2_ema50_slope"":{""value"":0.357292440366488,""score"":100},""T3_high_proximity"":{""value"":0.8622853368560105,""score"":31.142668428005226},""T4_rs_1m"":{""value"":0.459294519921321,""score"":100},""T5_rs_3m"":{""value"":0.004377740988770418,""score"":52.188870494385206},""T6_adr_healthy"":{""value"":11.507951918946416,""score"":12.301202026339597},""_score"":78.11},""geometry"":{""sub_pole_impulse"":23.9,""sub_flag_tightness"":58.7,""sub_flag_shallowness"":47.8,""sub_flag_drift"":77.3,""sub_flag_duration"":100.0,""_score"":53.0},""compression"":{""VC1_atr_ratio"":{""value"":1.1503880222470992,""score"":0},""VC2_range_contraction"":{""value"":1.1610731306849993,""score"":0},""VC3_range_pct_rank"":{""score"":52.5},""_score"":13.12},""sr_quality"":{""SR1_touches"":{""value"":3,""score"":50.0},""SR2_tightness"":{""value"":0.3630977860332145,""score"":58.662890749104456},""SR3_recency"":{""value"":226,""score"":0.0},""SR4_price_location"":{""score"":68.36764077102298},""SR5_reaction"":{""value"":2.6943284528780587,""score"":100},""_score"":55.89,""_levels_found"":4,""_target_level"":14.2634},""volume"":{""V1_rvol_day"":{""value"":1.1659440878342908,""score"":44.396272522286054},""V2_rvol_sameslot"":{""value"":1.111163831065093,""score"":40.74425540433954,""status"":""ok""},""V3_breakout_bar"":{""value"":0.5713110843280346,""score"":4.754072288535638},""V4_base_dryup"":{""value"":0.9255951569693609,""score"":57.44048430306391},""V5_bo_expansion"":{""value"":1.1659440878342908,""score"":11.06293918895272},""_score"":31.36},""readiness"":{""_distance_atr"":0.515,""BR1_atr_distance"":{""score"":65.6565574425926},""BR2_compression"":{""score"":10.148857150086325},""BR3_retest"":{""score"":50.0},""BR4_bo_age"":{""score"":50.0},""_score"":46.3},""risk"":{""R1_stop_clarity"":{""score"":77.80009514244935},""R2_stop_distance_pct"":{""value"":1.9149751053236308,""score"":97.87437763309077},""R3_stop_distance_atr"":{""value"":0.1423070824201962,""score"":32.11535412100981},""R4_rr_potential"":{""value"":15.260000000000005,""score"":100.0},""_score"":81.41},""market"":{""M1_spy_regime"":{""score"":100.0},""M3_earnings_risk"":{""value"":null,""score"":80.0},""M4_vix"":{""value"":null,""score"":60.0},""_score"":84.0},""liquidity"":{""L1_price"":{""value"":13.055,""score"":100.0},""L2_dollar_vol"":{""value"":295748637.60369176,""score"":100.0},""L3_spread_proxy"":{""value"":0.10187667560321717,""score"":0},""L4_volume_zscore"":{""value"":0.19722923051917102,""score"":100.0},""_score"":90.0},""pattern_structure"":{""pole_low"":11.05,""pole_low_idx"":36,""peak_price"":13.96,""peak_idx"":54,""pole_gain"":0.26334841628959277,""flag_bars"":5,""flag_low"":13.0,""flag_high"":13.91,""structural_low"":13.0,""current_price"":13.225,""neckline_distance_pct"":0.055576559546313894,""base_bars"":5},""pattern_geometry_features"":{""pole_gain"":0.26334841628959277,""pullback_pct"":0.06876790830945564,""flag_range_pct"":0.06518624641833812,""flag_drift_per_bar"":-0.00453232514177706,""atr_pct"":0.1345663949225803,""pole_atr_multiple"":1.9570147245239369},""_schema_version"":""1.0""}",,,,,,,,,,
20260504T200431Z-7bad84,2026-05-04T20:04:31.798741+00:00,SNPS,ascending_triangle,absent,52.59,85.2,35.1,52.3,38.1,32.2,57.2,52.8,84.0,97.6,12.77,9.84,4.18,5.33,3.86,4.58,2.11,5.04,4.88,True,risk_unclear,499.64,502.28,464.5457,532.94,"{""trend"":{""T1_ema_stack"":{""value"":[true,true,false],""score"":66.66666666666666},""T2_ema50_slope"":{""value"":0.20328776991450329,""score"":83.88129498575054},""T3_high_proximity"":{""value"":0.9976438640629368,""score"":98.82193203146838},""T4_rs_1m"":{""value"":0.16700435281267945,""score"":100},""T5_rs_3m"":{""value"":0.058622770477992026,""score"":79.31138523899601},""T6_adr_healthy"":{""value"":3.3934209979312855,""score"":100.0},""_score"":85.16},""geometry"":{""sub_flat_top_quality"":66.7,""sub_hl_slope"":0.4,""sub_compression"":0,""sub_duration"":100.0,""_score"":35.13},""compression"":{""VC1_atr_ratio"":{""value"":0.7324793909786758,""score"":66.88015225533105},""VC2_range_contraction"":{""value"":0.8940181392021285,""score"":17.663643466311925},""VC3_range_pct_rank"":{""score"":77.5},""_score"":52.31},""sr_quality"":{""SR1_touches"":{""value"":2,""score"":25.0},""SR2_tightness"":{""value"":0.8400000000000034,""score"":90.77051666663392},""SR3_recency"":{""value"":311,""score"":0.0},""SR4_price_location"":{""score"":30.0},""SR5_reaction"":{""value"":1.2586158521870003,""score"":62.930792609350014},""_score"":38.06,""_levels_found"":4,""_target_level"":483.07},""volume"":{""V1_rvol_day"":{""value"":0.6452652212406375,""score"":9.684348082709164},""V2_rvol_sameslot"":{""value"":0.8781514593574171,""score"":25.210097290494478,""status"":""ok""},""V3_breakout_bar"":{""value"":1.0981700759900115,""score"":39.87800506600077},""V4_base_dryup"":{""value"":0.7382747161898382,""score"":76.17252838101618},""V5_bo_expansion"":{""value"":0.6452652212406375,""score"":0},""_score"":32.18},""readiness"":{""_distance_atr"":0.145,""BR1_atr_distance"":{""score"":90.33101746028325},""BR2_compression"":{""score"":14.300177364199417},""BR3_retest"":{""score"":50.0},""BR4_bo_age"":{""score"":50.0},""_score"":57.21},""risk"":{""R1_stop_clarity"":{""score"":22.27126911281991},""R2_stop_distance_pct"":{""value"":7.023917220398683,""score"":100.0},""R3_stop_distance_atr"":{""value"":1.9279896246794486,""score"":100.0},""R4_rr_potential"":{""value"":0.9488720390490757,""score"":0.0},""_score"":52.79},""market"":{""M1_spy_regime"":{""score"":100.0},""M3_earnings_risk"":{""value"":null,""score"":80.0},""M4_vix"":{""value"":null,""score"":60.0},""_score"":84.0},""liquidity"":{""L1_price"":{""value"":499.64,""score"":100.0},""L2_dollar_vol"":{""value"":534388356.58223367,""score"":100.0},""L3_spread_proxy"":{""value"":0.02382995756945004,""score"":76.17004243054996},""L4_volume_zscore"":{""value"":-1.120917391557114,""score"":100.0},""_score"":97.62},""pattern_structure"":{""top"":502.28,""top_touches"":3,""low_slope_per_bar"":0.005274439288472744,""lowest_low"":471.62,""structural_low"":471.62,""current_price"":499.06,""neckline_distance_pct"":0.0064521300044082285,""base_bars"":30},""pattern_geometry_features"":{""top_touches"":3.0,""low_slope"":0.005274439288472744,""compression"":-0.04547924978927842,""atr_pct"":0.03643130196598694},""_schema_version"":""1.0""}",,,,,,,,,,
20260504T200431Z-7bad84,2026-05-04T20:04:31.798741+00:00,INTC,ascending_triangle,forming,52.46,97.7,55.0,17.1,30.7,7.7,55.5,38.4,84.0,96.1,14.66,15.4,1.37,4.29,0.93,4.44,1.54,5.04,4.8,True,stop_too_wide,96.58,100.45,79.588,120.1,"{""trend"":{""T1_ema_stack"":{""value"":[true,true,true],""score"":100.0},""T2_ema50_slope"":{""value"":0.8460477998469359,""score"":100},""T3_high_proximity"":{""value"":0.9694840393495281,""score"":84.74201967476402},""T4_rs_1m"":{""value"":0.8221584209402439,""score"":100},""T5_rs_3m"":{""value"":0.9461365571274052,""score"":100},""T6_adr_healthy"":{""value"":5.453939883788929,""score"":100.0},""_score"":97.71},""geometry"":{""sub_flat_top_quality"":33.3,""sub_hl_slope"":100,""sub_compression"":0,""sub_duration"":100.0,""_score"":54.99},""compression"":{""VC1_atr_ratio"":{""value"":1.241316004238039,""score"":0},""VC2_range_contraction"":{""value"":1.010385380820915,""score"":0},""VC3_range_pct_rank"":{""score"":68.33333333333333},""_score"":17.08},""sr_quality"":{""SR1_touches"":{""value"":2,""score"":25.0},""SR2_tightness"":{""value"":1.1600000000000001,""score"":57.7622304871388},""SR3_recency"":{""value"":255,""score"":0.0},""SR4_price_location"":{""score"":30.0},""SR5_reaction"":{""value"":0.9333272646882884,""score"":46.66636323441442},""_score"":30.66,""_levels_found"":4,""_target_level"":50.33},""volume"":{""V1_rvol_day"":{""value"":0.7432349700907377,""score"":16.215664672715846},""V2_rvol_sameslot"":{""value"":0.7485186715064979,""score"":16.567911433766525,""status"":""ok""},""V3_breakout_bar"":{""value"":0.5121204277242741,""score"":0.8080285149516087},""V4_base_dryup"":{""value"":1.450789214684235,""score"":4.921078531576512},""V5_bo_expansion"":{""value"":0.7432349700907376,""score"":0},""_score"":7.74},""readiness"":{""_distance_atr"":0.705,""BR1_atr_distance"":{""score"":53.028687352076716},""BR2_compression"":{""score"":67.29703870154684},""BR3_retest"":{""score"":50.0},""BR4_bo_age"":{""score"":50.0},""_score"":55.54},""risk"":{""R1_stop_clarity"":{""score"":55.868813233113876},""R2_stop_distance_pct"":{""value"":17.593704700766207,""score"":0.0},""R3_stop_distance_atr"":{""value"":3.093552498114386,""score"":100.0},""R4_rr_potential"":{""value"":1.3841807909604522,""score"":19.20903954802261},""_score"":38.4},""market"":{""M1_spy_regime"":{""score"":100.0},""M3_earnings_risk"":{""value"":null,""score"":80.0},""M4_vix"":{""value"":null,""score"":60.0},""_score"":84.0},""liquidity"":{""L1_price"":{""value"":96.58,""score"":100.0},""L2_dollar_vol"":{""value"":10086817670.530115,""score"":100.0},""L3_spread_proxy"":{""value"":0.03924207910540477,""score"":60.75792089459523},""L4_volume_zscore"":{""value"":-0.7128331912407062,""score"":100.0},""_score"":96.08},""pattern_structure"":{""top"":100.45,""top_touches"":2,""low_slope_per_bar"":0.7468311277330263,""lowest_low"":80.8,""structural_low"":80.8,""current_price"":96.62,""neckline_distance_pct"":0.03963982612295589,""base_bars"":30},""pattern_geometry_features"":{""top_touches"":2.0,""low_slope"":0.7468311277330263,""compression"":-0.7838817943839487,""atr_pct"":0.05687217110907316},""_schema_version"":""1.0""}",,,,,,,,,,
20260504T200431Z-7bad84,2026-05-04T20:04:31.798741+00:00,TRMB,ascending_triangle,absent,52.32,42.9,35.0,68.5,53.3,60.2,53.1,45.3,84.0,96.6,6.43,9.8,5.48,7.46,7.22,4.25,1.81,5.04,4.83,True,risk_unclear,68.5,69.05,64.6554,72.46,"{""trend"":{""T1_ema_stack"":{""value"":[true,false,false],""score"":33.33333333333333},""T2_ema50_slope"":{""value"":-0.01485294404168922,""score"":47.52450932638513},""T3_high_proximity"":{""value"":0.9721827987510645,""score"":86.09139937553223},""T4_rs_1m"":{""value"":-0.042967969841168685,""score"":7.0320301588313185},""T5_rs_3m"":{""value"":-0.02342256820518629,""score"":38.28871589740686},""T6_adr_healthy"":{""value"":2.349422344981216,""score"":100.0},""_score"":42.9},""geometry"":{""sub_flat_top_quality"":33.3,""sub_hl_slope"":14.3,""sub_compression"":22.9,""sub_duration"":100.0,""_score"":35.0},""compression"":{""VC1_atr_ratio"":{""value"":0.3180840425449799,""score"":100},""VC2_range_contraction"":{""value"":0.8471150144920334,""score"":25.480830917994435},""VC3_range_pct_rank"":{""score"":78.33333333333333},""_score"":68.5},""sr_quality"":{""SR1_touches"":{""value"":3,""score"":50.0},""SR2_tightness"":{""value"":0.09273618495496054,""score"":88.50751005249671},""SR3_recency"":{""value"":271,""score"":0.0},""SR4_price_location"":{""score"":39.999999999999744},""SR5_reaction"":{""value"":2.3938508748635328,""score"":100},""_score"":53.28,""_levels_found"":7,""_target_level"":69.18},""volume"":{""V1_rvol_day"":{""value"":0.779774825690618,""score"":18.651655046041196},""V2_rvol_sameslot"":{""value"":2.266161849749022,""score"":100,""status"":""ok""},""V3_breakout_bar"":{""value"":1.8685087616326357,""score"":91.23391744217571},""V4_base_dryup"":{""value"":0.8177038499660628,""score"":68.22961500339372},""V5_bo_expansion"":{""value"":0.779774825690618,""score"":0},""_score"":60.18},""readiness"":{""_distance_atr"":0.341,""BR1_atr_distance"":{""score"":77.28010386238248},""BR2_compression"":{""score"":18.62308234093433},""BR3_retest"":{""score"":50.0},""BR4_bo_age"":{""score"":50.0},""_score"":53.07},""risk"":{""R1_stop_clarity"":{""score"":0},""R2_stop_distance_pct"":{""value"":5.612554744525547,""score"":100.0},""R3_stop_distance_atr"":{""value"":2.3822430733823126,""score"":100.0},""R4_rr_potential"":{""value"":1.0300161265151104,""score"":1.5008063257555215},""_score"":45.3},""market"":{""M1_spy_regime"":{""score"":100.0},""M3_earnings_risk"":{""value"":null,""score"":80.0},""M4_vix"":{""value"":null,""score"":60.0},""_score"":84.0},""liquidity"":{""L1_price"":{""value"":68.5,""score"":100.0},""L2_dollar_vol"":{""value"":82499173.245566,""score"":95.82247981738251},""L3_spread_proxy"":{""value"":0.017153284671532806,""score"":82.8467153284672},""L4_volume_zscore"":{""value"":-1.2835437765755942,""score"":100.0},""_score"":96.61},""pattern_structure"":{""top"":69.05,""top_touches"":2,""low_slope_per_bar"":0.028116050119331874,""lowest_low"":65.64,""structural_low"":65.64,""current_price"":68.7715,""neckline_distance_pct"":0.004049642657205295,""base_bars"":44},""pattern_geometry_features"":{""top_touches"":2.0,""low_slope"":0.028116050119331874,""compression"":0.11458344664049158,""atr_pct"":0.023559958289885306},""_schema_version"":""1.0""}",,,,,,,,,,
20260504T200431Z-7bad84,2026-05-04T20:04:31.798741+00:00,CRM,bull_flag,forming,52.3,22.9,65.8,58.7,58.1,9.8,56.4,63.8,84.0,96.6,3.21,19.75,5.29,5.81,1.38,5.08,1.91,5.04,4.83,True,risk_unclear;trend_floor,185.925,190.31,182.8074,207.62,"{""trend"":{""T1_ema_stack"":{""value"":[true,false,false],""score"":33.33333333333333},""T2_ema50_slope"":{""value"":-0.28202079315657896,""score"":2.996534473903509},""T3_high_proximity"":{""value"":0.9199198456286181,""score"":59.95992281430901},""T4_rs_1m"":{""value"":-0.10157692289664366,""score"":0},""T5_rs_3m"":{""value"":-0.15060101846090923,""score"":0},""T6_adr_healthy"":{""value"":3.674061029900176,""score"":100.0},""_score"":22.93},""geometry"":{""sub_pole_impulse"":36.1,""sub_flag_tightness"":86.1,""sub_flag_shallowness"":50.4,""sub_flag_drift"":97.8,""sub_flag_duration"":87.5,""_score"":65.85},""compression"":{""VC1_atr_ratio"":{""value"":0.5898770066185068,""score"":100},""VC2_range_contraction"":{""value"":0.8572870213925435,""score"":23.78549643457608},""VC3_range_pct_rank"":{""score"":41.666666666666664},""_score"":58.74},""sr_quality"":{""SR1_touches"":{""value"":3,""score"":50.0},""SR2_tightness"":{""value"":0.6687301398920199,""score"":82.44167469952892},""SR3_recency"":{""value"":243,""score"":0.0},""SR4_price_location"":{""score"":62.76491365777085},""SR5_reaction"":{""value"":2.2298094361101772,""score"":100},""_score"":58.06,""_levels_found"":7,""_target_level"":189.72},""volume"":{""V1_rvol_day"":{""value"":0.5023486935843947,""score"":0.1565795722929808},""V2_rvol_sameslot"":{""value"":0.4614827309795536,""score"":0,""status"":""ok""},""V3_breakout_bar"":{""value"":0.49570924828575436,""score"":0},""V4_base_dryup"":{""value"":1.0099509349137799,""score"":49.004906508622014},""V5_bo_expansion"":{""value"":0.5023486935843947,""score"":0},""_score"":9.83},""readiness"":{""_distance_atr"":0.576,""BR1_atr_distance"":{""score"":61.62215924897217},""BR2_compression"":{""score"":57.15643308717072},""BR3_retest"":{""score"":50.0},""BR4_bo_age"":{""score"":50.0},""_score"":56.44},""risk"":{""R1_stop_clarity"":{""score"":26.906111510163726},""R2_stop_distance_pct"":{""value"":1.6767887589081782,""score"":91.91971897270446},""R3_stop_distance_atr"":{""value"":0.4092779445881284,""score"":45.46389722940643},""R4_rr_potential"":{""value"":6.958946705117491,""score"":100.0},""_score"":63.81},""market"":{""M1_spy_regime"":{""score"":100.0},""M3_earnings_risk"":{""value"":null,""score"":80.0},""M4_vix"":{""value"":null,""score"":60.0},""_score"":84.0},""liquidity"":{""L1_price"":{""value"":185.925,""score"":100.0},""L2_dollar_vol"":{""value"":1257743958.8781295,""score"":100.0},""L3_spread_proxy"":{""value"":0.03409977141320426,""score"":65.90022858679573},""L4_volume_zscore"":{""value"":-1.663768183569252,""score"":100.0},""_score"":96.59},""pattern_structure"":{""pole_low"":173.0,""pole_low_idx"":42,""peak_price"":190.31,""peak_idx"":55,""pole_gain"":0.10005780346820811,""flag_bars"":4,""flag_low"":185.5913,""flag_high"":187.18,""structural_low"":185.5913,""current_price"":186.28,""neckline_distance_pct"":0.021634099205497106,""base_bars"":4},""pattern_geometry_features"":{""pole_gain"":0.10005780346820811,""pullback_pct"":0.02479480847039048,""flag_range_pct"":0.008347958593873245,""flag_drift_per_bar"":-0.00043214515782685504,""atr_pct"":0.040969438521677316,""pole_atr_multiple"":2.4422546922449664},""_schema_version"":""1.0""}",,,,,,,,,,
20260504T200431Z-7bad84,2026-05-04T20:04:31.798741+00:00,PANW,ascending_triangle,absent,52.23,77.8,37.7,61.0,35.9,24.9,64.1,52.8,84.0,96.6,11.67,10.55,4.88,5.03,2.99,5.13,2.11,5.04,4.83,True,risk_unclear,184.89,187.27,170.5134,201.43,"{""trend"":{""T1_ema_stack"":{""value"":[true,true,false],""score"":66.66666666666666},""T2_ema50_slope"":{""value"":0.1328695381617227,""score"":72.14492302695379},""T3_high_proximity"":{""value"":1.0,""score"":99.99999999999997},""T4_rs_1m"":{""value"":0.03796285111017794,""score"":87.96285111017795},""T5_rs_3m"":{""value"":0.021428388706912216,""score"":60.71419435345611},""T6_adr_healthy"":{""value"":4.130096874352881,""score"":100.0},""_score"":77.8},""geometry"":{""sub_flat_top_quality"":33.3,""sub_hl_slope"":42.3,""sub_compression"":0,""sub_duration"":100.0,""_score"":37.68},""compression"":{""VC1_atr_ratio"":{""value"":0.5704267152415804,""score"":100},""VC2_range_contraction"":{""value"":0.8219736857799479,""score"":29.671052370008688},""VC3_range_pct_rank"":{""score"":42.50000000000001},""_score"":61.01},""sr_quality"":{""SR1_touches"":{""value"":2,""score"":25.0},""SR2_tightness"":{""value"":0.5650000000000119,""score"":82.17964762562352},""SR3_recency"":{""value"":288,""score"":0.0},""SR4_price_location"":{""score"":4.342516116035233},""SR5_reaction"":{""value"":2.5066691148061,""score"":100},""_score"":35.91,""_levels_found"":7,""_target_level"":189.955},""volume"":{""V1_rvol_day"":{""value"":0.4977921470930825,""score"":0},""V2_rvol_sameslot"":{""value"":0.5750155443608214,""score"":5.001036290721425,""status"":""ok""},""V3_breakout_bar"":{""value"":0.8441558620783989,""score"":22.943724138559926},""V4_base_dryup"":{""value"":0.5911321277639656,""score"":90.88678722360343},""V5_bo_expansion"":{""value"":0.4977921470930825,""score"":0},""_score"":24.91},""readiness"":{""_distance_atr"":0.375,""BR1_atr_distance"":{""score"":74.97791230028582},""BR2_compression"":{""score"":66.3647923458338},""BR3_retest"":{""score"":50.0},""BR4_bo_age"":{""score"":50.0},""_score"":64.08},""risk"":{""R1_stop_clarity"":{""score"":18.100499127568312},""R2_stop_distance_pct"":{""value"":7.775785602249978,""score"":100.0},""R3_stop_distance_atr"":{""value"":2.2672298138325124,""score"":100.0},""R4_rr_potential"":{""value"":1.150476640942086,""score"":7.523832047104295},""_score"":52.84},""market"":{""M1_spy_regime"":{""score"":100.0},""M3_earnings_risk"":{""value"":null,""score"":80.0},""M4_vix"":{""value"":null,""score"":60.0},""_score"":84.0},""liquidity"":{""L1_price"":{""value"":184.89,""score"":100.0},""L2_dollar_vol"":{""value"":676040460.1813196,""score"":100.0},""L3_spread_proxy"":{""value"":0.03420952999080544,""score"":65.79047000919456},""L4_volume_zscore"":{""value"":-1.303833942799363,""score"":100.0},""_score"":96.58},""pattern_structure"":{""top"":187.27,""top_touches"":2,""low_slope_per_bar"":0.21954480122324072,""lowest_low"":173.11,""structural_low"":173.11,""current_price"":184.76,""neckline_distance_pct"":0.013585191599913506,""base_bars"":38},""pattern_geometry_features"":{""top_touches"":2.0,""low_slope"":0.21954480122324072,""compression"":-0.06490458394265963,""atr_pct"":0.03429641562937034},""_schema_version"":""1.0""}",,,,,,,,,,
20260504T200431Z-7bad84,2026-05-04T20:04:31.798741+00:00,ADSK,double_bottom,forming,52.18,32.3,59.3,54.6,40.8,34.6,65.0,47.5,84.0,97.1,4.85,14.82,4.37,5.71,4.49,5.2,2.85,5.04,4.85,True,risk_unclear;reversal_trend_cap,247.4,250.0,239.1186,257.24,"{""trend"":{""T1_ema_stack"":{""value"":[true,false,false],""score"":33.33333333333333},""T2_ema50_slope"":{""value"":-0.11811506965198423,""score"":30.314155058002626},""T3_high_proximity"":{""value"":0.9366954414660003,""score"":68.3477207330001},""T4_rs_1m"":{""value"":-0.05572564136900149,""score"":0},""T5_rs_3m"":{""value"":-0.06452409201775366,""score"":17.73795399112317},""T6_adr_healthy"":{""value"":3.4650401845096024,""score"":100.0},""_score"":32.31},""geometry"":{""sub_low_similarity"":81.3,""sub_bounce_quality"":0,""sub_separation_fit"":0.0,""sub_right_bottom_reaction"":99.3,""sub_base_context"":100.0,""_score"":59.28},""compression"":{""VC1_atr_ratio"":{""value"":0.49812504328339696,""score"":100},""VC2_range_contraction"":{""value"":0.925258299851314,""score"":12.456950024780996},""VC3_range_pct_rank"":{""score"":40.833333333333336},""_score"":54.57},""sr_quality"":{""SR1_touches"":{""value"":2,""score"":25.0},""SR2_tightness"":{""value"":0.8200000000000074,""score"":80.3566768904344},""SR3_recency"":{""value"":230,""score"":0.0},""SR4_price_location"":{""score"":24.956672443674094},""SR5_reaction"":{""value"":2.7314939106553906,""score"":100},""_score"":40.79,""_levels_found"":6,""_target_level"":251.73},""volume"":{""V1_rvol_day"":{""value"":0.5341831505977132,""score"":2.27887670651421},""V2_rvol_sameslot"":{""value"":1.3425632745371974,""score"":56.17088496914649,""status"":""ok""},""V3_breakout_bar"":{""value"":1.3394125028897588,""score"":55.96083352598392},""V4_base_dryup"":{""value"":1.0561739420525624,""score"":44.38260579474375},""V5_bo_expansion"":{""value"":0.5341831505977133,""score"":0},""_score"":34.56},""readiness"":{""_distance_atr"":0.311,""BR1_atr_distance"":{""score"":79.23876419314229},""BR2_compression"":{""score"":63.33796212668125},""BR3_retest"":{""score"":50.0},""BR4_bo_age"":{""score"":50.0},""_score"":65.03},""risk"":{""R1_stop_clarity"":{""score"":12.769272230278531},""R2_stop_distance_pct"":{""value"":3.3473726758286255,""score"":100.0},""R3_stop_distance_atr"":{""value"":0.9919159512168015,""score"":74.59579756084007},""R4_rr_potential"":{""value"":1.1882048928925038,""score"":9.410244644625188},""_score"":47.54},""market"":{""M1_spy_regime"":{""score"":100.0},""M3_earnings_risk"":{""value"":null,""score"":80.0},""M4_vix"":{""value"":null,""score"":60.0},""_score"":84.0},""liquidity"":{""L1_price"":{""value"":247.4,""score"":100.0},""L2_dollar_vol"":{""value"":248904065.9120952,""score"":100.0},""L3_spread_proxy"":{""value"":0.02918350848827809,""score"":70.8164915117219},""L4_volume_zscore"":{""value"":-1.3565474618975426,""score"":100.0},""_score"":97.08},""pattern_structure"":{""left_low"":245.04,""left_idx"":24,""right_low"":242.76,""right_idx"":74,""separation_bars"":50,""structural_low"":242.76,""current_price"":247.72,""neckline_distance_pct"":0.0092039399321815,""base_bars"":50},""pattern_geometry_features"":{""low_similarity_pct"":0.009348093480934815,""bounce_pct"":0.029823694183555814,""right_bottom_reaction"":0.9930747922437697,""atr_pct"":0.033746535396697086},""_schema_version"":""1.0""}",,,,,,,,,,
20260504T200431Z-7bad84,2026-05-04T20:04:31.798741+00:00,MSFT,cup_with_handle,forming,52.17,61.5,67.4,28.9,33.6,17.1,29.6,66.1,84.0,97.6,8.62,20.23,2.31,4.03,2.22,2.37,3.31,4.2,4.88,True,risk_unclear,412.48,433.7,392.0399,501.1,"{""trend"":{""T1_ema_stack"":{""value"":[true,true,false],""score"":66.66666666666666},""T2_ema50_slope"":{""value"":0.10105294315249432,""score"":66.84215719208238},""T3_high_proximity"":{""value"":0.9527857340848194,""score"":76.39286704240966},""T4_rs_1m"":{""value"":0.009610261009166399,""score"":59.6102610091664},""T5_rs_3m"":{""value"":-0.0582785152169909,""score"":20.86074239150455},""T6_adr_healthy"":{""value"":2.4128861720003774,""score"":100.0},""_score"":61.55},""geometry"":{""sub_cup_depth"":79.1,""sub_cup_duration"":100.0,""sub_rim_symmetry"":52.7,""sub_handle_shallowness"":31.4,""sub_handle_proportion"":100.0,""sub_u_shape"":65.3,""_score"":67.44},""compression"":{""VC1_atr_ratio"":{""value"":0.7904255183921404,""score"":52.3936204019649},""VC2_range_contraction"":{""value"":1.0336575740995715,""score"":0},""VC3_range_pct_rank"":{""score"":31.666666666666664},""_score"":28.87},""sr_quality"":{""SR1_touches"":{""value"":2,""score"":25.0},""SR2_tightness"":{""value"":1.8899999999999864,""score"":69.35898794335255},""SR3_recency"":{""value"":225,""score"":0.0},""SR4_price_location"":{""score"":8.648249288357473},""SR5_reaction"":{""value"":1.8068388747128854,""score"":90.34194373564426},""_score"":33.62,""_levels_found"":6,""_target_level"":431.81},""volume"":{""V1_rvol_day"":{""value"":0.627549143441251,""score"":8.503276229416734},""V2_rvol_sameslot"":{""value"":0.7684610633855894,""score"":17.89740422570596,""status"":""ok""},""V3_breakout_bar"":{""value"":0.7444181803217321,""score"":16.29454535478214},""V4_base_dryup"":{""value"":1.11278737644208,""score"":38.72126235579201},""V5_bo_expansion"":{""value"":0.6275491434412512,""score"":0},""_score"":17.1},""readiness"":{""_distance_atr"":1.72,""BR1_atr_distance"":{""score"":0},""BR2_compression"":{""score"":48.43970444835535},""BR3_retest"":{""score"":50.0},""BR4_bo_age"":{""score"":50.0},""_score"":29.61},""risk"":{""R1_stop_clarity"":{""score"":3.2108792962990407},""R2_stop_distance_pct"":{""value"":4.955428141970524,""score"":100.0},""R3_stop_distance_atr"":{""value"":1.6568965147875332,""score"":100.0},""R4_rr_potential"":{""value"":4.335584621443577,""score"":100.0},""_score"":66.12},""market"":{""M1_spy_regime"":{""score"":100.0},""M3_earnings_risk"":{""value"":null,""score"":80.0},""M4_vix"":{""value"":null,""score"":60.0},""_score"":84.0},""liquidity"":{""L1_price"":{""value"":412.48,""score"":100.0},""L2_dollar_vol"":{""value"":9052303313.12649,""score"":100.0},""L3_spread_proxy"":{""value"":0.024195112490302467,""score"":75.80488750969754},""L4_volume_zscore"":{""value"":-1.1870131602473377,""score"":100.0},""_score"":97.58},""pattern_structure"":{""left_rim"":423.68,""left_rim_idx"":122,""cup_bottom"":356.28,""cup_bottom_idx"":155,""right_rim"":433.7,""right_rim_idx"":171,""handle_low"":398.01,""handle_bars"":8,""cup_bars"":49,""structural_low"":398.01,""current_price"":412.48,""neckline_distance_pct"":0.05144491854150497,""base_bars"":57},""pattern_geometry_features"":{""cup_depth_pct"":0.159082326283988,""rim_symmetry_pct"":0.02364992447129905,""handle_depth_pct"":0.08229190684805164,""handle_to_cup_ratio"":0.16326530612244897,""cup_duration_bars"":49.0,""atr_pct"":0.02990789163803611,""u_shape_score"":0.32653061224489793},""_schema_version"":""1.0""}",,,,,,,,,,
20260504T200431Z-7bad84,2026-05-04T20:04:31.798741+00:00,WWD,double_bottom,forming,52.14,53.5,53.1,49.8,50.5,23.2,34.3,69.0,84.0,96.6,8.03,13.29,3.98,7.07,3.02,2.75,4.14,5.04,4.83,False,,356.48,378.5025,347.3406,404.375,"{""trend"":{""T1_ema_stack"":{""value"":[false,true,true],""score"":66.66666666666666},""T2_ema50_slope"":{""value"":0.11327565829798637,""score"":68.87927638299773},""T3_high_proximity"":{""value"":0.8840173589584626,""score"":42.00867947923126},""T4_rs_1m"":{""value"":-0.1360255170180873,""score"":0},""T5_rs_3m"":{""value"":0.056763757999372944,""score"":78.38187899968648},""T6_adr_healthy"":{""value"":3.4254272674293,""score"":100.0},""_score"":53.5},""geometry"":{""sub_low_similarity"":69.8,""sub_bounce_quality"":62.0,""sub_separation_fit"":6.7,""sub_right_bottom_reaction"":85.3,""sub_base_context"":30.0,""_score"":53.14},""compression"":{""VC1_atr_ratio"":{""value"":0.24932682133055475,""score"":100},""VC2_range_contraction"":{""value"":1.1547684225639547,""score"":0},""VC3_range_pct_rank"":{""score"":39.16666666666667},""_score"":49.79},""sr_quality"":{""SR1_touches"":{""value"":4,""score"":75.0},""SR2_tightness"":{""value"":2.3395225837764424,""score"":69.37043094211207},""SR3_recency"":{""value"":233,""score"":0.0},""SR4_price_location"":{""score"":12.447357355954441},""SR5_reaction"":{""value"":1.9338337370883734,""score"":96.69168685441866},""_score"":50.52,""_levels_found"":7,""_target_level"":373.9708},""volume"":{""V1_rvol_day"":{""value"":0.783015986401822,""score"":18.867732426788134},""V2_rvol_sameslot"":{""value"":0.9190284582973088,""score"":27.93523055315392,""status"":""ok""},""V3_breakout_bar"":{""value"":0.9435879383487344,""score"":29.57252922324896},""V4_base_dryup"":{""value"":1.177908605978034,""score"":32.20913940219661},""V5_bo_expansion"":{""value"":0.7830159864018219,""score"":0},""_score"":23.2},""readiness"":{""_distance_atr"":1.442,""BR1_atr_distance"":{""score"":3.8921175264600407},""BR2_compression"":{""score"":61.07448623317554},""BR3_retest"":{""score"":50.0},""BR4_bo_age"":{""score"":50.0},""_score"":34.33},""risk"":{""R1_stop_clarity"":{""score"":30.749301085299322},""R2_stop_distance_pct"":{""value"":2.563804421005389,""score"":100.0},""R3_stop_distance_atr"":{""value"":0.5982789327774753,""score"":54.91394663887377},""R4_rr_potential"":{""value"":5.240468518346282,""score"":100.0},""_score"":69.0},""market"":{""M1_spy_regime"":{""score"":100.0},""M3_earnings_risk"":{""value"":null,""score"":80.0},""M4_vix"":{""value"":null,""score"":60.0},""_score"":84.0},""liquidity"":{""L1_price"":{""value"":356.48,""score"":100.0},""L2_dollar_vol"":{""value"":239545891.78740352,""score"":100.0},""L3_spread_proxy"":{""value"":0.03363442549371636,""score"":66.36557450628364},""L4_volume_zscore"":{""value"":-0.451769457316032,""score"":100.0},""_score"":96.64},""pattern_structure"":{""left_low"":358.0,""left_idx"":30,""right_low"":352.63,""right_idx"":74,""separation_bars"":44,""structural_low"":352.63,""current_price"":357.1,""neckline_distance_pct"":0.05993419210305229,""base_bars"":44},""pattern_geometry_features"":{""low_similarity_pct"":0.015113350125944598,""bounce_pct"":0.0733701046422596,""right_bottom_reaction"":0.8532853285328539,""atr_pct"":0.04285299515901513},""_schema_version"":""1.0""}",,,,,,,,,,
20260504T200431Z-7bad84,2026-05-04T20:04:31.798741+00:00,SATS,double_bottom,forming,52.05,56.3,56.0,68.5,45.9,8.5,31.4,70.3,84.0,96.9,8.44,13.99,5.48,6.42,1.1,2.51,4.22,5.04,4.85,False,,120.71,127.3808,117.3825,135.5915,"{""trend"":{""T1_ema_stack"":{""value"":[false,true,true],""score"":66.66666666666666},""T2_ema50_slope"":{""value"":0.2966049506794568,""score"":99.43415844657613},""T3_high_proximity"":{""value"":0.8934201761527643,""score"":46.71008807638211},""T4_rs_1m"":{""value"":-0.156808733627534,""score"":0},""T5_rs_3m"":{""value"":0.003136502019175591,""score"":51.5682510095878},""T6_adr_healthy"":{""value"":4.777267207030739,""score"":100.0},""_score"":56.3},""geometry"":{""sub_low_similarity"":73.7,""sub_bounce_quality"":55.6,""sub_separation_fit"":0.0,""sub_right_bottom_reaction"":18.2,""sub_base_context"":100.0,""_score"":55.96},""compression"":{""VC1_atr_ratio"":{""value"":0.3889185984415288,""score"":100},""VC2_range_contraction"":{""value"":0.8571673610465684,""score"":23.805439825571927},""VC3_range_pct_rank"":{""score"":80.83333333333333},""_score"":68.54},""sr_quality"":{""SR1_touches"":{""value"":3,""score"":50.0},""SR2_tightness"":{""value"":0.9954865923534848,""score"":63.29544237146503},""SR3_recency"":{""value"":242,""score"":0.0},""SR4_price_location"":{""score"":25.405961979735913},""SR5_reaction"":{""value"":3.059000138266144,""score"":100},""_score"":45.85,""_levels_found"":4,""_target_level"":131.3963},""volume"":{""V1_rvol_day"":{""value"":0.394948244156705,""score"":0},""V2_rvol_sameslot"":{""value"":0.29437895065158937,""score"":0,""status"":""ok""},""V3_breakout_bar"":{""value"":0.7357711800044652,""score"":15.718078666964344},""V4_base_dryup"":{""value"":1.273719451560388,""score"":22.628054843961195},""V5_bo_expansion"":{""value"":0.394948244156705,""score"":0},""_score"":8.46},""readiness"":{""_distance_atr"":1.23,""BR1_atr_distance"":{""score"":18.013708100420672},""BR2_compression"":{""score"":26.56709474013055},""BR3_retest"":{""score"":50.0},""BR4_bo_age"":{""score"":50.0},""_score"":31.35},""risk"":{""R1_stop_clarity"":{""score"":34.09123985225247},""R2_stop_distance_pct"":{""value"":2.75656656449341,""score"":100.0},""R3_stop_distance_atr"":{""value"":0.6134318446678645,""score"":55.67159223339322},""R4_rr_potential"":{""value"":4.472341670494679,""score"":100.0},""_score"":70.28},""market"":{""M1_spy_regime"":{""score"":100.0},""M3_earnings_risk"":{""value"":null,""score"":80.0},""M4_vix"":{""value"":null,""score"":60.0},""_score"":84.0},""liquidity"":{""L1_price"":{""value"":120.71,""score"":100.0},""L2_dollar_vol"":{""value"":241994953.14240623,""score"":100.0},""L3_spread_proxy"":{""value"":0.030899676911606336,""score"":69.10032308839367},""L4_volume_zscore"":{""value"":-1.3747510094411106,""score"":100.0},""_score"":96.91},""pattern_structure"":{""left_low"":120.75,""left_idx"":26,""right_low"":119.1701,""right_idx"":74,""separation_bars"":48,""structural_low"":119.1701,""current_price"":120.93,""neckline_distance_pct"":0.053343256429339174,""base_bars"":48},""pattern_geometry_features"":{""low_similarity_pct"":0.013170217918381954,""bounce_pct"":0.06889899395905506,""right_bottom_reaction"":0.18228370733799543,""atr_pct"":0.0449368024900292},""_schema_version"":""1.0""}",,,,,,,,,,
20260504T200431Z-7bad84,2026-05-04T20:04:31.798741+00:00,AXON,breakout_retest_hold,setup,52.02,5.0,61.9,64.1,58.6,23.3,72.7,49.9,84.0,95.3,0.7,13.61,3.84,8.2,3.03,13.08,2.5,4.2,2.86,True,trend_floor;weak_retest_trend,396.09,394.32,391.0599,399.9004,"{""trend"":{""T1_ema_stack"":{""value"":[false,false,false],""score"":0.0},""T2_ema50_slope"":{""value"":-0.6749465821150248,""score"":0},""T3_high_proximity"":{""value"":0.6839869450344506,""score"":0},""T4_rs_1m"":{""value"":-0.13537504153956081,""score"":0},""T5_rs_3m"":{""value"":-0.17147239706634254,""score"":0},""T6_adr_healthy"":{""value"":5.346763863751764,""score"":100.0},""_score"":5.0},""geometry"":{""sub_retest_depth"":39.5,""sub_retest_timing"":0.0,""sub_retest_freshness"":100.0,""sub_hold_quality"":100.0,""_score"":61.85},""compression"":{""VC1_atr_ratio"":{""value"":0.17520383185560767,""score"":100},""VC2_range_contraction"":{""value"":0.7589838494396769,""score"":40.16935842672052},""VC3_range_pct_rank"":{""score"":40.0},""_score"":64.06},""sr_quality"":{""SR1_touches"":{""value"":4,""score"":75.0},""SR2_tightness"":{""value"":3.636100112758173,""score"":59.35810050927566},""SR3_recency"":{""value"":229,""score"":0.0},""SR4_price_location"":{""score"":48.67921532991561},""SR5_reaction"":{""value"":3.9507035731536444,""score"":100},""_score"":58.57,""_levels_found"":5,""_target_level"":414.8401},""volume"":{""V1_rvol_day"":{""value"":0.5369569216244536,""score"":2.463794774963575},""V2_rvol_sameslot"":{""value"":0.6157080860851357,""score"":7.713872405675715,""status"":""ok""},""V3_breakout_bar"":{""value"":1.0296758714442735,""score"":35.31172476295157},""V4_base_dryup"":{""value"":0.877329890714348,""score"":62.267010928565206},""V5_bo_expansion"":{""value"":0.5369569216244536,""score"":0},""_score"":23.32},""readiness"":{""_distance_atr"":-0.099,""BR1_atr_distance"":{""score"":100.0},""BR2_compression"":{""score"":32.74560284232806},""BR3_retest"":{""score"":100},""BR4_bo_age"":{""score"":30.0},""_score"":72.69},""risk"":{""R1_stop_clarity"":{""score"":55.84841940544553},""R2_stop_distance_pct"":{""value"":1.2699386503067498,""score"":81.74846625766874},""R3_stop_distance_atr"":{""value"":0.2811154977705216,""score"":39.055774888526074},""R4_rr_potential"":{""value"":0.7575225712638569,""score"":0.0},""_score"":49.93},""market"":{""M1_spy_regime"":{""score"":100.0},""M3_earnings_risk"":{""value"":null,""score"":80.0},""M4_vix"":{""value"":null,""score"":60.0},""_score"":84.0},""liquidity"":{""L1_price"":{""value"":396.09,""score"":100.0},""L2_dollar_vol"":{""value"":244022203.60288322,""score"":100.0},""L3_spread_proxy"":{""value"":0.04708525840086858,""score"":52.91474159913142},""L4_volume_zscore"":{""value"":-1.096378711073384,""score"":100.0},""_score"":95.29},""pattern_structure"":{""level"":394.32,""level_idx"":38,""breakout_idx"":43,""bo_peak_idx"":68,""bo_peak_price"":413.95,""retest_idx"":77,""retest_low"":395.01,""structural_low"":395.01,""current_price"":397.41,""neckline_distance_pct"":-0.007775345361213939,""base_bars"":41,""bars_since_breakout"":36},""pattern_geometry_features"":{""retest_depth_atr"":-0.12364673385744476,""bars_breakout_to_retest"":34.0,""bars_since_retest"":2.0,""current_above_level_atr"":0.5537223298833471,""bo_peak_excess_pct"":0.04978190302292553,""atr_pct"":0.04517497826972947},""_schema_version"":""1.0""}",,,,,,,,,,
20260504T200431Z-7bad84,2026-05-04T20:04:31.798741+00:00,MSFT,inverse_head_shoulders,forming,51.82,61.5,69.0,28.9,33.6,19.7,33.5,59.5,84.0,97.6,7.39,19.32,2.31,4.71,2.76,2.68,3.57,4.2,4.88,True,risk_unclear,412.48,429.19,392.0399,460.37,"{""trend"":{""T1_ema_stack"":{""value"":[true,true,false],""score"":66.66666666666666},""T2_ema50_slope"":{""value"":0.10105294315249432,""score"":66.84215719208238},""T3_high_proximity"":{""value"":0.9527857340848194,""score"":76.39286704240966},""T4_rs_1m"":{""value"":0.009610261009166399,""score"":59.6102610091664},""T5_rs_3m"":{""value"":-0.0582785152169909,""score"":20.86074239150455},""T6_adr_healthy"":{""value"":2.4128861720003774,""score"":100.0},""_score"":61.55},""geometry"":{""sub_head_depth"":64.0,""sub_shoulder_price_sym"":66.7,""sub_shoulder_time_sym"":20.0,""sub_right_shoulder_reaction"":91.0,""sub_base_context"":100.0,""_score"":69.01},""compression"":{""VC1_atr_ratio"":{""value"":0.7904255183921404,""score"":52.3936204019649},""VC2_range_contraction"":{""value"":1.0336575740995715,""score"":0},""VC3_range_pct_rank"":{""score"":31.666666666666664},""_score"":28.87},""sr_quality"":{""SR1_touches"":{""value"":2,""score"":25.0},""SR2_tightness"":{""value"":1.8899999999999864,""score"":69.35898794335255},""SR3_recency"":{""value"":225,""score"":0.0},""SR4_price_location"":{""score"":8.648249288357473},""SR5_reaction"":{""value"":1.8068388747128854,""score"":90.34194373564426},""_score"":33.62,""_levels_found"":6,""_target_level"":431.81},""volume"":{""V1_rvol_day"":{""value"":0.627549143441251,""score"":8.503276229416734},""V2_rvol_sameslot"":{""value"":0.7684610633855894,""score"":17.89740422570596,""status"":""ok""},""V3_breakout_bar"":{""value"":0.7444181803217321,""score"":16.29454535478214},""V4_base_dryup"":{""value"":0.9817975520700796,""score"":51.82024479299204},""V5_bo_expansion"":{""value"":0.6275491434412512,""score"":0},""_score"":19.72},""readiness"":{""_distance_atr"":1.355,""BR1_atr_distance"":{""score"":9.698181399191867},""BR2_compression"":{""score"":48.43970444835535},""BR3_retest"":{""score"":50.0},""BR4_bo_age"":{""score"":50.0},""_score"":33.49},""risk"":{""R1_stop_clarity"":{""score"":3.2108792962990407},""R2_stop_distance_pct"":{""value"":4.955428141970524,""score"":100.0},""R3_stop_distance_atr"":{""value"":1.6568965147875332,""score"":100.0},""R4_rr_potential"":{""value"":2.3429377964447395,""score"":67.14688982223697},""_score"":59.55},""market"":{""M1_spy_regime"":{""score"":100.0},""M3_earnings_risk"":{""value"":null,""score"":80.0},""M4_vix"":{""value"":null,""score"":60.0},""_score"":84.0},""liquidity"":{""L1_price"":{""value"":412.48,""score"":100.0},""L2_dollar_vol"":{""value"":9052303313.12649,""score"":100.0},""L3_spread_proxy"":{""value"":0.024195112490302467,""score"":75.80488750969754},""L4_volume_zscore"":{""value"":-1.1870131602473377,""score"":100.0},""_score"":97.58},""pattern_structure"":{""left_shoulder"":421.9,""left_shoulder_idx"":70,""head"":398.01,""head_idx"":85,""right_shoulder"":410.8,""right_shoulder_idx"":94,""left_to_head_bars"":15,""head_to_right_bars"":9,""structural_low"":398.01,""current_price"":413.17,""neckline_distance_pct"":0.03877338625747267,""base_bars"":24},""pattern_geometry_features"":{""head_depth_pct"":0.04404947760297834,""shoulder_price_asymmetry"":0.026660261798967133,""shoulder_time_asymmetry"":0.4,""right_shoulder_reaction"":0.909819639278559,""atr_pct"":0.02990789163803611},""_schema_version"":""1.0""}",,,,,,,,,,
20260504T200431Z-7bad84,2026-05-04T20:04:31.798741+00:00,BHP,tight_consolidation,absent,51.79,78.2,38.2,58.7,37.4,28.2,17.5,63.5,84.0,97.5,12.52,7.65,10.57,3.74,3.67,1.4,3.17,4.2,4.88,True,risk_unclear,77.87,80.78,75.7662,84.64,"{""trend"":{""T1_ema_stack"":{""value"":[true,true,true],""score"":100.0},""T2_ema50_slope"":{""value"":0.30331654160363664,""score"":100},""T3_high_proximity"":{""value"":0.9380797494277798,""score"":69.03987471388989},""T4_rs_1m"":{""value"":-0.03165532533627924,""score"":18.34467466372076},""T5_rs_3m"":{""value"":0.08965147725010425,""score"":94.82573862505213},""T6_adr_healthy"":{""value"":1.7407564598497713,""score"":100.0},""_score"":78.25},""geometry"":{""sub_tightness"":20.8,""sub_duration"":87.5,""sub_dry_up"":35.2,""sub_location"":40.0,""_score"":38.25},""compression"":{""VC1_atr_ratio"":{""value"":0.5119461725167187,""score"":100},""VC2_range_contraction"":{""value"":0.8615527740003024,""score"":23.07453766661627},""VC3_range_pct_rank"":{""score"":42.50000000000001},""_score"":58.7},""sr_quality"":{""SR1_touches"":{""value"":2,""score"":25.0},""SR2_tightness"":{""value"":0.240000000000002,""score"":70.46153846153824},""SR3_recency"":{""value"":228,""score"":0.0},""SR4_price_location"":{""score"":17.105263157894836},""SR5_reaction"":{""value"":2.3384615384615395,""score"":100},""_score"":37.35,""_levels_found"":8,""_target_level"":81.02},""volume"":{""V1_rvol_day"":{""value"":0.5110626097391815,""score"":0.7375073159454331},""V2_rvol_sameslot"":{""value"":0.7627016530322602,""score"":17.513443535484015,""status"":""ok""},""V3_breakout_bar"":{""value"":1.1184272412284606,""score"":41.22848274856404},""V4_base_dryup"":{""value"":0.7879209980751891,""score"":71.20790019248109},""V5_bo_expansion"":{""value"":0.5110626097391815,""score"":0},""_score"":28.2},""readiness"":{""_distance_atr"":1.791,""BR1_atr_distance"":{""score"":0},""BR2_compression"":{""score"":0},""BR3_retest"":{""score"":50.0},""BR4_bo_age"":{""score"":50.0},""_score"":17.5},""risk"":{""R1_stop_clarity"":{""score"":0},""R2_stop_distance_pct"":{""value"":2.7016822909978258,""score"":100.0},""R3_stop_distance_atr"":{""value"":1.294646153846157,""score"":89.73230769230786},""R4_rr_potential"":{""value"":3.217986500617917,""score"":100.0},""_score"":63.46},""market"":{""M1_spy_regime"":{""score"":100.0},""M3_earnings_risk"":{""value"":null,""score"":80.0},""M4_vix"":{""value"":null,""score"":60.0},""_score"":84.0},""liquidity"":{""L1_price"":{""value"":77.87,""score"":100.0},""L2_dollar_vol"":{""value"":94146237.7743524,""score"":98.69014848184827},""L3_spread_proxy"":{""value"":0.01939129318094266,""score"":80.60870681905735},""L4_volume_zscore"":{""value"":-2.137441776960355,""score"":100.0},""_score"":97.54},""pattern_structure"":{""window_bars"":11,""range_pct"":0.04956979581353537,""range_atr"":2.3753846153846134,""vol_ratio"":0.6742072255792413,""range_location_63d"":0.7099322799097065,""pivot_high"":80.78,""pivot_low"":76.92,""structural_low"":76.92,""current_price"":77.87,""neckline_distance_pct"":0.037369975600359526,""base_bars"":11},""pattern_geometry_features"":{""range_pct"":0.04956979581353537,""range_atr"":2.3753846153846134,""duration_bars"":11.0,""vol_dryup_ratio"":0.6742072255792413,""location_in_range"":0.7099322799097065,""atr_pct"":0.020868113522537576},""_schema_version"":""1.0""}",,,,,,,,,,
20260504T200431Z-7bad84,2026-05-04T20:04:31.798741+00:00,GSAT,cup_with_handle,extended,51.73,80.0,53.4,97.9,41.9,7.1,18.7,6.0,84.0,94.7,11.2,16.01,7.83,5.03,0.92,1.5,0.3,4.2,4.73,True,risk_unclear,81.51,78.2999,70.2305,99.5099,"{""trend"":{""T1_ema_stack"":{""value"":[true,true,true],""score"":100.0},""T2_ema50_slope"":{""value"":0.6238035391071416,""score"":100},""T3_high_proximity"":{""value"":0.990400972053463,""score"":95.20048602673148},""T4_rs_1m"":{""value"":-0.0462422741092976,""score"":3.757725890702403},""T5_rs_3m"":{""value"":0.3085098065040299,""score"":100},""T6_adr_healthy"":{""value"":2.236402946363701,""score"":100.0},""_score"":80.03},""geometry"":{""sub_cup_depth"":96.7,""sub_cup_duration"":100.0,""sub_rim_symmetry"":8.7,""sub_handle_shallowness"":25.5,""sub_handle_proportion"":50.0,""sub_u_shape"":48.0,""_score"":53.38},""compression"":{""VC1_atr_ratio"":{""value"":0.12123871333546964,""score"":100},""VC2_range_contraction"":{""value"":0.23772802319880532,""score"":100},""VC3_range_pct_rank"":{""score"":91.66666666666666},""_score"":97.92},""sr_quality"":{""SR1_touches"":{""value"":2,""score"":25.0},""SR2_tightness"":{""value"":0.11499999999999488,""score"":79.58275780382596},""SR3_recency"":{""value"":248,""score"":0.0},""SR4_price_location"":{""score"":30.0},""SR5_reaction"":{""value"":15.113197756081677,""score"":100},""_score"":41.94,""_levels_found"":6,""_target_level"":74.765},""volume"":{""V1_rvol_day"":{""value"":0.3759301459840743,""score"":0},""V2_rvol_sameslot"":{""value"":0.6112141143713246,""score"":7.414274291421637,""status"":""ok""},""V3_breakout_bar"":{""value"":0.8359252338876455,""score"":22.3950155925097},""V4_base_dryup"":{""value"":1.807012628293695,""score"":0},""V5_bo_expansion"":{""value"":0.3759301459840743,""score"":0},""_score"":7.08},""readiness"":{""_distance_atr"":-2.85,""BR1_atr_distance"":{""score"":3.007487674833527},""BR2_compression"":{""score"":0},""BR3_retest"":{""score"":50.0},""BR4_bo_age"":{""score"":50.0},""_score"":18.7},""risk"":{""R1_stop_clarity"":{""score"":0},""R2_stop_distance_pct"":{""value"":13.838179364495168,""score"":0.0},""R3_stop_distance_atr"":{""value"":10.01288188485894,""score"":0.0},""R4_rr_potential"":{""value"":1.5958065517088489,""score"":29.790327585442444},""_score"":5.96},""market"":{""M1_spy_regime"":{""score"":100.0},""M3_earnings_risk"":{""value"":null,""score"":80.0},""M4_vix"":{""value"":null,""score"":60.0},""_score"":84.0},""liquidity"":{""L1_price"":{""value"":81.51,""score"":100.0},""L2_dollar_vol"":{""value"":64047489.21321894,""score"":90.32510546108657},""L3_spread_proxy"":{""value"":0.014476751318856665,""score"":85.52324868114334},""L4_volume_zscore"":{""value"":-0.5084463823349888,""score"":100.0},""_score"":94.68},""pattern_structure"":{""left_rim"":74.88,""left_rim_idx"":83,""cup_bottom"":53.67,""cup_bottom_idx"":140,""right_rim"":78.2999,""right_rim_idx"":158,""handle_low"":71.3,""handle_bars"":21,""cup_bars"":75,""structural_low"":71.3,""current_price"":81.51,""neckline_distance_pct"":-0.03938289780395057,""base_bars"":96},""pattern_geometry_features"":{""cup_depth_pct"":0.28325320512820507,""rim_symmetry_pct"":0.04567174145299143,""handle_depth_pct"":0.08939858160738388,""handle_to_cup_ratio"":0.28,""cup_duration_bars"":75.0,""atr_pct"":0.013820376115112956,""u_shape_score"":0.24},""_schema_version"":""1.0""}",,,,,,,,,,
20260504T200431Z-7bad84,2026-05-04T20:04:31.798741+00:00,ASML,double_bottom,forming,51.65,51.3,51.3,46.1,75.7,20.4,18.0,69.0,84.0,71.4,7.7,12.82,3.69,10.59,2.66,1.44,4.14,5.04,3.57,True,risk_unclear,1389.89,1473.03,1346.2881,1579.27,"{""trend"":{""T1_ema_stack"":{""value"":[false,true,true],""score"":66.66666666666666},""T2_ema50_slope"":{""value"":0.2080715446566559,""score"":84.67859077610932},""T3_high_proximity"":{""value"":0.9105017327105621,""score"":55.25086635528103},""T4_rs_1m"":{""value"":-0.03971093723751462,""score"":10.28906276248538},""T5_rs_3m"":{""value"":-0.06828573376662583,""score"":15.85713311668708},""T6_adr_healthy"":{""value"":2.958752835298648,""score"":100.0},""_score"":51.33},""geometry"":{""sub_low_similarity"":83.2,""sub_bounce_quality"":68.2,""sub_separation_fit"":0.0,""sub_right_bottom_reaction"":44.7,""sub_base_context"":30.0,""_score"":51.3},""compression"":{""VC1_atr_ratio"":{""value"":0.5111275201805339,""score"":100},""VC2_range_contraction"":{""value"":0.988347917383792,""score"":1.942013769367997},""VC3_range_pct_rank"":{""score"":21.666666666666668},""_score"":46.1},""sr_quality"":{""SR1_touches"":{""value"":8,""score"":100},""SR2_tightness"":{""value"":15.625066941916595,""score"":44.37250877338227},""SR3_recency"":{""value"":225,""score"":0.0},""SR4_price_location"":{""score"":98.86537356716052},""SR5_reaction"":{""value"":1.90617011131808,""score"":95.308505565904},""_score"":75.67,""_levels_found"":4,""_target_level"":1391.2443},""volume"":{""V1_rvol_day"":{""value"":0.887748751915056,""score"":25.849916794337062},""V2_rvol_sameslot"":{""value"":0.6031490743599562,""score"":6.876604957330416,""status"":""ok""},""V3_breakout_bar"":{""value"":0.7139702754349156,""score"":14.264685028994375},""V4_base_dryup"":{""value"":0.984055246103288,""score"":51.5944753896712},""V5_bo_expansion"":{""value"":0.887748751915056,""score"":0},""_score"":20.43},""readiness"":{""_distance_atr"":1.48,""BR1_atr_distance"":{""score"":1.3365374631007825},""BR2_compression"":{""score"":0},""BR3_retest"":{""score"":50.0},""BR4_bo_age"":{""score"":50.0},""_score"":18.03},""risk"":{""R1_stop_clarity"":{""score"":27.01045792354556},""R2_stop_distance_pct"":{""value"":3.1370719985034956,""score"":100.0},""R3_stop_distance_atr"":{""value"":0.7761443638467398,""score"":63.80721819233699},""R4_rr_potential"":{""value"":4.343393686277047,""score"":100.0},""_score"":69.02},""market"":{""M1_spy_regime"":{""score"":100.0},""M3_earnings_risk"":{""value"":null,""score"":80.0},""M4_vix"":{""value"":null,""score"":60.0},""_score"":84.0},""liquidity"":{""L1_price"":{""value"":1389.89,""score"":0.0},""L2_dollar_vol"":{""value"":2212775649.243173,""score"":100.0},""L3_spread_proxy"":{""value"":0.03617552468180933,""score"":63.82447531819067},""L4_volume_zscore"":{""value"":-0.2668100883399631,""score"":100.0},""_score"":71.38},""pattern_structure"":{""left_low"":1378.3,""left_idx"":31,""right_low"":1366.79,""right_idx"":76,""separation_bars"":45,""structural_low"":1366.79,""current_price"":1384.8104,""neckline_distance_pct"":0.06370518303444277,""base_bars"":45},""pattern_geometry_features"":{""low_similarity_pct"":0.00838588170151069,""bounce_pct"":0.07772957074605463,""right_bottom_reaction"":0.4474337748344333,""atr_pct"":0.04041866622538476},""_schema_version"":""1.0""}",,,,,,,,,,
20260504T200431Z-7bad84,2026-05-04T20:04:31.798741+00:00,HWM,vcp,absent,51.28,59.2,35.0,62.3,55.3,31.8,29.2,68.0,84.0,98.3,8.88,8.75,7.47,6.64,4.14,2.04,3.4,5.04,4.92,True,risk_unclear,240.19,259.82,229.8202,306.6199,"{""trend"":{""T1_ema_stack"":{""value"":[false,true,true],""score"":66.66666666666666},""T2_ema50_slope"":{""value"":0.13799115060118164,""score"":72.99852510019694},""T3_high_proximity"":{""value"":0.906001282486515,""score"":53.00064124325748},""T4_rs_1m"":{""value"":-0.06259605941510649,""score"":0},""T5_rs_3m"":{""value"":0.12660586892273962,""score"":100},""T6_adr_healthy"":{""value"":2.91015682974567,""score"":100.0},""_score"":59.22},""geometry"":{""sub_contraction_count"":100.0,""sub_reduction_rate"":0,""sub_pivot_tightness"":0,""sub_volume_dryup"":0,""sub_base_depth"":0.0,""sub_base_duration"":100.0,""_score"":35.0},""compression"":{""VC1_atr_ratio"":{""value"":0.4546249080045718,""score"":100},""VC2_range_contraction"":{""value"":1.1992376523585386,""score"":0},""VC3_range_pct_rank"":{""score"":89.16666666666666},""_score"":62.29},""sr_quality"":{""SR1_touches"":{""value"":3,""score"":50.0},""SR2_tightness"":{""value"":1.9393875894782362,""score"":51.95033137010407},""SR3_recency"":{""value"":243,""score"":0.0},""SR4_price_location"":{""score"":70.052557355379},""SR5_reaction"":{""value"":2.3523239008736363,""score"":100},""_score"":55.31,""_levels_found"":6,""_target_level"":243.0143},""volume"":{""V1_rvol_day"":{""value"":0.45840629461977517,""score"":0},""V2_rvol_sameslot"":{""value"":0.886239287904428,""score"":25.749285860295196,""status"":""ok""},""V3_breakout_bar"":{""value"":1.3017655874261753,""score"":53.451039161745015},""V4_base_dryup"":{""value"":0.8341512915845515,""score"":66.58487084154486},""V5_bo_expansion"":{""value"":0.45840629461977506,""score"":0},""_score"":31.83},""readiness"":{""_distance_atr"":2.432,""BR1_atr_distance"":{""score"":0},""BR2_compression"":{""score"":46.68938778130949},""BR3_retest"":{""score"":50.0},""BR4_bo_age"":{""score"":50.0},""_score"":29.17},""risk"":{""R1_stop_clarity"":{""score"":13.290034862937532},""R2_stop_distance_pct"":{""value"":4.3173321120779375,""score"":100.0},""R3_stop_distance_atr"":{""value"":1.2845948289592433,""score"":89.22974144796217},""R4_rr_potential"":{""value"":6.406092692240935,""score"":100.0},""_score"":68.04},""market"":{""M1_spy_regime"":{""score"":100.0},""M3_earnings_risk"":{""value"":null,""score"":80.0},""M4_vix"":{""value"":null,""score"":60.0},""_score"":84.0},""liquidity"":{""L1_price"":{""value"":240.19,""score"":100.0},""L2_dollar_vol"":{""value"":220970635.33502164,""score"":100.0},""L3_spread_proxy"":{""value"":0.016878721012531767,""score"":83.12127898746823},""L4_volume_zscore"":{""value"":-1.7679904989655546,""score"":100.0},""_score"":98.31},""pattern_structure"":{""n_contractions"":5,""contractions_pct"":[9.84,4.56,12.9,9.5,10.2],""descending_strict"":false,""final_low"":233.32,""final_pivot"":259.82,""structural_low"":233.32,""dry_up_ratio"":1.1603307422148375,""current_price"":240.19,""neckline_distance_pct"":0.08172696615179648,""base_bars"":66,""recent_base_height"":46.79990000000001},""pattern_geometry_features"":{""contraction_count"":5.0,""first_contraction_pct"":0.09838233349495303,""last_contraction_pct"":0.1019936879378031,""dry_up_ratio"":1.1603307422148375,""near_monotone"":0.0,""base_depth_pct"":-0.028430378630933964},""_schema_version"":""1.0""}",,,,,,,,,,
20260504T200431Z-7bad84,2026-05-04T20:04:31.798741+00:00,SIRI,vcp,absent,51.25,93.2,36.0,33.3,49.1,17.5,38.4,73.7,84.0,93.5,13.99,9.01,4.0,5.9,2.28,2.69,3.69,5.04,4.67,False,,26.825,28.77,25.6395,35.6,"{""trend"":{""T1_ema_stack"":{""value"":[true,true,true],""score"":100.0},""T2_ema50_slope"":{""value"":0.42399318297231753,""score"":100},""T3_high_proximity"":{""value"":0.9559871703492516,""score"":77.99358517462579},""T4_rs_1m"":{""value"":0.03270246443582314,""score"":82.70246443582315},""T5_rs_3m"":{""value"":0.28433124610051763,""score"":100},""T6_adr_healthy"":{""value"":3.7502955944924525,""score"":100.0},""_score"":93.24},""geometry"":{""sub_contraction_count"":100.0,""sub_reduction_rate"":0,""sub_pivot_tightness"":6.9,""sub_volume_dryup"":0,""sub_base_depth"":0.0,""sub_base_duration"":100.0,""_score"":36.03},""compression"":{""VC1_atr_ratio"":{""value"":0.7566072019989445,""score"":60.848199500263874},""VC2_range_contraction"":{""value"":1.7937331708988822,""score"":0},""VC3_range_pct_rank"":{""score"":35.83333333333333},""_score"":33.3},""sr_quality"":{""SR1_touches"":{""value"":4,""score"":75.0},""SR2_tightness"":{""value"":0.26432401990738585,""score"":56.857635923014826},""SR3_recency"":{""value"":238,""score"":0.0},""SR4_price_location"":{""score"":30.0},""SR5_reaction"":{""value"":1.4160361410667446,""score"":70.80180705333723},""_score"":49.15,""_levels_found"":4,""_target_level"":23.1438},""volume"":{""V1_rvol_day"":{""value"":0.39010663030094156,""score"":0},""V2_rvol_sameslot"":{""value"":0.5325410630965798,""score"":2.169404206438652,""status"":""ok""},""V3_breakout_bar"":{""value"":0.8785312515279409,""score"":25.23541676852939},""V4_base_dryup"":{""value"":0.9615789292286069,""score"":53.84210707713931},""V5_bo_expansion"":{""value"":0.39010663030094156,""score"":0},""_score"":17.51},""readiness"":{""_distance_atr"":1.587,""BR1_atr_distance"":{""score"":0},""BR2_compression"":{""score"":83.57069467076136},""BR3_retest"":{""score"":50.0},""BR4_bo_age"":{""score"":50.0},""_score"":38.39},""risk"":{""R1_stop_clarity"":{""score"":36.27164092101406},""R2_stop_distance_pct"":{""value"":4.419198508853679,""score"":100.0},""R3_stop_distance_atr"":{""value"":0.967432235499854,""score"":73.3716117749927},""R4_rr_potential"":{""value"":7.4022523092496515,""score"":100.0},""_score"":73.7},""market"":{""M1_spy_regime"":{""score"":100.0},""M3_earnings_risk"":{""value"":null,""score"":80.0},""M4_vix"":{""value"":null,""score"":60.0},""_score"":84.0},""liquidity"":{""L1_price"":{""value"":26.825,""score"":100.0},""L2_dollar_vol"":{""value"":65525785.90536458,""score"":90.82061192527857},""L3_spread_proxy"":{""value"":0.028704566635601236,""score"":71.29543336439876},""L4_volume_zscore"":{""value"":-1.067394894322499,""score"":100.0},""_score"":93.46},""pattern_structure"":{""n_contractions"":5,""contractions_pct"":[6.71,6.93,4.53,4.54,9.52],""descending_strict"":false,""final_low"":26.03,""final_pivot"":28.77,""structural_low"":26.03,""dry_up_ratio"":1.8359463804089664,""current_price"":26.825,""neckline_distance_pct"":0.07250698974836907,""base_bars"":49,""recent_base_height"":6.829999999999998},""pattern_geometry_features"":{""contraction_count"":5.0,""first_contraction_pct"":0.06711864406779658,""last_contraction_pct"":0.09523809523809519,""dry_up_ratio"":1.8359463804089664,""near_monotone"":0.0,""base_depth_pct"":-0.176497175141243},""_schema_version"":""1.0""}",,,,,,,,,,
20260504T200431Z-7bad84,2026-05-04T20:04:31.798741+00:00,KLAC,vcp,absent,51.22,79.0,42.4,44.9,42.5,30.2,32.0,70.9,84.0,70.6,11.84,10.61,5.39,5.1,3.93,2.24,3.54,5.04,3.53,False,,1707.105,1798.0,1655.3033,2221.57,"{""trend"":{""T1_ema_stack"":{""value"":[false,true,true],""score"":66.66666666666666},""T2_ema50_slope"":{""value"":0.5690443930885306,""score"":100},""T3_high_proximity"":{""value"":0.8822248062015504,""score"":41.11240310077518},""T4_rs_1m"":{""value"":0.030562968362378484,""score"":80.56296836237848},""T5_rs_3m"":{""value"":0.17777015787159134,""score"":100},""T6_adr_healthy"":{""value"":3.363500866885282,""score"":100.0},""_score"":78.95},""geometry"":{""sub_contraction_count"":100.0,""sub_reduction_rate"":0,""sub_pivot_tightness"":49.6,""sub_volume_dryup"":0,""sub_base_depth"":0.0,""sub_base_duration"":100.0,""_score"":42.44},""compression"":{""VC1_atr_ratio"":{""value"":0.6137248442091884,""score"":96.5687889477029},""VC2_range_contraction"":{""value"":1.0798642410959565,""score"":0},""VC3_range_pct_rank"":{""score"":25.0},""_score"":44.88},""sr_quality"":{""SR1_touches"":{""value"":2,""score"":25.0},""SR2_tightness"":{""value"":6.419499999999971,""score"":83.31515209122658},""SR3_recency"":{""value"":234,""score"":0.0},""SR4_price_location"":{""score"":30.0},""SR5_reaction"":{""value"":3.5806925976477526,""score"":100},""_score"":42.5,""_levels_found"":6,""_target_level"":1686.9305},""volume"":{""V1_rvol_day"":{""value"":0.6417159731496879,""score"":9.447731543312525},""V2_rvol_sameslot"":{""value"":1.0522474499849015,""score"":36.8164966656601,""status"":""ok""},""V3_breakout_bar"":{""value"":0.9641851268344277,""score"":30.945675122295178},""V4_base_dryup"":{""value"":0.8394416428350825,""score"":66.05583571649174},""V5_bo_expansion"":{""value"":0.6417159731496878,""score"":0},""_score"":30.2},""readiness"":{""_distance_atr"":1.181,""BR1_atr_distance"":{""score"":21.251953648105186},""BR2_compression"":{""score"":23.831921745599505},""BR3_retest"":{""score"":50.0},""BR4_bo_age"":{""score"":50.0},""_score"":31.96},""risk"":{""R1_stop_clarity"":{""score"":34.48305060202273},""R2_stop_distance_pct"":{""value"":3.0344744465044733,""score"":100.0},""R3_stop_distance_atr"":{""value"":0.6731855299838291,""score"":58.65927649919145},""R4_rr_potential"":{""value"":9.931437531978903,""score"":100.0},""_score"":70.87},""market"":{""M1_spy_regime"":{""score"":100.0},""M3_earnings_risk"":{""value"":null,""score"":80.0},""M4_vix"":{""value"":null,""score"":60.0},""_score"":84.0},""liquidity"":{""L1_price"":{""value"":1707.105,""score"":0.0},""L2_dollar_vol"":{""value"":1012021701.6693665,""score"":100.0},""L3_spread_proxy"":{""value"":0.04355326708081819,""score"":56.446732919181805},""L4_volume_zscore"":{""value"":-1.046850041371943,""score"":100.0},""_score"":70.64},""pattern_structure"":{""n_contractions"":5,""contractions_pct"":[4.96,16.25,5.0,13.15,6.53],""descending_strict"":false,""final_low"":1680.511,""final_pivot"":1798.0,""structural_low"":1680.511,""dry_up_ratio"":1.2126403889844009,""current_price"":1707.105,""neckline_distance_pct"":0.0532451138037789,""base_bars"":43,""recent_base_height"":423.56999999999994},""pattern_geometry_features"":{""contraction_count"":5.0,""first_contraction_pct"":0.049553792844042155,""last_contraction_pct"":0.06534427141268077,""dry_up_ratio"":1.2126403889844009,""near_monotone"":0.0,""base_depth_pct"":-0.11877065850922536},""_schema_version"":""1.0""}",,,,,,,,,,
20260504T200431Z-7bad84,2026-05-04T20:04:31.798741+00:00,INTU,bull_flag,forming,51.14,16.8,59.5,59.1,58.9,22.5,52.8,66.7,84.0,95.4,2.35,17.86,5.32,5.89,3.15,4.75,2.0,5.04,4.77,True,trend_floor,407.11,418.15,399.5061,456.3,"{""trend"":{""T1_ema_stack"":{""value"":[true,false,false],""score"":33.33333333333333},""T2_ema50_slope"":{""value"":-0.4668461986135783,""score"":0},""T3_high_proximity"":{""value"":0.8460835047904067,""score"":23.04175239520334},""T4_rs_1m"":{""value"":-0.13125256712027444,""score"":0},""T5_rs_3m"":{""value"":-0.1968074422300733,""score"":0},""T6_adr_healthy"":{""value"":4.130195929278872,""score"":100.0},""_score"":16.79},""geometry"":{""sub_pole_impulse"":33.3,""sub_flag_tightness"":76.5,""sub_flag_shallowness"":40.2,""sub_flag_drift"":91.0,""sub_flag_duration"":87.5,""_score"":59.55},""compression"":{""VC1_atr_ratio"":{""value"":0.4915138561484999,""score"":100},""VC2_range_contraction"":{""value"":0.7790183130510878,""score"":36.83028115815203},""VC3_range_pct_rank"":{""score"":25.0},""_score"":59.14},""sr_quality"":{""SR1_touches"":{""value"":3,""score"":50.0},""SR2_tightness"":{""value"":4.151197658775388,""score"":52.60687513936128},""SR3_recency"":{""value"":230,""score"":0.0},""SR4_price_location"":{""score"":84.18369995570089},""SR5_reaction"":{""value"":2.310840461997223,""score"":100},""_score"":58.94,""_levels_found"":7,""_target_level"":413.2034},""volume"":{""V1_rvol_day"":{""value"":0.5297116800645433,""score"":1.9807786709695518},""V2_rvol_sameslot"":{""value"":0.6657238658098467,""score"":11.048257720656444,""status"":""ok""},""V3_breakout_bar"":{""value"":1.2225644806020675,""score"":48.17096537347116},""V4_base_dryup"":{""value"":1.1088335039256751,""score"":39.116649607432485},""V5_bo_expansion"":{""value"":0.5297116800645433,""score"":0},""_score"":22.47},""readiness"":{""_distance_atr"":0.63,""BR1_atr_distance"":{""score"":57.98641408498957},""BR2_compression"":{""score"":48.21531039838231},""BR3_retest"":{""score"":50.0},""BR4_bo_age"":{""score"":50.0},""_score"":52.75},""risk"":{""R1_stop_clarity"":{""score"":30.542294926892282},""R2_stop_distance_pct"":{""value"":1.867763012453642,""score"":96.69407531134104},""R3_stop_distance_atr"":{""value"":0.43405571366828,""score"":46.70278568341399},""R4_rr_potential"":{""value"":6.469091315583526,""score"":100.0},""_score"":66.7},""market"":{""M1_spy_regime"":{""score"":100.0},""M3_earnings_risk"":{""value"":null,""score"":80.0},""M4_vix"":{""value"":null,""score"":60.0},""_score"":84.0},""liquidity"":{""L1_price"":{""value"":407.11,""score"":100.0},""L2_dollar_vol"":{""value"":707733331.2473166,""score"":100.0},""L3_spread_proxy"":{""value"":0.04605634840706443,""score"":53.94365159293557},""L4_volume_zscore"":{""value"":-0.9316401015402117,""score"":100.0},""_score"":95.39},""pattern_structure"":{""pole_low"":380.0,""pole_low_idx"":42,""peak_price"":418.15,""peak_idx"":55,""pole_gain"":0.1003947368421052,""flag_bars"":4,""flag_low"":405.59,""flag_high"":411.51,""structural_low"":405.59,""current_price"":407.375,""neckline_distance_pct"":0.026449831236575582,""base_bars"":4},""pattern_geometry_features"":{""pole_gain"":0.1003947368421052,""pullback_pct"":0.03003706803778549,""flag_range_pct"":0.014157598947746063,""flag_drift_per_bar"":-0.0018091439091746013,""atr_pct"":0.043030490179909245,""pole_atr_multiple"":2.3331069765265906},""_schema_version"":""1.0""}",,,,,,,,,,
20260504T200431Z-7bad84,2026-05-04T20:04:31.798741+00:00,GRMN,cup_with_handle,absent,51.11,63.5,46.7,42.2,43.5,30.0,42.6,65.5,84.0,96.5,8.89,14.02,3.38,5.22,3.9,3.41,3.27,4.2,4.82,True,risk_unclear,238.34,245.834,221.9895,313.104,"{""trend"":{""T1_ema_stack"":{""value"":[false,true,true],""score"":66.66666666666666},""T2_ema50_slope"":{""value"":0.3402393905161993,""score"":100},""T3_high_proximity"":{""value"":0.8909240430622011,""score"":45.46202153110052},""T4_rs_1m"":{""value"":-0.09196871733234313,""score"":0},""T5_rs_3m"":{""value"":0.11928979043227472,""score"":100},""T6_adr_healthy"":{""value"":2.451335115561789,""score"":100.0},""_score"":63.49},""geometry"":{""sub_cup_depth"":100.0,""sub_cup_duration"":12.0,""sub_rim_symmetry"":36.2,""sub_handle_shallowness"":30.6,""sub_handle_proportion"":62.7,""sub_u_shape"":35.3,""_score"":46.73},""compression"":{""VC1_atr_ratio"":{""value"":0.6296701344619889,""score"":92.58246638450277},""VC2_range_contraction"":{""value"":1.3263720167122302,""score"":0},""VC3_range_pct_rank"":{""score"":20.833333333333336},""_score"":42.24},""sr_quality"":{""SR1_touches"":{""value"":2,""score"":25.0},""SR2_tightness"":{""value"":0.45000000000000284,""score"":86.87615476167416},""SR3_recency"":{""value"":265,""score"":0.0},""SR4_price_location"":{""score"":31.7415198029183},""SR5_reaction"":{""value"":3.1417027295525433,""score"":100},""_score"":43.47,""_levels_found"":5,""_target_level"":256.35},""volume"":{""V1_rvol_day"":{""value"":0.5484294901653987,""score"":3.228632677693244},""V2_rvol_sameslot"":{""value"":0.9325916875854743,""score"":28.83944583903162,""status"":""ok""},""V3_breakout_bar"":{""value"":1.4447781793469598,""score"":62.98521195646399},""V4_base_dryup"":{""value"":1.1067103341639757,""score"":39.32896658360243},""V5_bo_expansion"":{""value"":0.5484294901653987,""score"":0},""_score"":30.03},""readiness"":{""_distance_atr"":1.093,""BR1_atr_distance"":{""score"":27.14807687702718},""BR2_compression"":{""score"":56.99445125324354},""BR3_retest"":{""score"":50.0},""BR4_bo_age"":{""score"":50.0},""_score"":42.61},""risk"":{""R1_stop_clarity"":{""score"":1.4092999546173957},""R2_stop_distance_pct"":{""value"":6.860178736259124,""score"":100.0},""R3_stop_distance_atr"":{""value"":2.3842454195723044,""score"":100.0},""R4_rr_potential"":{""value"":4.5725678952695805,""score"":100.0},""_score"":65.49},""market"":{""M1_spy_regime"":{""score"":100.0},""M3_earnings_risk"":{""value"":null,""score"":80.0},""M4_vix"":{""value"":null,""score"":60.0},""_score"":84.0},""liquidity"":{""L1_price"":{""value"":238.34,""score"":100.0},""L2_dollar_vol"":{""value"":103911341.03355815,""score"":100.0},""L3_spread_proxy"":{""value"":0.035201392968028794,""score"":64.79860703197122},""L4_volume_zscore"":{""value"":-1.6378349912948875,""score"":100.0},""_score"":96.48},""pattern_structure"":{""left_rim"":253.94,""left_rim_idx"":50,""cup_bottom"":186.67,""cup_bottom_idx"":68,""right_rim"":245.834,""right_rim_idx"":152,""handle_low"":225.37,""handle_bars"":27,""cup_bars"":102,""structural_low"":225.37,""current_price"":238.34,""neckline_distance_pct"":0.03144247713350675,""base_bars"":129},""pattern_geometry_features"":{""cup_depth_pct"":0.26490509569189574,""rim_symmetry_pct"":0.031920926203040066,""handle_depth_pct"":0.08324316408633467,""handle_to_cup_ratio"":0.2647058823529412,""cup_duration_bars"":102.0,""atr_pct"":0.028772955501744163,""u_shape_score"":0.17647058823529413},""_schema_version"":""1.0""}",,,,,,,,,,
20260504T200431Z-7bad84,2026-05-04T20:04:31.798741+00:00,PLTR,double_bottom,absent,51.02,30.6,46.5,74.1,63.3,31.2,37.3,51.5,84.0,97.0,4.58,11.62,5.93,8.87,4.06,2.98,3.09,5.04,4.85,True,reversal_trend_cap,146.64,152.528,132.6598,170.376,"{""trend"":{""T1_ema_stack"":{""value"":[true,false,false],""score"":33.33333333333333},""T2_ema50_slope"":{""value"":-0.1695432695502086,""score"":21.742788408298562},""T3_high_proximity"":{""value"":0.9117135041034568,""score"":55.85675205172835},""T4_rs_1m"":{""value"":-0.10713134114114253,""score"":0},""T5_rs_3m"":{""value"":-0.040136192904845824,""score"":29.931903547577086},""T6_adr_healthy"":{""value"":4.3895364993338735,""score"":100.0},""_score"":30.55},""geometry"":{""sub_low_similarity"":5.8,""sub_bounce_quality"":100,""sub_separation_fit"":0.0,""sub_right_bottom_reaction"":31.5,""sub_base_context"":100.0,""_score"":46.46},""compression"":{""VC1_atr_ratio"":{""value"":0.5414009450175622,""score"":100},""VC2_range_contraction"":{""value"":0.7293077859415217,""score"":45.11536900974639},""VC3_range_pct_rank"":{""score"":73.33333333333334},""_score"":74.12},""sr_quality"":{""SR1_touches"":{""value"":3,""score"":50.0},""SR2_tightness"":{""value"":0.6360817557515713,""score"":78.45900424276466},""SR3_recency"":{""value"":251,""score"":0.0},""SR4_price_location"":{""score"":86.30030959752312},""SR5_reaction"":{""value"":2.4281303178847824,""score"":100},""_score"":63.34,""_levels_found"":7,""_target_level"":148.41},""volume"":{""V1_rvol_day"":{""value"":0.9588357598595554,""score"":30.58905065730369},""V2_rvol_sameslot"":{""value"":1.1212580404878996,""score"":41.417202699193304,""status"":""ok""},""V3_breakout_bar"":{""value"":0.9461353453627214,""score"":29.74235635751476},""V4_base_dryup"":{""value"":1.0317589013941153,""score"":46.82410986058847},""V5_bo_expansion"":{""value"":0.9588357598595556,""score"":0},""_score"":31.2},""readiness"":{""_distance_atr"":0.997,""BR1_atr_distance"":{""score"":33.534024585283035},""BR2_compression"":{""score"":25.584412861027715},""BR3_retest"":{""score"":50.0},""BR4_bo_age"":{""score"":50.0},""_score"":37.31},""risk"":{""R1_stop_clarity"":{""score"":31.585650373907797},""R2_stop_distance_pct"":{""value"":9.533687943262391,""score"":61.657801418440215},""R3_stop_distance_atr"":{""value"":2.367206936547613,""score"":100.0},""R4_rr_potential"":{""value"":1.6978297878428095,""score"":34.89148939214047},""_score"":51.53},""market"":{""M1_spy_regime"":{""score"":100.0},""M3_earnings_risk"":{""value"":null,""score"":80.0},""M4_vix"":{""value"":null,""score"":60.0},""_score"":84.0},""liquidity"":{""L1_price"":{""value"":146.64,""score"":100.0},""L2_dollar_vol"":{""value"":6926561512.051586,""score"":100.0},""L3_spread_proxy"":{""value"":0.03010774686306596,""score"":69.89225313693404},""L4_volume_zscore"":{""value"":-0.09018468555193117,""score"":100.0},""_score"":96.99},""pattern_structure"":{""left_low"":141.1775,""left_idx"":6,""right_low"":134.68,""right_idx"":56,""separation_bars"":50,""structural_low"":134.68,""current_price"":147.58,""neckline_distance_pct"":0.03352757826263707,""base_bars"":50},""pattern_geometry_features"":{""low_similarity_pct"":0.047107655220539606,""bounce_pct"":0.1325215325215324,""right_bottom_reaction"":0.31494094488188895,""atr_pct"":0.04027399462239888},""_schema_version"":""1.0""}",,,,,,,,,,
20260504T200431Z-7bad84,2026-05-04T20:04:31.798741+00:00,NVDA,cup_with_handle,absent,50.27,84.2,45.7,27.8,44.0,23.6,24.1,64.9,84.0,96.5,11.8,13.71,2.22,5.28,3.07,1.93,3.24,4.2,4.82,True,risk_unclear,198.7301,216.825,191.8189,264.7449,"{""trend"":{""T1_ema_stack"":{""value"":[true,true,true],""score"":100.0},""T2_ema50_slope"":{""value"":0.30996573864273375,""score"":100},""T3_high_proximity"":{""value"":0.9174557961312958,""score"":58.72789806564788},""T4_rs_1m"":{""value"":0.02542832115025173,""score"":75.42832115025173},""T5_rs_3m"":{""value"":0.03813005175815931,""score"":69.06502587907966},""T6_adr_healthy"":{""value"":2.86755224525322,""score"":100.0},""_score"":84.25},""geometry"":{""sub_cup_depth"":100.0,""sub_cup_duration"":0.0,""sub_rim_symmetry"":56.3,""sub_handle_shallowness"":15.1,""sub_handle_proportion"":67.5,""sub_u_shape"":31.1,""_score"":45.7},""compression"":{""VC1_atr_ratio"":{""value"":0.7764754897157613,""score"":55.88112757105967},""VC2_range_contraction"":{""value"":1.4408135182609731,""score"":0},""VC3_range_pct_rank"":{""score"":21.666666666666668},""_score"":27.77},""sr_quality"":{""SR1_touches"":{""value"":2,""score"":25.0},""SR2_tightness"":{""value"":0.2046500000000009,""score"":93.59522329871369},""SR3_recency"":{""value"":228,""score"":0.0},""SR4_price_location"":{""score"":30.0},""SR5_reaction"":{""value"":3.3326042053212563,""score"":100},""_score"":44.04,""_levels_found"":6,""_target_level"":197.4253},""volume"":{""V1_rvol_day"":{""value"":0.7415148925230625,""score"":16.10099283487083},""V2_rvol_sameslot"":{""value"":0.8054400979804723,""score"":20.362673198698154,""status"":""ok""},""V3_breakout_bar"":{""value"":0.6881124525727266,""score"":12.540830171515104},""V4_base_dryup"":{""value"":0.8416487735478091,""score"":65.83512264521909},""V5_bo_expansion"":{""value"":0.7415148925230625,""score"":0},""_score"":23.59},""readiness"":{""_distance_atr"":2.832,""BR1_atr_distance"":{""score"":0},""BR2_compression"":{""score"":26.443261458143947},""BR3_retest"":{""score"":50.0},""BR4_bo_age"":{""score"":50.0},""_score"":24.11},""risk"":{""R1_stop_clarity"":{""score"":8.580536417653008},""R2_stop_distance_pct"":{""value"":3.4776815389314346,""score"":100.0},""R3_stop_distance_atr"":{""value"":1.081473069580493,""score"":79.07365347902466},""R4_rr_potential"":{""value"":9.551857853918303,""score"":100.0},""_score"":64.86},""market"":{""M1_spy_regime"":{""score"":100.0},""M3_earnings_risk"":{""value"":null,""score"":80.0},""M4_vix"":{""value"":null,""score"":60.0},""_score"":84.0},""liquidity"":{""L1_price"":{""value"":198.7301,""score"":100.0},""L2_dollar_vol"":{""value"":21659794620.204273,""score"":100.0},""L3_spread_proxy"":{""value"":0.03517333307838109,""score"":64.82666692161891},""L4_volume_zscore"":{""value"":-1.0610286516865959,""score"":100.0},""_score"":96.48},""pattern_structure"":{""left_rim"":212.1899,""left_rim_idx"":52,""cup_bottom"":164.27,""cup_bottom_idx"":155,""right_rim"":216.825,""right_rim_idx"":174,""handle_low"":194.74,""handle_bars"":5,""cup_bars"":122,""structural_low"":194.74,""current_price"":198.7301,""neckline_distance_pct"":0.09105263872961367,""base_bars"":127},""pattern_geometry_features"":{""cup_depth_pct"":0.2258349714100435,""rim_symmetry_pct"":0.021844112278671106,""handle_depth_pct"":0.10185633575464074,""handle_to_cup_ratio"":0.040983606557377046,""cup_duration_bars"":122.0,""atr_pct"":0.03215689448726115,""u_shape_score"":0.1557377049180328},""_schema_version"":""1.0""}",,,,,,,,,,
20260504T200431Z-7bad84,2026-05-04T20:04:31.798741+00:00,EA,tight_consolidation,absent,50.23,49.4,31.0,59.3,67.9,37.2,28.9,46.0,84.0,99.7,7.91,6.2,10.68,6.79,4.84,2.32,2.3,4.2,4.99,True,risk_unclear,201.78,204.0,198.6942,206.28,"{""trend"":{""T1_ema_stack"":{""value"":[false,true,true],""score"":66.66666666666666},""T2_ema50_slope"":{""value"":0.018014009447159713,""score"":53.002334907859954},""T3_high_proximity"":{""value"":0.9883424764890283,""score"":94.17123824451411},""T4_rs_1m"":{""value"":-0.10381124301253608,""score"":0},""T5_rs_3m"":{""value"":-0.04149542994085065,""score"":29.252285029574676},""T6_adr_healthy"":{""value"":0.4017365189649106,""score"":72.54341297412277},""_score"":49.41},""geometry"":{""sub_tightness"":4.9,""sub_duration"":100.0,""sub_dry_up"":31.3,""sub_location"":31.2,""_score"":31.02},""compression"":{""VC1_atr_ratio"":{""value"":0.2624508552993292,""score"":100},""VC2_range_contraction"":{""value"":0.9758998625757019,""score"":4.016689570716344},""VC3_range_pct_rank"":{""score"":71.66666666666667},""_score"":59.32},""sr_quality"":{""SR1_touches"":{""value"":4,""score"":75.0},""SR2_tightness"":{""value"":0.13259430606176356,""score"":66.82180009178383},""SR3_recency"":{""value"":237,""score"":0.0},""SR4_price_location"":{""score"":81.68346176644981},""SR5_reaction"":{""value"":3.18252904378911,""score"":100},""_score"":67.94,""_levels_found"":5,""_target_level"":202.0375},""volume"":{""V1_rvol_day"":{""value"":0.5722360966645739,""score"":4.8157397776382584},""V2_rvol_sameslot"":{""value"":1.224419293305816,""score"":48.29461955372107,""status"":""ok""},""V3_breakout_bar"":{""value"":1.15190180727935,""score"":43.460120485290005},""V4_base_dryup"":{""value"":0.7123533602136866,""score"":78.76466397863135},""V5_bo_expansion"":{""value"":0.5722360966645739,""score"":0},""_score"":37.24},""readiness"":{""_distance_atr"":2.777,""BR1_atr_distance"":{""score"":0},""BR2_compression"":{""score"":45.81084300313678},""BR3_retest"":{""score"":50.0},""BR4_bo_age"":{""score"":50.0},""_score"":28.95},""risk"":{""R1_stop_clarity"":{""score"":0},""R2_stop_distance_pct"":{""value"":1.5292893250074369,""score"":88.23223312518593},""R3_stop_distance_atr"":{""value"":3.8606970509383562,""score"":100.0},""R4_rr_potential"":{""value"":1.458292825199297,""score"":22.914641259964853},""_score"":46.05},""market"":{""M1_spy_regime"":{""score"":100.0},""M3_earnings_risk"":{""value"":null,""score"":80.0},""M4_vix"":{""value"":null,""score"":60.0},""_score"":84.0},""liquidity"":{""L1_price"":{""value"":201.78,""score"":100.0},""L2_dollar_vol"":{""value"":175792437.83532116,""score"":100.0},""L3_spread_proxy"":{""value"":0.0028744176826247026,""score"":97.12558231737529},""L4_volume_zscore"":{""value"":-1.6816757346075542,""score"":100.0},""_score"":99.71},""pattern_structure"":{""window_bars"":18,""range_pct"":0.011299435028248593,""range_atr"":2.85254691689009,""vol_ratio"":0.693320240651309,""range_location_63d"":0.6748633879781424,""pivot_high"":204.0,""pivot_low"":201.72,""structural_low"":201.72,""current_price"":201.78,""neckline_distance_pct"":0.011002081474873618,""base_bars"":18},""pattern_geometry_features"":{""range_pct"":0.011299435028248593,""range_atr"":2.85254691689009,""duration_bars"":18.0,""vol_dryup_ratio"":0.693320240651309,""location_in_range"":0.6748633879781424,""atr_pct"":0.0039611741217450295},""_schema_version"":""1.0""}",,,,,,,,,,
20260504T200431Z-7bad84,2026-05-04T20:04:31.798741+00:00,TDG,ascending_triangle,forming,50.21,15.9,58.2,56.9,39.9,52.0,56.3,48.9,84.0,73.1,2.38,16.3,4.55,5.58,6.25,4.5,1.96,5.04,3.65,True,risk_unclear;trend_floor,1156.44,1173.0,1111.2868,1217.79,"{""trend"":{""T1_ema_stack"":{""value"":[false,false,false],""score"":0.0},""T2_ema50_slope"":{""value"":-0.11676572951381471,""score"":30.53904508103088},""T3_high_proximity"":{""value"":0.8636723476078807,""score"":31.836173803940326},""T4_rs_1m"":{""value"":-0.10392098993300614,""score"":0},""T5_rs_3m"":{""value"":-0.2269667215470439,""score"":0},""T6_adr_healthy"":{""value"":2.751433312922034,""score"":100.0},""_score"":15.88},""geometry"":{""sub_flat_top_quality"":100,""sub_hl_slope"":2.4,""sub_compression"":49.9,""sub_duration"":100.0,""_score"":58.2},""compression"":{""VC1_atr_ratio"":{""value"":0.33889477697000603,""score"":100},""VC2_range_contraction"":{""value"":1.026690720594816,""score"":0},""VC3_range_pct_rank"":{""score"":67.5},""_score"":56.88},""sr_quality"":{""SR1_touches"":{""value"":2,""score"":25.0},""SR2_tightness"":{""value"":4.355000000000018,""score"":75.87090518733974},""SR3_recency"":{""value"":281,""score"":0.0},""SR4_price_location"":{""score"":23.979371301665044},""SR5_reaction"":{""value"":2.44933859685574,""score"":100},""_score"":39.88,""_levels_found"":6,""_target_level"":1241.445},""volume"":{""V1_rvol_day"":{""value"":0.8351117803462833,""score"":22.340785356418888},""V2_rvol_sameslot"":{""value"":1.6433219269054877,""score"":76.22146179369919,""status"":""ok""},""V3_breakout_bar"":{""value"":1.9094267413649215,""score"":93.96178275766144},""V4_base_dryup"":{""value"":1.057476983998285,""score"":44.252301600171506},""V5_bo_expansion"":{""value"":0.8351117803462832,""score"":0},""_score"":52.05},""readiness"":{""_distance_atr"":0.459,""BR1_atr_distance"":{""score"":69.41616455433211},""BR2_compression"":{""score"":44.185534575623876},""BR3_retest"":{""score"":50.0},""BR4_bo_age"":{""score"":50.0},""_score"":56.31},""risk"":{""R1_stop_clarity"":{""score"":6.236442966964049},""R2_stop_distance_pct"":{""value"":3.9044956936806137,""score"":100.0},""R3_stop_distance_atr"":{""value"":1.250866403490549,""score"":87.54332017452745},""R4_rr_potential"":{""value"":1.3587091930463273,""score"":17.935459652316364},""_score"":48.9},""market"":{""M1_spy_regime"":{""score"":100.0},""M3_earnings_risk"":{""value"":null,""score"":80.0},""M4_vix"":{""value"":null,""score"":60.0},""_score"":84.0},""liquidity"":{""L1_price"":{""value"":1156.44,""score"":0.0},""L2_dollar_vol"":{""value"":356952881.0486195,""score"":100.0},""L3_spread_proxy"":{""value"":0.019270346926775345,""score"":80.72965307322465},""L4_volume_zscore"":{""value"":-0.46375501884570974,""score"":100.0},""_score"":73.07},""pattern_structure"":{""top"":1173.0,""top_touches"":4,""low_slope_per_bar"":0.08252433936020363,""lowest_low"":1128.21,""structural_low"":1128.21,""current_price"":1154.07,""neckline_distance_pct"":0.01640281785333651,""base_bars"":30},""pattern_geometry_features"":{""top_touches"":4.0,""low_slope"":0.08252433936020363,""compression"":0.24926148496587186,""atr_pct"":0.03121433018574245},""_schema_version"":""1.0""}",,,,,,,,,,
20260504T200431Z-7bad84,2026-05-04T20:04:31.798741+00:00,MCHP,vcp,breakout_confirmed,50.2,100.0,37.2,17.3,42.5,29.9,42.6,39.2,84.0,97.3,15.0,9.29,2.07,5.1,3.88,2.98,1.96,5.04,4.86,False,,95.31,92.24,82.6908,125.17,"{""trend"":{""T1_ema_stack"":{""value"":[true,true,true],""score"":100.0},""T2_ema50_slope"":{""value"":0.44555477497015583,""score"":100},""T3_high_proximity"":{""value"":1.0,""score"":99.99999999999997},""T4_rs_1m"":{""value"":0.35802419471806934,""score"":100},""T5_rs_3m"":{""value"":0.18811477288371714,""score"":100},""T6_adr_healthy"":{""value"":3.438790937861833,""score"":100.0},""_score"":100.0},""geometry"":{""sub_contraction_count"":100.0,""sub_reduction_rate"":0,""sub_pivot_tightness"":14.4,""sub_volume_dryup"":0,""sub_base_depth"":0.0,""sub_base_duration"":100.0,""_score"":37.16},""compression"":{""VC1_atr_ratio"":{""value"":1.0000535769307606,""score"":0},""VC2_range_contraction"":{""value"":1.0441930718259254,""score"":0},""VC3_range_pct_rank"":{""score"":69.16666666666667},""_score"":17.29},""sr_quality"":{""SR1_touches"":{""value"":2,""score"":25.0},""SR2_tightness"":{""value"":0.30000000000000426,""score"":83.36630369565063},""SR3_recency"":{""value"":225,""score"":0.0},""SR4_price_location"":{""score"":30.0},""SR5_reaction"":{""value"":2.0293109491305925,""score"":100},""_score"":42.5,""_levels_found"":5,""_target_level"":83.65},""volume"":{""V1_rvol_day"":{""value"":0.6409773531488503,""score"":9.398490209923354},""V2_rvol_sameslot"":{""value"":1.074618550885246,""score"":38.30790339234973,""status"":""ok""},""V3_breakout_bar"":{""value"":1.2301802860409428,""score"":48.678685736062846},""V4_base_dryup"":{""value"":1.0920641530723327,""score"":40.79358469276673},""V5_bo_expansion"":{""value"":0.6409773531488504,""score"":0},""_score"":29.87},""readiness"":{""_distance_atr"":-0.851,""BR1_atr_distance"":{""score"":42.97818411521601},""BR2_compression"":{""score"":31.710669046324785},""BR3_retest"":{""score"":50.0},""BR4_bo_age"":{""score"":50.0},""_score"":42.62},""risk"":{""R1_stop_clarity"":{""score"":30.18005976249482},""R2_stop_distance_pct"":{""value"":13.240216136816695,""score"":0.0},""R3_stop_distance_atr"":{""value"":3.4984128681442948,""score"":100.0},""R4_rr_potential"":{""value"":2.366226202032609,""score"":68.31131010163045},""_score"":39.23},""market"":{""M1_spy_regime"":{""score"":100.0},""M3_earnings_risk"":{""value"":null,""score"":80.0},""M4_vix"":{""value"":null,""score"":60.0},""_score"":84.0},""liquidity"":{""L1_price"":{""value"":95.31,""score"":100.0},""L2_dollar_vol"":{""value"":585383306.6842154,""score"":100.0},""L3_spread_proxy"":{""value"":0.02725317385374039,""score"":72.74682614625961},""L4_volume_zscore"":{""value"":-1.1366601068890465,""score"":100.0},""_score"":97.27},""pattern_structure"":{""n_contractions"":5,""contractions_pct"":[8.63,8.06,22.11,12.91,8.99],""descending_strict"":false,""final_low"":83.95,""final_pivot"":92.24,""structural_low"":83.95,""dry_up_ratio"":1.2929442857421694,""current_price"":95.31,""neckline_distance_pct"":-0.03221068093589348,""base_bars"":62,""recent_base_height"":32.92999999999999},""pattern_geometry_features"":{""contraction_count"":5.0,""first_contraction_pct"":0.0862815747041321,""last_contraction_pct"":0.08987424111014736,""dry_up_ratio"":1.2929442857421694,""near_monotone"":0.0,""base_depth_pct"":-0.03094809154868174},""_schema_version"":""1.0""}",,,,,,,,,,
20260504T200431Z-7bad84,2026-05-04T20:04:31.798741+00:00,TSLA,bull_flag,absent,50.2,37.4,47.0,65.9,55.5,22.8,48.5,63.9,84.0,97.5,5.23,14.09,5.93,5.55,3.19,4.36,1.92,5.04,4.87,True,risk_unclear,392.775,397.8211,379.0284,427.4722,"{""trend"":{""T1_ema_stack"":{""value"":[true,false,false],""score"":33.33333333333333},""T2_ema50_slope"":{""value"":-0.10844677315053142,""score"":31.925537808244762},""T3_high_proximity"":{""value"":0.9171200410955705,""score"":58.56002054778525},""T4_rs_1m"":{""value"":-0.005615650447611253,""score"":44.38434955238875},""T5_rs_3m"":{""value"":-0.10139064295983158,""score"":0},""T6_adr_healthy"":{""value"":3.7345864202002774,""score"":100.0},""_score"":37.38},""geometry"":{""sub_pole_impulse"":27.9,""sub_flag_tightness"":39.5,""sub_flag_shallowness"":18.7,""sub_flag_drift"":100,""sub_flag_duration"":100.0,""_score"":46.98},""compression"":{""VC1_atr_ratio"":{""value"":0.3551879983830016,""score"":100},""VC2_range_contraction"":{""value"":0.8519883266928382,""score"":24.668612217860304},""VC3_range_pct_rank"":{""score"":69.16666666666667},""_score"":65.93},""sr_quality"":{""SR1_touches"":{""value"":3,""score"":50.0},""SR2_tightness"":{""value"":2.686910658895978,""score"":64.03075031861285},""SR3_recency"":{""value"":248,""score"":0.0},""SR4_price_location"":{""score"":65.62204636853883},""SR5_reaction"":{""value"":1.936183647079486,""score"":96.8091823539743},""_score"":55.53,""_levels_found"":6,""_target_level"":396.9267},""volume"":{""V1_rvol_day"":{""value"":0.6822600219621243,""score"":12.150668130808288},""V2_rvol_sameslot"":{""value"":0.7396786342677439,""score"":15.978575617849597,""status"":""ok""},""V3_breakout_bar"":{""value"":0.5895715461879576,""score"":5.971436412530506},""V4_base_dryup"":{""value"":0.7167563550611019,""score"":78.32436449388982},""V5_bo_expansion"":{""value"":0.682260021962124,""score"":0},""_score"":22.78},""readiness"":{""_distance_atr"":0.338,""BR1_atr_distance"":{""score"":77.48288476255394},""BR2_compression"":{""score"":0},""BR3_retest"":{""score"":50.0},""BR4_bo_age"":{""score"":50.0},""_score"":48.49},""risk"":{""R1_stop_clarity"":{""score"":22.731065028499117},""R2_stop_distance_pct"":{""value"":3.499867863280501,""score"":100.0},""R3_stop_distance_atr"":{""value"":0.920118244066999,""score"":71.00591220334995},""R4_rr_potential"":{""value"":2.5240557560171615,""score"":76.20278780085808},""_score"":63.85},""market"":{""M1_spy_regime"":{""score"":100.0},""M3_earnings_risk"":{""value"":null,""score"":80.0},""M4_vix"":{""value"":null,""score"":60.0},""_score"":84.0},""liquidity"":{""L1_price"":{""value"":392.775,""score"":100.0},""L2_dollar_vol"":{""value"":17505279113.260464,""score"":100.0},""L3_spread_proxy"":{""value"":0.025051492584813092,""score"":74.94850741518691},""L4_volume_zscore"":{""value"":-1.174835014742778,""score"":100.0},""_score"":97.49},""pattern_structure"":{""pole_low"":368.17,""pole_low_idx"":42,""peak_price"":397.8211,""peak_idx"":52,""pole_gain"":0.08053643697205091,""flag_bars"":7,""flag_low"":384.8004,""flag_high"":396.425,""structural_low"":384.8004,""current_price"":393.085,""neckline_distance_pct"":0.012048539120037708,""base_bars"":7},""pattern_geometry_features"":{""pole_gain"":0.08053643697205091,""pullback_pct"":0.032730038703326636,""flag_range_pct"":0.0292206723072255,""flag_drift_per_bar"":0.000682095293820514,""atr_pct"":0.03803715322294658,""pole_atr_multiple"":2.1173097918239026},""_schema_version"":""1.0""}",,,,,,,,,,
20260504T200431Z-7bad84,2026-05-04T20:04:31.798741+00:00,NBIS,double_bottom,extended,50.0,100.0,61.6,27.0,43.3,39.8,44.1,37.3,84.0,90.0,15.0,15.39,2.16,6.06,5.18,3.52,2.24,5.04,4.5,True,stop_too_wide;price_extended_above_trigger,178.4,167.43,149.4245,183.16,"{""trend"":{""T1_ema_stack"":{""value"":[true,true,true],""score"":100.0},""T2_ema50_slope"":{""value"":0.7813045955596185,""score"":100},""T3_high_proximity"":{""value"":1.0,""score"":99.99999999999997},""T4_rs_1m"":{""value"":0.5445323744823702,""score"":100},""T5_rs_3m"":{""value"":0.9910371327510223,""score"":100},""T6_adr_healthy"":{""value"":7.70224348629904,""score"":100.0},""_score"":100.0},""geometry"":{""sub_low_similarity"":46.2,""sub_bounce_quality"":100,""sub_separation_fit"":0.0,""sub_right_bottom_reaction"":51.4,""sub_base_context"":100.0,""_score"":61.57},""compression"":{""VC1_atr_ratio"":{""value"":0.7696286199100713,""score"":57.59284502248219},""VC2_range_contraction"":{""value"":1.1503812521771064,""score"":0},""VC3_range_pct_rank"":{""score"":15.833333333333332},""_score"":27.0},""sr_quality"":{""SR1_touches"":{""value"":2,""score"":25.0},""SR2_tightness"":{""value"":0.6400000000000006,""score"":89.75998829712948},""SR3_recency"":{""value"":229,""score"":0.0},""SR4_price_location"":{""score"":30.0},""SR5_reaction"":{""value"":1.9759982582837243,""score"":98.79991291418622},""_score"":43.28,""_levels_found"":6,""_target_level"":168.07},""volume"":{""V1_rvol_day"":{""value"":1.3329482259392924,""score"":55.52988172928616},""V2_rvol_sameslot"":{""value"":1.7329238487609024,""score"":82.19492325072683,""status"":""ok""},""V3_breakout_bar"":{""value"":0.8453340510543922,""score"":23.022270070292812},""V4_base_dryup"":{""value"":1.3409395731895852,""score"":15.90604268104147},""V5_bo_expansion"":{""value"":1.3329482259392926,""score"":22.196548395952842},""_score"":39.81},""readiness"":{""_distance_atr"":-0.878,""BR1_atr_distance"":{""score"":42.44797994054851},""BR2_compression"":{""score"":38.32328896697032},""BR3_retest"":{""score"":50.0},""BR4_bo_age"":{""score"":50.0},""_score"":44.06},""risk"":{""R1_stop_clarity"":{""score"":63.591958390809694},""R2_stop_distance_pct"":{""value"":16.241872197309423,""score"":0.0},""R3_stop_distance_atr"":{""value"":2.3180426491915993,""score"":100.0},""R4_rr_potential"":{""value"":0.1642767165363848,""score"":0.0},""_score"":37.26},""market"":{""M1_spy_regime"":{""score"":100.0},""M3_earnings_risk"":{""value"":null,""score"":80.0},""M4_vix"":{""value"":null,""score"":60.0},""_score"":84.0},""liquidity"":{""L1_price"":{""value"":178.4,""score"":100.0},""L2_dollar_vol"":{""value"":3954970845.590349,""score"":100.0},""L3_spread_proxy"":{""value"":0.11042600896860996,""score"":0},""L4_volume_zscore"":{""value"":1.3039788680676654,""score"":100.0},""_score"":90.0},""pattern_structure"":{""left_low"":155.84,""left_idx"":26,""right_low"":151.7,""right_idx"":73,""separation_bars"":47,""structural_low"":151.7,""current_price"":177.65,""neckline_distance_pct"":-0.0575288488601182,""base_bars"":47},""pattern_geometry_features"":{""low_similarity_pct"":0.02692332704688831,""bounce_pct"":0.10369149637442333,""right_bottom_reaction"":0.5135135135135177,""atr_pct"":0.07006718449711724},""_schema_version"":""1.0""}",,,,,,,,,,
20260504T200431Z-7bad84,2026-05-04T20:04:31.798741+00:00,STM,double_bottom,extended,50.0,99.3,74.0,18.7,45.1,14.4,35.3,26.4,84.0,96.5,14.9,18.5,1.49,6.31,1.87,2.83,1.59,5.04,4.83,True,price_extended_above_trigger,55.235,51.6,48.2305,54.235,"{""trend"":{""T1_ema_stack"":{""value"":[true,true,true],""score"":100.0},""T2_ema50_slope"":{""value"":0.7422872169730225,""score"":100},""T3_high_proximity"":{""value"":0.990762331838565,""score"":95.38116591928247},""T4_rs_1m"":{""value"":0.5145392751660764,""score"":100},""T5_rs_3m"":{""value"":0.8873254876680152,""score"":100},""T6_adr_healthy"":{""value"":3.2025969209766485,""score"":100.0},""_score"":99.31},""geometry"":{""sub_low_similarity"":69.4,""sub_bounce_quality"":34.0,""sub_separation_fit"":100.0,""sub_right_bottom_reaction"":75.7,""sub_base_context"":100.0,""_score"":73.98},""compression"":{""VC1_atr_ratio"":{""value"":0.8903441204821734,""score"":27.41396987945666},""VC2_range_contraction"":{""value"":1.0973053786096436,""score"":0},""VC3_range_pct_rank"":{""score"":30.833333333333336},""_score"":18.67},""sr_quality"":{""SR1_touches"":{""value"":3,""score"":50.0},""SR2_tightness"":{""value"":0.19510680835549116,""score"":82.12079648517836},""SR3_recency"":{""value"":259,""score"":0.0},""SR4_price_location"":{""score"":30.0},""SR5_reaction"":{""value"":1.368461244749905,""score"":68.42306223749524},""_score"":45.08,""_levels_found"":4,""_target_level"":34.86},""volume"":{""V1_rvol_day"":{""value"":0.8302029513796043,""score"":22.01353009197362},""V2_rvol_sameslot"":{""value"":0.9544233087419708,""score"":30.29488724946472,""status"":""ok""},""V3_breakout_bar"":{""value"":0.7289492384144804,""score"":15.263282560965363},""V4_base_dryup"":{""value"":1.4953799139480666,""score"":0.46200860519334697},""V5_bo_expansion"":{""value"":0.8302029513796044,""score"":0},""_score"":14.37},""readiness"":{""_distance_atr"":-1.666,""BR1_atr_distance"":{""score"":26.68957617411227},""BR2_compression"":{""score"":28.562350710509243},""BR3_retest"":{""score"":50.0},""BR4_bo_age"":{""score"":50.0},""_score"":35.32},""risk"":{""R1_stop_clarity"":{""score"":32.69415807560107},""R2_stop_distance_pct"":{""value"":12.68122567212818,""score"":0.0},""R3_stop_distance_atr"":{""value"":3.209381443298969,""score"":100.0},""R4_rr_potential"":{""value"":-0.14276587467297694,""score"":0.0},""_score"":26.44},""market"":{""M1_spy_regime"":{""score"":100.0},""M3_earnings_risk"":{""value"":null,""score"":80.0},""M4_vix"":{""value"":null,""score"":60.0},""_score"":84.0},""liquidity"":{""L1_price"":{""value"":55.235,""score"":100.0},""L2_dollar_vol"":{""value"":544837939.4918531,""score"":100.0},""L3_spread_proxy"":{""value"":0.03457952385262974,""score"":65.42047614737027},""L4_volume_zscore"":{""value"":-0.4035559168237748,""score"":100.0},""_score"":96.54},""pattern_structure"":{""left_low"":49.72,""left_idx"":36,""right_low"":48.965,""right_idx"":51,""separation_bars"":15,""structural_low"":48.965,""current_price"":55.165,""neckline_distance_pct"":-0.06462430889150726,""base_bars"":15},""pattern_geometry_features"":{""low_similarity_pct"":0.015301210923645852,""bounce_pct"":0.053813948738895084,""right_bottom_reaction"":0.7565789473684175,""atr_pct"":0.03951298995202317},""_schema_version"":""1.0""}",,,,,,,,,,
20260504T200431Z-7bad84,2026-05-04T20:04:31.798741+00:00,MCHP,double_bottom,extended,50.0,100.0,56.3,17.3,42.5,29.5,36.6,25.6,84.0,97.3,15.0,14.09,1.38,5.95,3.83,2.93,1.53,5.04,4.86,True,price_extended_above_trigger,95.31,89.545,82.7104,95.12,"{""trend"":{""T1_ema_stack"":{""value"":[true,true,true],""score"":100.0},""T2_ema50_slope"":{""value"":0.44555477497015583,""score"":100},""T3_high_proximity"":{""value"":1.0,""score"":99.99999999999997},""T4_rs_1m"":{""value"":0.35802419471806934,""score"":100},""T5_rs_3m"":{""value"":0.18811477288371714,""score"":100},""T6_adr_healthy"":{""value"":3.438790937861833,""score"":100.0},""_score"":100.0},""geometry"":{""sub_low_similarity"":8.3,""sub_bounce_quality"":52.0,""sub_separation_fit"":100.0,""sub_right_bottom_reaction"":56.3,""sub_base_context"":100.0,""_score"":56.34},""compression"":{""VC1_atr_ratio"":{""value"":1.0000535769307606,""score"":0},""VC2_range_contraction"":{""value"":1.0441930718259254,""score"":0},""VC3_range_pct_rank"":{""score"":69.16666666666667},""_score"":17.29},""sr_quality"":{""SR1_touches"":{""value"":2,""score"":25.0},""SR2_tightness"":{""value"":0.30000000000000426,""score"":83.36630369565063},""SR3_recency"":{""value"":225,""score"":0.0},""SR4_price_location"":{""score"":30.0},""SR5_reaction"":{""value"":2.0293109491305925,""score"":100},""_score"":42.5,""_levels_found"":5,""_target_level"":83.65},""volume"":{""V1_rvol_day"":{""value"":0.6409773531488503,""score"":9.398490209923354},""V2_rvol_sameslot"":{""value"":1.074618550885246,""score"":38.30790339234973,""status"":""ok""},""V3_breakout_bar"":{""value"":1.2301802860409428,""score"":48.678685736062846},""V4_base_dryup"":{""value"":1.1109380906919424,""score"":38.906190930805764},""V5_bo_expansion"":{""value"":0.6409773531488504,""score"":0},""_score"":29.49},""readiness"":{""_distance_atr"":-1.598,""BR1_atr_distance"":{""score"":28.035580268475748},""BR2_compression"":{""score"":31.710669046324785},""BR3_retest"":{""score"":50.0},""BR4_bo_age"":{""score"":50.0},""_score"":36.64},""risk"":{""R1_stop_clarity"":{""score"":30.163426066189928},""R2_stop_distance_pct"":{""value"":13.219546742209639,""score"":0.0},""R3_stop_distance_atr"":{""value"":3.4929514711910374,""score"":100.0},""R4_rr_potential"":{""value"":-0.015079903647352295,""score"":0.0},""_score"":25.56},""market"":{""M1_spy_regime"":{""score"":100.0},""M3_earnings_risk"":{""value"":null,""score"":80.0},""M4_vix"":{""value"":null,""score"":60.0},""_score"":84.0},""liquidity"":{""L1_price"":{""value"":95.31,""score"":100.0},""L2_dollar_vol"":{""value"":585383306.6842154,""score"":100.0},""L3_spread_proxy"":{""value"":0.02725317385374039,""score"":72.74682614625961},""L4_volume_zscore"":{""value"":-1.1366601068890465,""score"":100.0},""_score"":97.27},""pattern_structure"":{""left_low"":87.91,""left_idx"":39,""right_low"":83.97,""right_idx"":55,""separation_bars"":16,""structural_low"":83.97,""current_price"":95.06,""neckline_distance_pct"":-0.05801598990111509,""base_bars"":16},""pattern_geometry_features"":{""low_similarity_pct"":0.04584593902722827,""bounce_pct"":0.06639275931880437,""right_bottom_reaction"":0.5632183908045889,""atr_pct"":0.037846351004991195},""_schema_version"":""1.0""}",,,,,,,,,,
20260504T200431Z-7bad84,2026-05-04T20:04:31.798741+00:00,SIRI,cup_with_handle,extended,50.0,93.2,69.6,33.3,49.1,6.7,45.7,30.1,84.0,93.5,13.05,20.87,2.66,5.9,0.88,3.65,1.51,4.2,4.67,True,price_extended_above_trigger,26.825,24.262,22.8126,28.5569,"{""trend"":{""T1_ema_stack"":{""value"":[true,true,true],""score"":100.0},""T2_ema50_slope"":{""value"":0.42399318297231753,""score"":100},""T3_high_proximity"":{""value"":0.9559871703492516,""score"":77.99358517462579},""T4_rs_1m"":{""value"":0.03270246443582314,""score"":82.70246443582315},""T5_rs_3m"":{""value"":0.28433124610051763,""score"":100},""T6_adr_healthy"":{""value"":3.7502955944924525,""score"":100.0},""_score"":93.24},""geometry"":{""sub_cup_depth"":98.5,""sub_cup_duration"":0.0,""sub_rim_symmetry"":83.2,""sub_handle_shallowness"":62.1,""sub_handle_proportion"":100.0,""sub_u_shape"":72.0,""_score"":69.56},""compression"":{""VC1_atr_ratio"":{""value"":0.7566072019989445,""score"":60.848199500263874},""VC2_range_contraction"":{""value"":1.7937331708988822,""score"":0},""VC3_range_pct_rank"":{""score"":35.83333333333333},""_score"":33.3},""sr_quality"":{""SR1_touches"":{""value"":4,""score"":75.0},""SR2_tightness"":{""value"":0.26432401990738585,""score"":56.857635923014826},""SR3_recency"":{""value"":238,""score"":0.0},""SR4_price_location"":{""score"":30.0},""SR5_reaction"":{""value"":1.4160361410667446,""score"":70.80180705333723},""_score"":49.15,""_levels_found"":4,""_target_level"":23.1438},""volume"":{""V1_rvol_day"":{""value"":0.39010663030094156,""score"":0},""V2_rvol_sameslot"":{""value"":0.5325410630965798,""score"":2.169404206438652,""status"":""ok""},""V3_breakout_bar"":{""value"":0.8785312515279409,""score"":25.23541676852939},""V4_base_dryup"":{""value"":1.6625901500908424,""score"":0},""V5_bo_expansion"":{""value"":0.39010663030094156,""score"":0},""_score"":6.74},""readiness"":{""_distance_atr"":-2.092,""BR1_atr_distance"":{""score"":18.167298163800652},""BR2_compression"":{""score"":83.57069467076136},""BR3_retest"":{""score"":50.0},""BR4_bo_age"":{""score"":50.0},""_score"":45.66},""risk"":{""R1_stop_clarity"":{""score"":43.29816380064114},""R2_stop_distance_pct"":{""value"":14.957688723205964,""score"":0.0},""R3_stop_distance_atr"":{""value"":3.274473914310697,""score"":100.0},""R4_rr_potential"":{""value"":0.4316369255308543,""score"":0.0},""_score"":30.15},""market"":{""M1_spy_regime"":{""score"":100.0},""M3_earnings_risk"":{""value"":null,""score"":80.0},""M4_vix"":{""value"":null,""score"":60.0},""_score"":84.0},""liquidity"":{""L1_price"":{""value"":26.825,""score"":100.0},""L2_dollar_vol"":{""value"":65525785.90536458,""score"":90.82061192527857},""L3_spread_proxy"":{""value"":0.028704566635601236,""score"":71.29543336439876},""L4_volume_zscore"":{""value"":-1.067394894322499,""score"":100.0},""_score"":93.46},""pattern_structure"":{""left_rim"":24.0599,""left_rim_idx"":34,""cup_bottom"":19.765,""cup_bottom_idx"":114,""right_rim"":24.262,""right_rim_idx"":159,""handle_low"":23.16,""handle_bars"":20,""cup_bars"":125,""structural_low"":23.16,""current_price"":26.825,""neckline_distance_pct"":-0.09554520037278653,""base_bars"":145},""pattern_geometry_features"":{""cup_depth_pct"":0.17850863885552304,""rim_symmetry_pct"":0.008399868661133318,""handle_depth_pct"":0.045420822685681324,""handle_to_cup_ratio"":0.16,""cup_duration_bars"":125.0,""atr_pct"":0.04567966981760084,""u_shape_score"":0.36},""_schema_version"":""1.0""}",,,,,,,,,,
20260504T200431Z-7bad84,2026-05-04T20:04:31.798741+00:00,DDOG,cup_with_handle,extended,50.0,84.0,68.8,56.5,37.1,50.2,43.9,31.4,84.0,94.5,11.75,20.64,4.52,4.46,6.52,3.51,1.57,4.2,4.73,True,stop_too_wide;price_extended_above_trigger,147.005,135.96,122.4552,171.3899,"{""trend"":{""T1_ema_stack"":{""value"":[true,true,false],""score"":66.66666666666666},""T2_ema50_slope"":{""value"":0.06894739023685963,""score"":61.491231706143274},""T3_high_proximity"":{""value"":1.0,""score"":99.99999999999997},""T4_rs_1m"":{""value"":0.12650538731912775,""score"":100},""T5_rs_3m"":{""value"":0.10657578565993142,""score"":100},""T6_adr_healthy"":{""value"":5.396588367361903,""score"":100.0},""_score"":83.96},""geometry"":{""sub_cup_depth"":100.0,""sub_cup_duration"":100.0,""sub_rim_symmetry"":62.2,""sub_handle_shallowness"":28.7,""sub_handle_proportion"":100.0,""sub_u_shape"":37.5,""_score"":68.81},""compression"":{""VC1_atr_ratio"":{""value"":0.5163106352715019,""score"":100},""VC2_range_contraction"":{""value"":0.8349910812330823,""score"":27.50148646115295},""VC3_range_pct_rank"":{""score"":27.500000000000004},""_score"":56.5},""sr_quality"":{""SR1_touches"":{""value"":2,""score"":25.0},""SR2_tightness"":{""value"":0.9400000000000119,""score"":73.13326187924226},""SR3_recency"":{""value"":322,""score"":0.0},""SR4_price_location"":{""score"":40.873480060158904},""SR5_reaction"":{""value"":1.1282815291175416,""score"":56.41407645587708},""_score"":37.15,""_levels_found"":7,""_target_level"":151.015},""volume"":{""V1_rvol_day"":{""value"":1.0344844401696982,""score"":35.632296011313215},""V2_rvol_sameslot"":{""value"":1.943746175546032,""score"":96.24974503640212,""status"":""ok""},""V3_breakout_bar"":{""value"":1.28166959737626,""score"":52.11130649175067},""V4_base_dryup"":{""value"":0.979146051332519,""score"":52.0853948667481},""V5_bo_expansion"":{""value"":1.0344844401696982,""score"":2.2989626779798806},""_score"":50.17},""readiness"":{""_distance_atr"":-1.578,""BR1_atr_distance"":{""score"":28.431582708110092},""BR2_compression"":{""score"":59.90347560076666},""BR3_retest"":{""score"":50.0},""BR4_bo_age"":{""score"":50.0},""_score"":43.85},""risk"":{""R1_stop_clarity"":{""score"":46.70096463022504},""R2_stop_distance_pct"":{""value"":16.699976191286016,""score"":0.0},""R3_stop_distance_atr"":{""value"":3.508367274026437,""score"":100.0},""R4_rr_potential"":{""value"":0.9932830410023712,""score"":0.0},""_score"":31.35},""market"":{""M1_spy_regime"":{""score"":100.0},""M3_earnings_risk"":{""value"":null,""score"":80.0},""M4_vix"":{""value"":null,""score"":60.0},""_score"":84.0},""liquidity"":{""L1_price"":{""value"":147.005,""score"":100.0},""L2_dollar_vol"":{""value"":744118801.7486211,""score"":100.0},""L3_spread_proxy"":{""value"":0.054760042175436285,""score"":45.23995782456372},""L4_volume_zscore"":{""value"":0.12546751873868078,""score"":100.0},""_score"":94.52},""pattern_structure"":{""left_rim"":133.44,""left_rim_idx"":122,""cup_bottom"":98.0101,""cup_bottom_idx"":131,""right_rim"":135.96,""right_rim_idx"":170,""handle_low"":124.32,""handle_bars"":9,""cup_bars"":48,""structural_low"":124.32,""current_price"":147.005,""neckline_distance_pct"":-0.07513349886058289,""base_bars"":57},""pattern_geometry_features"":{""cup_depth_pct"":0.265511840527578,""rim_symmetry_pct"":0.018884892086331012,""handle_depth_pct"":0.0856134157105032,""handle_to_cup_ratio"":0.1875,""cup_duration_bars"":48.0,""atr_pct"":0.04760042175436212,""u_shape_score"":0.1875},""_schema_version"":""1.0""}",,,,,,,,,,
20260504T200431Z-7bad84,2026-05-04T20:04:31.798741+00:00,MU,double_bottom,extended,50.0,100.0,81.8,42.9,51.3,30.7,42.2,32.5,84.0,84.1,15.0,20.45,3.43,7.18,4.0,3.38,1.95,5.04,4.2,True,stop_too_wide;price_extended_above_trigger,578.985,535.5,485.627,577.9777,"{""trend"":{""T1_ema_stack"":{""value"":[true,true,true],""score"":100.0},""T2_ema50_slope"":{""value"":0.47901842911560594,""score"":100},""T3_high_proximity"":{""value"":1.0,""score"":99.99999999999997},""T4_rs_1m"":{""value"":0.4860174338575378,""score"":100},""T5_rs_3m"":{""value"":0.2899311035122696,""score"":100},""T6_adr_healthy"":{""value"":5.126483030958153,""score"":100.0},""_score"":100.0},""geometry"":{""sub_low_similarity"":61.6,""sub_bounce_quality"":80.2,""sub_separation_fit"":100.0,""sub_right_bottom_reaction"":81.9,""sub_base_context"":100.0,""_score"":81.81},""compression"":{""VC1_atr_ratio"":{""value"":0.7500047947556412,""score"":62.4988013110897},""VC2_range_contraction"":{""value"":0.8471083860603126,""score"":25.481935656614574},""VC3_range_pct_rank"":{""score"":35.83333333333333},""_score"":42.88},""sr_quality"":{""SR1_touches"":{""value"":3,""score"":50.0},""SR2_tightness"":{""value"":1.1903117248108666,""score"":91.96615283242986},""SR3_recency"":{""value"":231,""score"":0.0},""SR4_price_location"":{""score"":30.0},""SR5_reaction"":{""value"":2.29320780158991,""score"":100},""_score"":51.29,""_levels_found"":4,""_target_level"":437.1866},""volume"":{""V1_rvol_day"":{""value"":1.0585627697790552,""score"":37.237517985270344},""V2_rvol_sameslot"":{""value"":0.9615012037191354,""score"":30.766746914609026,""status"":""ok""},""V3_breakout_bar"":{""value"":0.6394454528506645,""score"":9.29636352337763},""V4_base_dryup"":{""value"":0.7886264758755509,""score"":71.13735241244491},""V5_bo_expansion"":{""value"":1.058562769779055,""score"":3.9041846519369963},""_score"":30.74},""readiness"":{""_distance_atr"":-1.467,""BR1_atr_distance"":{""score"":30.650390414553147},""BR2_compression"":{""score"":49.847854848709204},""BR3_retest"":{""score"":50.0},""BR4_bo_age"":{""score"":50.0},""_score"":42.22},""risk"":{""R1_stop_clarity"":{""score"":50.08619516412891},""R2_stop_distance_pct"":{""value"":16.124430598374747,""score"":0.0},""R3_stop_distance_atr"":{""value"":3.150536810669976,""score"":100.0},""R4_rr_potential"":{""value"":-0.010789644462791109,""score"":0.0},""_score"":32.53},""market"":{""M1_spy_regime"":{""score"":100.0},""M3_earnings_risk"":{""value"":null,""score"":80.0},""M4_vix"":{""value"":null,""score"":60.0},""_score"":84.0},""liquidity"":{""L1_price"":{""value"":578.985,""score"":60.50749999999999},""L2_dollar_vol"":{""value"":24047215243.3052,""score"":100.0},""L3_spread_proxy"":{""value"":0.06051797542250661,""score"":39.48202457749339},""L4_volume_zscore"":{""value"":0.3812428524186763,""score"":100.0},""_score"":84.08},""pattern_structure"":{""left_low"":493.0223,""left_idx"":42,""right_low"":502.575,""right_idx"":63,""separation_bars"":21,""structural_low"":493.0223,""current_price"":578.645,""neckline_distance_pct"":-0.07456212358181612,""base_bars"":21},""pattern_geometry_features"":{""low_similarity_pct"":0.019189887316890104,""bounce_pct"":0.08615776608887676,""right_bottom_reaction"":0.8193255100962037,""atr_pct"":0.05117994668008915},""_schema_version"":""1.0""}",,,,,,,,,,
20260504T200431Z-7bad84,2026-05-04T20:04:31.798741+00:00,DDOG,ascending_triangle,extended,50.0,84.0,52.9,56.5,37.1,55.2,43.9,30.8,84.0,94.5,12.59,14.82,4.52,5.2,6.63,3.51,1.23,5.04,4.73,True,price_extended_above_trigger,147.005,136.0,126.08,144.0,"{""trend"":{""T1_ema_stack"":{""value"":[true,true,false],""score"":66.66666666666666},""T2_ema50_slope"":{""value"":0.06894739023685963,""score"":61.491231706143274},""T3_high_proximity"":{""value"":1.0,""score"":99.99999999999997},""T4_rs_1m"":{""value"":0.12650538731912775,""score"":100},""T5_rs_3m"":{""value"":0.10657578565993142,""score"":100},""T6_adr_healthy"":{""value"":5.396588367361903,""score"":100.0},""_score"":83.96},""geometry"":{""sub_flat_top_quality"":33.3,""sub_hl_slope"":93.1,""sub_compression"":0,""sub_duration"":100.0,""_score"":52.92},""compression"":{""VC1_atr_ratio"":{""value"":0.5163106352715019,""score"":100},""VC2_range_contraction"":{""value"":0.8349910812330823,""score"":27.50148646115295},""VC3_range_pct_rank"":{""score"":27.500000000000004},""_score"":56.5},""sr_quality"":{""SR1_touches"":{""value"":2,""score"":25.0},""SR2_tightness"":{""value"":0.9400000000000119,""score"":73.13326187924226},""SR3_recency"":{""value"":322,""score"":0.0},""SR4_price_location"":{""score"":40.873480060158904},""SR5_reaction"":{""value"":1.1282815291175416,""score"":56.41407645587708},""_score"":37.15,""_levels_found"":7,""_target_level"":151.015},""volume"":{""V1_rvol_day"":{""value"":1.0344844401696982,""score"":35.632296011313215},""V2_rvol_sameslot"":{""value"":1.943746175546032,""score"":96.24974503640212,""status"":""ok""},""V3_breakout_bar"":{""value"":1.28166959737626,""score"":52.11130649175067},""V4_base_dryup"":{""value"":0.7267556872548386,""score"":77.32443127451614},""V5_bo_expansion"":{""value"":1.0344844401696982,""score"":2.2989626779798806},""_score"":55.21},""readiness"":{""_distance_atr"":-1.573,""BR1_atr_distance"":{""score"":28.545909253304778},""BR2_compression"":{""score"":59.90347560076666},""BR3_retest"":{""score"":50.0},""BR4_bo_age"":{""score"":50.0},""_score"":43.89},""risk"":{""R1_stop_clarity"":{""score"":45.12325830653803},""R2_stop_distance_pct"":{""value"":14.234209720757796,""score"":0.0},""R3_stop_distance_atr"":{""value"":2.9903536977491942,""score"":100.0},""R4_rr_potential"":{""value"":-0.14360812425328534,""score"":0.0},""_score"":30.79},""market"":{""M1_spy_regime"":{""score"":100.0},""M3_earnings_risk"":{""value"":null,""score"":80.0},""M4_vix"":{""value"":null,""score"":60.0},""_score"":84.0},""liquidity"":{""L1_price"":{""value"":147.005,""score"":100.0},""L2_dollar_vol"":{""value"":744118801.7486211,""score"":100.0},""L3_spread_proxy"":{""value"":0.054760042175436285,""score"":45.23995782456372},""L4_volume_zscore"":{""value"":0.12546751873868078,""score"":100.0},""_score"":94.52},""pattern_structure"":{""top"":136.0,""top_touches"":2,""low_slope_per_bar"":0.35757875816993534,""lowest_low"":128.0,""structural_low"":128.0,""current_price"":146.44,""neckline_distance_pct"":-0.07129199672220703,""base_bars"":35},""pattern_geometry_features"":{""top_touches"":2.0,""low_slope"":0.35757875816993534,""compression"":-0.010888448894554648,""atr_pct"":0.04760042175436212},""_schema_version"":""1.0""}",,,,,,,,,,
20260504T200431Z-7bad84,2026-05-04T20:04:31.798741+00:00,ASTS,inverse_head_shoulders,forming,49.99,13.3,64.8,84.2,34.2,18.3,29.9,79.0,84.0,96.3,1.6,18.16,6.74,4.79,2.56,2.39,4.74,4.2,4.82,True,reversal_trend_cap,68.56,77.8,66.4776,88.11,"{""trend"":{""T1_ema_stack"":{""value"":[false,false,true],""score"":33.33333333333333},""T2_ema50_slope"":{""value"":-0.32670062996686083,""score"":0},""T3_high_proximity"":{""value"":0.5922598479612993,""score"":0},""T4_rs_1m"":{""value"":-0.35464325449745093,""score"":0},""T5_rs_3m"":{""value"":-0.3767935407516132,""score"":0},""T6_adr_healthy"":{""value"":7.28079482166958,""score"":100.0},""_score"":13.33},""geometry"":{""sub_head_depth"":85.9,""sub_shoulder_price_sym"":43.1,""sub_shoulder_time_sym"":84.6,""sub_right_shoulder_reaction"":87.7,""sub_base_context"":30.0,""_score"":64.84},""compression"":{""VC1_atr_ratio"":{""value"":0.4348755261993868,""score"":100},""VC2_range_contraction"":{""value"":0.66022416664717,""score"":56.62930555880501},""VC3_range_pct_rank"":{""score"":97.5},""_score"":84.2},""sr_quality"":{""SR1_touches"":{""value"":2,""score"":25.0},""SR2_tightness"":{""value"":0.8250000000000028,""score"":70.91189325798118},""SR3_recency"":{""value"":231,""score"":0.0},""SR4_price_location"":{""score"":4.413472706155588},""SR5_reaction"":{""value"":3.7153445429578467,""score"":100},""_score"":34.24,""_levels_found"":7,""_target_level"":72.675},""volume"":{""V1_rvol_day"":{""value"":0.6385415288023162,""score"":9.236101920154411},""V2_rvol_sameslot"":{""value"":0.9445559633980628,""score"":29.637064226537518,""status"":""ok""},""V3_breakout_bar"":{""value"":0.8383550002849749,""score"":22.557000018998327},""V4_base_dryup"":{""value"":1.2554426159556826,""score"":24.45573840443174},""V5_bo_expansion"":{""value"":0.6385415288023162,""score"":0},""_score"":18.31},""readiness"":{""_distance_atr"":1.629,""BR1_atr_distance"":{""score"":0},""BR2_compression"":{""score"":49.44094016277331},""BR3_retest"":{""score"":50.0},""BR4_bo_age"":{""score"":50.0},""_score"":29.86},""risk"":{""R1_stop_clarity"":{""score"":64.30624865420292},""R2_stop_distance_pct"":{""value"":3.0372666277713027,""score"":100.0},""R3_stop_distance_atr"":{""value"":0.3671007216620778,""score"":43.35503608310389},""R4_rr_potential"":{""value"":9.388431339592263,""score"":100.0},""_score"":79.01},""market"":{""M1_spy_regime"":{""score"":100.0},""M3_earnings_risk"":{""value"":null,""score"":80.0},""M4_vix"":{""value"":null,""score"":60.0},""_score"":84.0},""liquidity"":{""L1_price"":{""value"":68.56,""score"":100.0},""L2_dollar_vol"":{""value"":736498678.5543284,""score"":100.0},""L3_spread_proxy"":{""value"":0.03697491248541419,""score"":63.02508751458581},""L4_volume_zscore"":{""value"":-0.7778912764949895,""score"":100.0},""_score"":96.3},""pattern_structure"":{""left_shoulder"":73.9,""left_shoulder_idx"":64,""head"":67.49,""head_idx"":76,""right_shoulder"":70.6101,""right_shoulder_idx"":89,""left_to_head_bars"":12,""head_to_right_bars"":13,""structural_low"":67.49,""current_price"":68.43,""neckline_distance_pct"":0.1369282478445125,""base_bars"":25},""pattern_geometry_features"":{""head_depth_pct"":0.06594763964594884,""shoulder_price_asymmetry"":0.04553176559977472,""shoulder_time_asymmetry"":0.07692307692307693,""right_shoulder_reaction"":0.8769136087391358,""atr_pct"":0.08273660193365559},""_schema_version"":""1.0""}",,,,,,,,,,
20260504T200431Z-7bad84,2026-05-04T20:04:31.798741+00:00,TSLA,base_on_base,forming,49.96,37.4,59.7,65.9,55.5,15.7,28.0,25.9,84.0,97.5,6.73,14.91,6.59,5.55,1.88,2.24,1.29,5.88,4.87,True,stop_too_wide,392.775,409.28,332.1814,450.07,"{""trend"":{""T1_ema_stack"":{""value"":[true,false,false],""score"":33.33333333333333},""T2_ema50_slope"":{""value"":-0.10844677315053142,""score"":31.925537808244762},""T3_high_proximity"":{""value"":0.9171200410955705,""score"":58.56002054778525},""T4_rs_1m"":{""value"":-0.005615650447611253,""score"":44.38434955238875},""T5_rs_3m"":{""value"":-0.10139064295983158,""score"":0},""T6_adr_healthy"":{""value"":3.7345864202002774,""score"":100.0},""_score"":37.38},""geometry"":{""sub_shallower_second"":0,""sub_second_base_depth"":100.0,""sub_rim_advance"":100,""sub_dry_up"":23.3,""sub_second_base_duration"":100.0,""_score"":59.66},""compression"":{""VC1_atr_ratio"":{""value"":0.3551879983830016,""score"":100},""VC2_range_contraction"":{""value"":0.8519883266928382,""score"":24.668612217860304},""VC3_range_pct_rank"":{""score"":69.16666666666667},""_score"":65.93},""sr_quality"":{""SR1_touches"":{""value"":3,""score"":50.0},""SR2_tightness"":{""value"":2.686910658895978,""score"":64.03075031861285},""SR3_recency"":{""value"":248,""score"":0.0},""SR4_price_location"":{""score"":65.62204636853883},""SR5_reaction"":{""value"":1.936183647079486,""score"":96.8091823539743},""_score"":55.53,""_levels_found"":6,""_target_level"":396.9267},""volume"":{""V1_rvol_day"":{""value"":0.6822600219621243,""score"":12.150668130808288},""V2_rvol_sameslot"":{""value"":0.7396786342677439,""score"":15.978575617849597,""status"":""ok""},""V3_breakout_bar"":{""value"":0.5895715461879576,""score"":5.971436412530506},""V4_base_dryup"":{""value"":1.0728484443651218,""score"":42.71515556348782},""V5_bo_expansion"":{""value"":0.682260021962124,""score"":0},""_score"":15.66},""readiness"":{""_distance_atr"":1.105,""BR1_atr_distance"":{""score"":26.350055093231347},""BR2_compression"":{""score"":0},""BR3_retest"":{""score"":50.0},""BR4_bo_age"":{""score"":50.0},""_score"":28.04},""risk"":{""R1_stop_clarity"":{""score"":32.28131875697407},""R2_stop_distance_pct"":{""value"":15.427051110686776,""score"":0.0},""R3_stop_distance_atr"":{""value"":4.055784884916187,""score"":97.21075575419067},""R4_rr_potential"":{""value"":0.9455619075281875,""score"":0.0},""_score"":25.88},""market"":{""M1_spy_regime"":{""score"":100.0},""M3_earnings_risk"":{""value"":null,""score"":80.0},""M4_vix"":{""value"":null,""score"":60.0},""_score"":84.0},""liquidity"":{""L1_price"":{""value"":392.775,""score"":100.0},""L2_dollar_vol"":{""value"":17505279113.260464,""score"":100.0},""L3_spread_proxy"":{""value"":0.025051492584813092,""score"":74.94850741518691},""L4_volume_zscore"":{""value"":-1.174835014742778,""score"":100.0},""_score"":97.49},""pattern_structure"":{""first_base_low"":314.6,""first_base_top"":355.39,""first_base_bars"":10,""second_base_low"":337.24,""second_base_top"":409.28,""second_base_bars"":36,""structural_low"":337.24,""stacking_overlap_pct"":0.05107065477362891,""current_price"":392.775,""neckline_distance_pct"":0.04202151358920501,""base_bars"":36},""pattern_geometry_features"":{""first_base_depth_pct"":0.11477531725709773,""second_base_depth_pct"":0.17601641907740415,""second_dry_up_ratio"":0.8835058089556511,""rim_advance_pct"":0.15163623061988235,""atr_pct"":0.03803715322294658},""_schema_version"":""1.0""}",,,,,,,,,,
20260504T200431Z-7bad84,2026-05-04T20:04:31.798741+00:00,TSLA,double_bottom,absent,49.93,37.4,48.2,65.9,55.5,16.0,48.5,55.6,84.0,97.5,5.61,12.06,5.27,7.77,2.08,3.88,3.34,5.04,4.87,True,risk_unclear;reversal_trend_cap,392.775,397.8211,362.8641,427.2522,"{""trend"":{""T1_ema_stack"":{""value"":[true,false,false],""score"":33.33333333333333},""T2_ema50_slope"":{""value"":-0.10844677315053142,""score"":31.925537808244762},""T3_high_proximity"":{""value"":0.9171200410955705,""score"":58.56002054778525},""T4_rs_1m"":{""value"":-0.005615650447611253,""score"":44.38434955238875},""T5_rs_3m"":{""value"":-0.10139064295983158,""score"":0},""T6_adr_healthy"":{""value"":3.7345864202002774,""score"":100.0},""_score"":37.38},""geometry"":{""sub_low_similarity"":12.8,""sub_bounce_quality"":71.3,""sub_separation_fit"":6.7,""sub_right_bottom_reaction"":60.9,""sub_base_context"":100.0,""_score"":48.24},""compression"":{""VC1_atr_ratio"":{""value"":0.3551879983830016,""score"":100},""VC2_range_contraction"":{""value"":0.8519883266928382,""score"":24.668612217860304},""VC3_range_pct_rank"":{""score"":69.16666666666667},""_score"":65.93},""sr_quality"":{""SR1_touches"":{""value"":3,""score"":50.0},""SR2_tightness"":{""value"":2.686910658895978,""score"":64.03075031861285},""SR3_recency"":{""value"":248,""score"":0.0},""SR4_price_location"":{""score"":65.62204636853883},""SR5_reaction"":{""value"":1.936183647079486,""score"":96.8091823539743},""_score"":55.53,""_levels_found"":6,""_target_level"":396.9267},""volume"":{""V1_rvol_day"":{""value"":0.6822600219621243,""score"":12.150668130808288},""V2_rvol_sameslot"":{""value"":0.7396786342677439,""score"":15.978575617849597,""status"":""ok""},""V3_breakout_bar"":{""value"":0.5895715461879576,""score"":5.971436412530506},""V4_base_dryup"":{""value"":1.0545086475990595,""score"":44.54913524009405},""V5_bo_expansion"":{""value"":0.682260021962124,""score"":0},""_score"":16.03},""readiness"":{""_distance_atr"":0.338,""BR1_atr_distance"":{""score"":77.48288476255394},""BR2_compression"":{""score"":0},""BR3_retest"":{""score"":50.0},""BR4_bo_age"":{""score"":50.0},""_score"":48.49},""risk"":{""R1_stop_clarity"":{""score"":26.02631661986058},""R2_stop_distance_pct"":{""value"":7.615263191394559,""score"":100.0},""R3_stop_distance_atr"":{""value"":2.0020591832304944,""score"":100.0},""R4_rr_potential"":{""value"":1.1526653371602633,""score"":7.633266858013165},""_score"":55.64},""market"":{""M1_spy_regime"":{""score"":100.0},""M3_earnings_risk"":{""value"":null,""score"":80.0},""M4_vix"":{""value"":null,""score"":60.0},""_score"":84.0},""liquidity"":{""L1_price"":{""value"":392.775,""score"":100.0},""L2_dollar_vol"":{""value"":17505279113.260464,""score"":100.0},""L3_spread_proxy"":{""value"":0.025051492584813092,""score"":74.94850741518691},""L4_volume_zscore"":{""value"":-1.174835014742778,""score"":100.0},""_score"":97.49},""pattern_structure"":{""left_low"":368.39,""left_idx"":32,""right_low"":384.8004,""right_idx"":76,""separation_bars"":44,""structural_low"":368.39,""current_price"":393.085,""neckline_distance_pct"":0.012048539120037708,""base_bars"":44},""pattern_geometry_features"":{""low_similarity_pct"":0.04357570144282253,""bounce_pct"":0.07989114796818593,""right_bottom_reaction"":0.608522924125183,""atr_pct"":0.03803715322294658},""_schema_version"":""1.0""}",,,,,,,,,,
20260504T200431Z-7bad84,2026-05-04T20:04:31.798741+00:00,SMR,double_bottom,forming,49.92,31.8,64.4,39.6,45.0,12.6,40.1,82.0,84.0,95.2,4.77,16.11,3.17,6.31,1.64,3.21,4.92,5.04,4.76,True,reversal_trend_cap,12.185,13.25,11.7215,14.6,"{""trend"":{""T1_ema_stack"":{""value"":[true,false,false],""score"":33.33333333333333},""T2_ema50_slope"":{""value"":-0.3660081358902549,""score"":0},""T3_high_proximity"":{""value"":0.6814876957494408,""score"":0},""T4_rs_1m"":{""value"":0.10562046409209302,""score"":100},""T5_rs_3m"":{""value"":-0.29317526571249497,""score"":0},""T6_adr_healthy"":{""value"":9.254018870825455,""score"":68.64952822936363},""_score"":31.77},""geometry"":{""sub_low_similarity"":78.3,""sub_bounce_quality"":100,""sub_separation_fit"":46.7,""sub_right_bottom_reaction"":53.0,""sub_base_context"":30.0,""_score"":64.44},""compression"":{""VC1_atr_ratio"":{""value"":0.8185385543876111,""score"":45.36536140309722},""VC2_range_contraction"":{""value"":1.2647086816288833,""score"":0},""VC3_range_pct_rank"":{""score"":85.83333333333334},""_score"":39.6},""sr_quality"":{""SR1_touches"":{""value"":2,""score"":25.0},""SR2_tightness"":{""value"":0.32750000000000057,""score"":50.71482317531972},""SR3_recency"":{""value"":254,""score"":0.0},""SR4_price_location"":{""score"":85.07157464212686},""SR5_reaction"":{""value"":1.1568848758465011,""score"":57.84424379232506},""_score"":45.05,""_levels_found"":8,""_target_level"":12.3675},""volume"":{""V1_rvol_day"":{""value"":0.4741260964927909,""score"":0},""V2_rvol_sameslot"":{""value"":0.6030615169747358,""score"":6.870767798315717,""status"":""ok""},""V3_breakout_bar"":{""value"":0.7482656404940079,""score"":16.551042699600526},""V4_base_dryup"":{""value"":1.1465759539293965,""score"":35.342404607060345},""V5_bo_expansion"":{""value"":0.4741260964927909,""score"":0},""_score"":12.58},""readiness"":{""_distance_atr"":0.801,""BR1_atr_distance"":{""score"":46.5763732129421},""BR2_compression"":{""score"":15.957421540421699},""BR3_retest"":{""score"":50.0},""BR4_bo_age"":{""score"":50.0},""_score"":40.12},""risk"":{""R1_stop_clarity"":{""score"":73.13769751693007},""R2_stop_distance_pct"":{""value"":3.8038572014772245,""score"":100.0},""R3_stop_distance_atr"":{""value"":0.34875846501128643,""score"":42.437923250564324},""R4_rr_potential"":{""value"":5.210355987055016,""score"":100.0},""_score"":81.96},""market"":{""M1_spy_regime"":{""score"":100.0},""M3_earnings_risk"":{""value"":null,""score"":80.0},""M4_vix"":{""value"":null,""score"":60.0},""_score"":84.0},""liquidity"":{""L1_price"":{""value"":12.185,""score"":100.0},""L2_dollar_vol"":{""value"":219740019.70028082,""score"":100.0},""L3_spread_proxy"":{""value"":0.047599507591300785,""score"":52.400492408699215},""L4_volume_zscore"":{""value"":-1.1816622284626939,""score"":100.0},""_score"":95.24},""pattern_structure"":{""left_low"":12.03,""left_idx"":38,""right_low"":11.9,""right_idx"":76,""separation_bars"":38,""structural_low"":11.9,""current_price"":12.235,""neckline_distance_pct"":0.08295872496935028,""base_bars"":38},""pattern_geometry_features"":{""low_similarity_pct"":0.010865022983702382,""bounce_pct"":0.11344537815126048,""right_bottom_reaction"":0.530303030303027,""atr_pct"":0.1090685268773082},""_schema_version"":""1.0""}",,,,,,,,,,
20260504T200431Z-7bad84,2026-05-04T20:04:31.798741+00:00,ESLT,double_bottom,forming,49.9,63.7,52.9,44.8,40.1,18.1,46.0,57.5,84.0,67.9,9.56,13.22,3.58,5.61,2.36,3.68,3.45,5.04,3.39,True,risk_unclear,859.76,886.0,806.715,953.0,"{""trend"":{""T1_ema_stack"":{""value"":[true,true,true],""score"":100.0},""T2_ema50_slope"":{""value"":0.15445191589474253,""score"":75.7419859824571},""T3_high_proximity"":{""value"":0.8476136957400451,""score"":23.80684787002252},""T4_rs_1m"":{""value"":-0.12773039842987932,""score"":0},""T5_rs_3m"":{""value"":0.19995079822708095,""score"":100},""T6_adr_healthy"":{""value"":2.7585995476868996,""score"":100.0},""_score"":63.72},""geometry"":{""sub_low_similarity"":24.5,""sub_bounce_quality"":74.0,""sub_separation_fit"":0.0,""sub_right_bottom_reaction"":71.5,""sub_base_context"":100.0,""_score"":52.88},""compression"":{""VC1_atr_ratio"":{""value"":0.3966086552189602,""score"":100},""VC2_range_contraction"":{""value"":1.1651702256745928,""score"":0},""VC3_range_pct_rank"":{""score"":19.166666666666664},""_score"":44.79},""sr_quality"":{""SR1_touches"":{""value"":2,""score"":25.0},""SR2_tightness"":{""value"":4.694999999999993,""score"":67.21344184039688},""SR3_recency"":{""value"":227,""score"":0.0},""SR4_price_location"":{""score"":30.0},""SR5_reaction"":{""value"":2.7512251937240153,""score"":100},""_score"":40.08,""_levels_found"":3,""_target_level"":805.305},""volume"":{""V1_rvol_day"":{""value"":0.8057325977003934,""score"":20.38217318002623},""V2_rvol_sameslot"":{""value"":0.762595165420776,""score"":17.506344361385064,""status"":""ok""},""V3_breakout_bar"":{""value"":0.8311543554919284,""score"":22.076957032795228},""V4_base_dryup"":{""value"":1.247411282622828,""score"":25.258871737717186},""V5_bo_expansion"":{""value"":0.8057325977003934,""score"":0},""_score"":18.15},""readiness"":{""_distance_atr"":0.916,""BR1_atr_distance"":{""score"":38.91946850493523},""BR2_compression"":{""score"":51.78253287350856},""BR3_retest"":{""score"":50.0},""BR4_bo_age"":{""score"":50.0},""_score"":46.01},""risk"":{""R1_stop_clarity"":{""score"":14.210251972156811},""R2_stop_distance_pct"":{""value"":6.1697450451288685,""score"":100.0},""R3_stop_distance_atr"":{""value"":1.852143746087485,""score"":100.0},""R4_rr_potential"":{""value"":1.7577528513526266,""score"":37.88764256763133},""_score"":57.55},""market"":{""M1_spy_regime"":{""score"":100.0},""M3_earnings_risk"":{""value"":null,""score"":80.0},""M4_vix"":{""value"":null,""score"":60.0},""_score"":84.0},""liquidity"":{""L1_price"":{""value"":859.76,""score"":0.0},""L2_dollar_vol"":{""value"":70188771.1675304,""score"":92.31338195261496},""L3_spread_proxy"":{""value"":0.04069158835023729,""score"":59.30841164976271},""L4_volume_zscore"":{""value"":-0.844539885551606,""score"":100.0},""_score"":67.86},""pattern_structure"":{""left_low"":850.5,""left_idx"":21,""right_low"":819.0,""right_idx"":68,""separation_bars"":47,""structural_low"":819.0,""current_price"":857.72,""neckline_distance_pct"":0.0329711327706011,""base_bars"":47},""pattern_geometry_features"":{""low_similarity_pct"":0.03773584905660377,""bounce_pct"":0.08180708180708181,""right_bottom_reaction"":0.7153392330383447,""atr_pct"":0.03331137260896728},""_schema_version"":""1.0""}",,,,,,,,,,
20260504T200431Z-7bad84,2026-05-04T20:04:31.798741+00:00,APH,bull_flag,absent,49.83,64.6,29.3,57.7,74.2,28.2,39.7,65.0,84.0,97.3,9.04,8.78,5.19,7.42,3.95,3.57,1.95,5.04,4.87,True,risk_unclear,141.12,154.918,138.0872,167.577,"{""trend"":{""T1_ema_stack"":{""value"":[false,true,true],""score"":66.66666666666666},""T2_ema50_slope"":{""value"":0.271839673930527,""score"":95.3066123217545},""T3_high_proximity"":{""value"":0.9234997709573981,""score"":61.74988547869903},""T4_rs_1m"":{""value"":0.0076278532546545375,""score"":57.62785325465454},""T5_rs_3m"":{""value"":-0.0588448867682575,""score"":20.577556615871252},""T6_adr_healthy"":{""value"":3.1915727250157775,""score"":100.0},""_score"":64.6},""geometry"":{""sub_pole_impulse"":34.8,""sub_flag_tightness"":0,""sub_flag_shallowness"":0,""sub_flag_drift"":83.9,""sub_flag_duration"":62.5,""_score"":29.27},""compression"":{""VC1_atr_ratio"":{""value"":0.4574507724064792,""score"":100},""VC2_range_contraction"":{""value"":1.0782797604972143,""score"":0},""VC3_range_pct_rank"":{""score"":70.83333333333333},""_score"":57.71},""sr_quality"":{""SR1_touches"":{""value"":7,""score"":100},""SR2_tightness"":{""value"":1.7461468133801226,""score"":33.426590939594384},""SR3_recency"":{""value"":225,""score"":0.0},""SR4_price_location"":{""score"":96.86574080220103},""SR5_reaction"":{""value"":2.0661025849810306,""score"":100},""_score"":74.23,""_levels_found"":4,""_target_level"":141.4741},""volume"":{""V1_rvol_day"":{""value"":0.7040289568157431,""score"":13.60193045438287},""V2_rvol_sameslot"":{""value"":0.830273334640229,""score"":22.0182223093486,""status"":""ok""},""V3_breakout_bar"":{""value"":0.8223714996049222,""score"":21.49143330699481},""V4_base_dryup"":{""value"":0.7131979872336635,""score"":78.68020127663365},""V5_bo_expansion"":{""value"":0.7040289568157432,""score"":0},""_score"":28.23},""readiness"":{""_distance_atr"":2.63,""BR1_atr_distance"":{""score"":0},""BR2_compression"":{""score"":88.8371982150823},""BR3_retest"":{""score"":50.0},""BR4_bo_age"":{""score"":50.0},""_score"":39.71},""risk"":{""R1_stop_clarity"":{""score"":19.82696290486676},""R2_stop_distance_pct"":{""value"":2.1491284013605414,""score"":100.0},""R3_stop_distance_atr"":{""value"":0.5781505945597064,""score"":53.90752972798531},""R4_rr_potential"":{""value"":8.723477916810939,""score"":100.0},""_score"":65.03},""market"":{""M1_spy_regime"":{""score"":100.0},""M3_earnings_risk"":{""value"":null,""score"":80.0},""M4_vix"":{""value"":null,""score"":60.0},""_score"":84.0},""liquidity"":{""L1_price"":{""value"":141.12,""score"":100.0},""L2_dollar_vol"":{""value"":743924124.5395882,""score"":100.0},""L3_spread_proxy"":{""value"":0.02664399092970515,""score"":73.35600907029485},""L4_volume_zscore"":{""value"":-0.9852824114352483,""score"":100.0},""_score"":97.34},""pattern_structure"":{""pole_low"":142.259,""pole_low_idx"":31,""peak_price"":154.918,""peak_idx"":36,""pole_gain"":0.08898558263449076,""flag_bars"":23,""flag_low"":140.19,""flag_high"":153.6,""structural_low"":140.19,""current_price"":141.182,""neckline_distance_pct"":0.09729285602980564,""base_bars"":23},""pattern_geometry_features"":{""pole_gain"":0.08898558263449076,""pullback_pct"":0.09506964975019047,""flag_range_pct"":0.08656192308188845,""flag_drift_per_bar"":-0.003227710784884939,""atr_pct"":0.03717246720116618,""pole_atr_multiple"":2.3938573179156397},""_schema_version"":""1.0""}",,,,,,,,,,
20260504T200431Z-7bad84,2026-05-04T20:04:31.798741+00:00,GD,vcp,absent,49.82,42.7,48.9,37.5,55.0,25.3,57.2,58.1,84.0,97.0,6.4,12.22,4.5,6.61,3.29,4.0,2.9,5.04,4.85,True,risk_unclear,348.7975,356.42,332.7428,385.85,"{""trend"":{""T1_ema_stack"":{""value"":[true,false,true],""score"":66.66666666666666},""T2_ema50_slope"":{""value"":-0.1805410958905805,""score"":19.909817351569913},""T3_high_proximity"":{""value"":0.952686277723151,""score"":76.34313886157545},""T4_rs_1m"":{""value"":-0.0957100395523579,""score"":0},""T5_rs_3m"":{""value"":-0.025547932253213723,""score"":37.226033873393135},""T6_adr_healthy"":{""value"":2.212616770195185,""score"":100.0},""_score"":42.68},""geometry"":{""sub_contraction_count"":100.0,""sub_reduction_rate"":0,""sub_pivot_tightness"":68.3,""sub_volume_dryup"":0,""sub_base_depth"":36.3,""sub_base_duration"":100.0,""_score"":48.88},""compression"":{""VC1_atr_ratio"":{""value"":0.6541302600664953,""score"":86.46743498337617},""VC2_range_contraction"":{""value"":1.284531145485496,""score"":0},""VC3_range_pct_rank"":{""score"":11.66666666666667},""_score"":37.5},""sr_quality"":{""SR1_touches"":{""value"":2,""score"":25.0},""SR2_tightness"":{""value"":0.23500000000001364,""score"":95.04404996019395},""SR3_recency"":{""value"":257,""score"":0.0},""SR4_price_location"":{""score"":92.16183935503133},""SR5_reaction"":{""value"":1.3676313194953371,""score"":68.38156597476686},""_score"":55.05,""_levels_found"":5,""_target_level"":349.235},""volume"":{""V1_rvol_day"":{""value"":0.7562533513833624,""score"":17.083556758890825},""V2_rvol_sameslot"":{""value"":0.9857933759196226,""score"":32.386225061308174,""status"":""ok""},""V3_breakout_bar"":{""value"":0.8599664653874186,""score"":23.99776435916124},""V4_base_dryup"":{""value"":1.029154497833365,""score"":47.08455021666349},""V5_bo_expansion"":{""value"":0.7562533513833624,""score"":0},""_score"":25.31},""readiness"":{""_distance_atr"":0.804,""BR1_atr_distance"":{""score"":46.41598698096524},""BR2_compression"":{""score"":84.54459503704948},""BR3_retest"":{""score"":50.0},""BR4_bo_age"":{""score"":50.0},""_score"":57.2},""risk"":{""R1_stop_clarity"":{""score"":0},""R2_stop_distance_pct"":{""value"":4.602856958550459,""score"":100.0},""R3_stop_distance_atr"":{""value"":1.692894538437615,""score"":100.0},""R4_rr_potential"":{""value"":2.307898334750363,""score"":65.39491673751816},""_score"":58.08},""market"":{""M1_spy_regime"":{""score"":100.0},""M3_earnings_risk"":{""value"":null,""score"":80.0},""M4_vix"":{""value"":null,""score"":60.0},""_score"":84.0},""liquidity"":{""L1_price"":{""value"":348.7975,""score"":100.0},""L2_dollar_vol"":{""value"":411497088.5024262,""score"":100.0},""L3_spread_proxy"":{""value"":0.03018943656419548,""score"":69.81056343580453},""L4_volume_zscore"":{""value"":-0.656535241679891,""score"":100.0},""_score"":96.98},""pattern_structure"":{""n_contractions"":5,""contractions_pct"":[3.02,6.41,5.35,4.84,5.22],""descending_strict"":false,""final_low"":337.81,""final_pivot"":356.42,""structural_low"":337.81,""dry_up_ratio"":1.361203490910721,""current_price"":348.7975,""neckline_distance_pct"":0.02185365434098582,""base_bars"":49,""recent_base_height"":29.430000000000007},""pattern_geometry_features"":{""contraction_count"":5.0,""first_contraction_pct"":0.03024073573167435,""last_contraction_pct"":0.0522136804893104,""dry_up_ratio"":1.361203490910721,""near_monotone"":0.0,""base_depth_pct"":0.08625912902353255},""_schema_version"":""1.0""}",,,,,,,,,,
20260504T200431Z-7bad84,2026-05-04T20:04:31.798741+00:00,AMD,high_tight_pullback,forming,49.81,96.6,50.5,2.7,39.9,18.7,44.6,74.2,84.0,93.3,11.6,17.67,0.27,3.19,2.62,4.02,0.74,5.04,4.66,False,,344.35,362.79,333.6195,415.58,"{""trend"":{""T1_ema_stack"":{""value"":[true,true,true],""score"":100.0},""T2_ema50_slope"":{""value"":0.7529057477609222,""score"":100},""T3_high_proximity"":{""value"":0.9550951350751651,""score"":77.54756753758252},""T4_rs_1m"":{""value"":0.4883462440592523,""score"":100},""T5_rs_3m"":{""value"":0.3657057364120182,""score"":100},""T6_adr_healthy"":{""value"":4.432119261654983,""score"":100.0},""_score"":96.63},""geometry"":{""sub_pole_impulse"":52.6,""sub_flag_tightness"":37.3,""sub_flag_shallowness"":22.0,""sub_flag_drift"":73.3,""sub_flag_duration"":100.0,""_score"":50.5},""compression"":{""VC1_atr_ratio"":{""value"":1.289667299391449,""score"":0},""VC2_range_contraction"":{""value"":1.228339880788061,""score"":0},""VC3_range_pct_rank"":{""score"":10.833333333333329},""_score"":2.71},""sr_quality"":{""SR1_touches"":{""value"":2,""score"":25.0},""SR2_tightness"":{""value"":3.2150999999999783,""score"":65.97649193091222},""SR3_recency"":{""value"":286,""score"":0.0},""SR4_price_location"":{""score"":30.0},""SR5_reaction"":{""value"":2.704329717676404,""score"":100},""_score"":39.9,""_levels_found"":3,""_target_level"":263.7449},""volume"":{""V1_rvol_day"":{""value"":0.9269067817621811,""score"":28.46045211747874},""V2_rvol_sameslot"":{""value"":0.8344588738759932,""score"":22.297258258399545,""status"":""ok""},""V3_breakout_bar"":{""value"":0.5707132389275953,""score"":4.714215928506352},""V4_base_dryup"":{""value"":1.1320457426196326,""score"":36.795425738036734},""V5_bo_expansion"":{""value"":0.9269067817621811,""score"":0},""_score"":18.69},""readiness"":{""_distance_atr"":0.976,""BR1_atr_distance"":{""score"":34.953449991811254},""BR2_compression"":{""score"":52.54153811755779},""BR3_retest"":{""score"":50.0},""BR4_bo_age"":{""score"":50.0},""_score"":44.62},""risk"":{""R1_stop_clarity"":{""score"":46.23606334328554},""R2_stop_distance_pct"":{""value"":3.1161608828227276,""score"":100.0},""R3_stop_distance_atr"":{""value"":0.5677727805283679,""score"":53.388639026418396},""R4_rr_potential"":{""value"":6.638087693956442,""score"":100.0},""_score"":74.19},""market"":{""M1_spy_regime"":{""score"":100.0},""M3_earnings_risk"":{""value"":null,""score"":80.0},""M4_vix"":{""value"":null,""score"":60.0},""_score"":84.0},""liquidity"":{""L1_price"":{""value"":344.35,""score"":100.0},""L2_dollar_vol"":{""value"":12766608776.919155,""score"":100.0},""L3_spread_proxy"":{""value"":0.06722811093364318,""score"":32.77188906635682},""L4_volume_zscore"":{""value"":-0.2068889116537369,""score"":100.0},""_score"":93.28},""pattern_structure"":{""pole_low"":310.0,""pole_low_idx"":30,""peak_price"":362.79,""peak_idx"":52,""pole_gain"":0.17029032258064522,""flag_bars"":7,""flag_low"":338.7,""flag_high"":361.96,""structural_low"":338.7,""current_price"":342.435,""neckline_distance_pct"":0.059441937886022214,""base_bars"":7},""pattern_geometry_features"":{""pole_gain"":0.17029032258064522,""pullback_pct"":0.06640205077317465,""flag_range_pct"":0.06411422586069072,""flag_drift_per_bar"":-0.005342890934463088,""atr_pct"":0.054883942832251245,""pole_atr_multiple"":3.102734858192042},""_schema_version"":""1.0""}",,,,,,,,,,
20260504T200431Z-7bad84,2026-05-04T20:04:31.798741+00:00,LUNR,high_tight_pullback,absent,49.71,68.5,29.7,73.2,60.6,27.6,50.7,82.6,84.0,93.0,8.22,10.39,7.32,4.85,3.86,4.56,0.83,5.04,4.65,False,,25.24,26.27,23.7878,29.79,"{""trend"":{""T1_ema_stack"":{""value"":[true,true,true],""score"":100.0},""T2_ema50_slope"":{""value"":0.8777945050415875,""score"":100},""T3_high_proximity"":{""value"":0.8430193720774882,""score"":21.509686038744093},""T4_rs_1m"":{""value"":-0.04276710297710884,""score"":7.232897022891159},""T5_rs_3m"":{""value"":0.3822418726043668,""score"":100},""T6_adr_healthy"":{""value"":8.936528301219642,""score"":76.58679246950895},""_score"":68.5},""geometry"":{""sub_pole_impulse"":16.2,""sub_flag_tightness"":23.3,""sub_flag_shallowness"":0,""sub_flag_drift"":100,""sub_flag_duration"":40.0,""_score"":29.68},""compression"":{""VC1_atr_ratio"":{""value"":0.5053820723014204,""score"":100},""VC2_range_contraction"":{""value"":0.7561617792028034,""score"":40.63970346619944},""VC3_range_pct_rank"":{""score"":75.83333333333333},""_score"":73.18},""sr_quality"":{""SR1_touches"":{""value"":5,""score"":100},""SR2_tightness"":{""value"":0.5466113793180681,""score"":53.851177242954385},""SR3_recency"":{""value"":224,""score"":0.0},""SR4_price_location"":{""score"":30.0},""SR5_reaction"":{""value"":2.46157812372794,""score"":100},""_score"":60.58,""_levels_found"":5,""_target_level"":22.449},""volume"":{""V1_rvol_day"":{""value"":0.5391883967163817,""score"":2.6125597810921164},""V2_rvol_sameslot"":{""value"":0.6953755352392801,""score"":13.025035682618672,""status"":""ok""},""V3_breakout_bar"":{""value"":0.9515216141717298,""score"":30.10144094478198},""V4_base_dryup"":{""value"":0.6545019926259972,""score"":84.54980073740029},""V5_bo_expansion"":{""value"":0.5391883967163817,""score"":0},""_score"":27.56},""readiness"":{""_distance_atr"":0.435,""BR1_atr_distance"":{""score"":71.01335657089211},""BR2_compression"":{""score"":19.12560588875954},""BR3_retest"":{""score"":50.0},""BR4_bo_age"":{""score"":50.0},""_score"":50.69},""risk"":{""R1_stop_clarity"":{""score"":69.41615030438997},""R2_stop_distance_pct"":{""value"":5.753373613312201,""score"":100.0},""R3_stop_distance_atr"":{""value"":0.6130048213914189,""score"":55.65024106957095},""R4_rr_potential"":{""value"":3.133281892419629,""score"":100.0},""_score"":82.64},""market"":{""M1_spy_regime"":{""score"":100.0},""M3_earnings_risk"":{""value"":null,""score"":80.0},""M4_vix"":{""value"":null,""score"":60.0},""_score"":84.0},""liquidity"":{""L1_price"":{""value"":25.24,""score"":100.0},""L2_dollar_vol"":{""value"":185544666.06705737,""score"":100.0},""L3_spread_proxy"":{""value"":0.0697266244057053,""score"":30.27337559429469},""L4_volume_zscore"":{""value"":-1.44458485555547,""score"":100.0},""_score"":93.03},""pattern_structure"":{""pole_low"":22.75,""pole_low_idx"":36,""peak_price"":26.27,""peak_idx"":46,""pole_gain"":0.1547252747252747,""flag_bars"":13,""flag_low"":24.1501,""flag_high"":26.02,""structural_low"":24.1501,""current_price"":25.21,""neckline_distance_pct"":0.04204680682268936,""base_bars"":13},""pattern_geometry_features"":{""pole_gain"":0.1547252747252747,""pullback_pct"":0.08069661210506286,""flag_range_pct"":0.0711800532927294,""flag_drift_per_bar"":0.0013556455444595408,""atr_pct"":0.09385527507357937,""pole_atr_multiple"":1.648551715436083},""_schema_version"":""1.0""}",,,,,,,,,,
20260504T200431Z-7bad84,2026-05-04T20:04:31.798741+00:00,ZETA,high_tight_pullback,absent,49.69,71.6,39.6,60.6,45.2,31.0,29.4,77.6,84.0,94.9,8.59,13.86,6.06,3.62,4.35,2.65,0.78,5.04,4.75,False,,18.71,19.88,17.6413,22.445,"{""trend"":{""T1_ema_stack"":{""value"":[true,true,false],""score"":66.66666666666666},""T2_ema50_slope"":{""value"":0.0364579515432854,""score"":56.076325257214236},""T3_high_proximity"":{""value"":0.9806079664570232,""score"":90.30398322851157},""T4_rs_1m"":{""value"":0.09005502234901819,""score"":100},""T5_rs_3m"":{""value"":-0.030950337956315188,""score"":34.5248310218424},""T6_adr_healthy"":{""value"":5.28906265160348,""score"":100.0},""_score"":71.61},""geometry"":{""sub_pole_impulse"":46.8,""sub_flag_tightness"":19.6,""sub_flag_shallowness"":0,""sub_flag_drift"":84.4,""sub_flag_duration"":80.0,""_score"":39.6},""compression"":{""VC1_atr_ratio"":{""value"":0.4025352721532229,""score"":100},""VC2_range_contraction"":{""value"":0.8499129799017132,""score"":25.014503349714467},""VC3_range_pct_rank"":{""score"":47.5},""_score"":60.63},""sr_quality"":{""SR1_touches"":{""value"":3,""score"":50.0},""SR2_tightness"":{""value"":0.05099019513592815,""score"":89.43693150585233},""SR3_recency"":{""value"":262,""score"":0.0},""SR4_price_location"":{""score"":7.1207430340558115},""SR5_reaction"":{""value"":3.433657388911085,""score"":100},""_score"":45.2,""_levels_found"":6,""_target_level"":19.46},""volume"":{""V1_rvol_day"":{""value"":1.2048580861196638,""score"":46.99053907464425},""V2_rvol_sameslot"":{""value"":1.4818523641851933,""score"":65.45682427901288,""status"":""ok""},""V3_breakout_bar"":{""value"":0.645211875500454,""score"":9.680791700030266},""V4_base_dryup"":{""value"":1.2957143383827308,""score"":20.42856616172692},""V5_bo_expansion"":{""value"":1.2048580861196638,""score"":13.657205741310921},""_score"":31.04},""readiness"":{""_distance_atr"":1.212,""BR1_atr_distance"":{""score"":19.20806143738635},""BR2_compression"":{""score"":16.958264721695834},""BR3_retest"":{""score"":50.0},""BR4_bo_age"":{""score"":50.0},""_score"":29.42},""risk"":{""R1_stop_clarity"":{""score"":44.346783859368536},""R2_stop_distance_pct"":{""value"":5.711651523249608,""score"":100.0},""R3_stop_distance_atr"":{""value"":1.1069013480120173,""score"":80.34506740060087},""R4_rr_potential"":{""value"":3.4950638656248447,""score"":100.0},""_score"":77.57},""market"":{""M1_spy_regime"":{""score"":100.0},""M3_earnings_risk"":{""value"":null,""score"":80.0},""M4_vix"":{""value"":null,""score"":60.0},""_score"":84.0},""liquidity"":{""L1_price"":{""value"":18.71,""score"":100.0},""L2_dollar_vol"":{""value"":188068346.51491463,""score"":100.0},""L3_spread_proxy"":{""value"":0.05077498663816137,""score"":49.22501336183863},""L4_volume_zscore"":{""value"":0.39246843020597777,""score"":100.0},""_score"":94.92},""pattern_structure"":{""pole_low"":17.315,""pole_low_idx"":23,""peak_price"":19.88,""peak_idx"":48,""pole_gain"":0.14813745307536805,""flag_bars"":11,""flag_low"":17.91,""flag_high"":19.33,""structural_low"":17.91,""current_price"":18.74,""neckline_distance_pct"":0.06083244397011743,""base_bars"":11},""pattern_geometry_features"":{""pole_gain"":0.14813745307536805,""pullback_pct"":0.0990945674044265,""flag_range_pct"":0.07142857142857134,""flag_drift_per_bar"":-0.003111962743766369,""atr_pct"":0.05160036649614413,""pole_atr_multiple"":2.8708604828695883},""_schema_version"":""1.0""}",,,,,,,,,,
20260504T200431Z-7bad84,2026-05-04T20:04:31.798741+00:00,ASML,vcp,absent,49.61,51.3,46.9,46.1,75.7,18.3,17.5,67.3,84.0,71.4,7.7,11.73,5.53,9.08,2.38,1.23,3.37,5.04,3.57,True,risk_unclear,1389.89,1480.17,1357.6255,1739.945,"{""trend"":{""T1_ema_stack"":{""value"":[false,true,true],""score"":66.66666666666666},""T2_ema50_slope"":{""value"":0.2080715446566559,""score"":84.67859077610932},""T3_high_proximity"":{""value"":0.9105017327105621,""score"":55.25086635528103},""T4_rs_1m"":{""value"":-0.03971093723751462,""score"":10.28906276248538},""T5_rs_3m"":{""value"":-0.06828573376662583,""score"":15.85713311668708},""T6_adr_healthy"":{""value"":2.958752835298648,""score"":100.0},""_score"":51.33},""geometry"":{""sub_contraction_count"":100.0,""sub_reduction_rate"":0,""sub_pivot_tightness"":44.6,""sub_volume_dryup"":34.8,""sub_base_depth"":0.0,""sub_base_duration"":100.0,""_score"":46.91},""compression"":{""VC1_atr_ratio"":{""value"":0.5111275201805339,""score"":100},""VC2_range_contraction"":{""value"":0.988347917383792,""score"":1.942013769367997},""VC3_range_pct_rank"":{""score"":21.666666666666668},""_score"":46.1},""sr_quality"":{""SR1_touches"":{""value"":8,""score"":100},""SR2_tightness"":{""value"":15.625066941916595,""score"":44.37250877338227},""SR3_recency"":{""value"":225,""score"":0.0},""SR4_price_location"":{""score"":98.86537356716052},""SR5_reaction"":{""value"":1.90617011131808,""score"":95.308505565904},""_score"":75.67,""_levels_found"":4,""_target_level"":1391.2443},""volume"":{""V1_rvol_day"":{""value"":0.887748751915056,""score"":25.849916794337062},""V2_rvol_sameslot"":{""value"":0.6031490743599562,""score"":6.876604957330416,""status"":""ok""},""V3_breakout_bar"":{""value"":0.7139702754349156,""score"":14.264685028994375},""V4_base_dryup"":{""value"":1.0913512632854805,""score"":40.86487367145195},""V5_bo_expansion"":{""value"":0.887748751915056,""score"":0},""_score"":18.28},""readiness"":{""_distance_atr"":1.607,""BR1_atr_distance"":{""score"":0},""BR2_compression"":{""score"":0},""BR3_retest"":{""score"":50.0},""BR4_bo_age"":{""score"":50.0},""_score"":17.5},""risk"":{""R1_stop_clarity"":{""score"":26.395799029860456},""R2_stop_distance_pct"":{""value"":2.3213707559591206,""score"":100.0},""R3_stop_distance_atr"":{""value"":0.5743313604201008,""score"":53.71656802100504},""R4_rr_potential"":{""value"":10.84954051666685,""score"":100.0},""_score"":67.3},""market"":{""M1_spy_regime"":{""score"":100.0},""M3_earnings_risk"":{""value"":null,""score"":80.0},""M4_vix"":{""value"":null,""score"":60.0},""_score"":84.0},""liquidity"":{""L1_price"":{""value"":1389.89,""score"":0.0},""L2_dollar_vol"":{""value"":2212775649.243173,""score"":100.0},""L3_spread_proxy"":{""value"":0.03617552468180933,""score"":63.82447531819067},""L4_volume_zscore"":{""value"":-0.2668100883399631,""score"":100.0},""_score"":71.38},""pattern_structure"":{""n_contractions"":5,""contractions_pct"":[7.19,11.69,8.19,8.19,6.88],""descending_strict"":false,""final_low"":1378.3,""final_pivot"":1480.17,""structural_low"":1378.3,""dry_up_ratio"":0.8259644585876976,""current_price"":1389.89,""neckline_distance_pct"":0.06495478059414772,""base_bars"":25,""recent_base_height"":259.7750000000001},""pattern_geometry_features"":{""contraction_count"":5.0,""first_contraction_pct"":0.07185887021408138,""last_contraction_pct"":0.06882317571630293,""dry_up_ratio"":0.8259644585876976,""near_monotone"":0.0,""base_depth_pct"":0.009172860983710259},""_schema_version"":""1.0""}",,,,,,,,,,
20260504T200431Z-7bad84,2026-05-04T20:04:31.798741+00:00,GRMN,vcp,absent,49.48,63.5,38.6,42.2,43.5,30.0,42.6,65.5,84.0,96.5,9.52,9.65,5.07,5.22,3.9,2.98,3.27,5.04,4.82,True,risk_unclear,238.34,245.834,221.9895,304.124,"{""trend"":{""T1_ema_stack"":{""value"":[false,true,true],""score"":66.66666666666666},""T2_ema50_slope"":{""value"":0.3402393905161993,""score"":100},""T3_high_proximity"":{""value"":0.8909240430622011,""score"":45.46202153110052},""T4_rs_1m"":{""value"":-0.09196871733234313,""score"":0},""T5_rs_3m"":{""value"":0.11928979043227472,""score"":100},""T6_adr_healthy"":{""value"":2.451335115561789,""score"":100.0},""_score"":63.49},""geometry"":{""sub_contraction_count"":100.0,""sub_reduction_rate"":0,""sub_pivot_tightness"":24.0,""sub_volume_dryup"":0,""sub_base_depth"":0.0,""sub_base_duration"":100.0,""_score"":38.6},""compression"":{""VC1_atr_ratio"":{""value"":0.6296701344619889,""score"":92.58246638450277},""VC2_range_contraction"":{""value"":1.3263720167122302,""score"":0},""VC3_range_pct_rank"":{""score"":20.833333333333336},""_score"":42.24},""sr_quality"":{""SR1_touches"":{""value"":2,""score"":25.0},""SR2_tightness"":{""value"":0.45000000000000284,""score"":86.87615476167416},""SR3_recency"":{""value"":265,""score"":0.0},""SR4_price_location"":{""score"":31.7415198029183},""SR5_reaction"":{""value"":3.1417027295525433,""score"":100},""_score"":43.47,""_levels_found"":5,""_target_level"":256.35},""volume"":{""V1_rvol_day"":{""value"":0.5484294901653987,""score"":3.228632677693244},""V2_rvol_sameslot"":{""value"":0.9325916875854743,""score"":28.83944583903162,""status"":""ok""},""V3_breakout_bar"":{""value"":1.4447781793469598,""score"":62.98521195646399},""V4_base_dryup"":{""value"":1.1067103341639757,""score"":39.32896658360243},""V5_bo_expansion"":{""value"":0.5484294901653987,""score"":0},""_score"":30.03},""readiness"":{""_distance_atr"":1.093,""BR1_atr_distance"":{""score"":27.14807687702718},""BR2_compression"":{""score"":56.99445125324354},""BR3_retest"":{""score"":50.0},""BR4_bo_age"":{""score"":50.0},""_score"":42.61},""risk"":{""R1_stop_clarity"":{""score"":1.4092999546173957},""R2_stop_distance_pct"":{""value"":6.860178736259124,""score"":100.0},""R3_stop_distance_atr"":{""value"":2.3842454195723044,""score"":100.0},""R4_rr_potential"":{""value"":4.023350896453026,""score"":100.0},""_score"":65.49},""market"":{""M1_spy_regime"":{""score"":100.0},""M3_earnings_risk"":{""value"":null,""score"":80.0},""M4_vix"":{""value"":null,""score"":60.0},""_score"":84.0},""liquidity"":{""L1_price"":{""value"":238.34,""score"":100.0},""L2_dollar_vol"":{""value"":103911341.03355815,""score"":100.0},""L3_spread_proxy"":{""value"":0.035201392968028794,""score"":64.79860703197122},""L4_volume_zscore"":{""value"":-1.6378349912948875,""score"":100.0},""_score"":96.48},""pattern_structure"":{""n_contractions"":5,""contractions_pct"":[3.49,6.56,4.73,8.7,8.32],""descending_strict"":false,""final_low"":225.37,""final_pivot"":245.834,""structural_low"":225.37,""dry_up_ratio"":1.0755030151698297,""current_price"":238.34,""neckline_distance_pct"":0.03144247713350675,""base_bars"":62,""recent_base_height"":58.28999999999999},""pattern_geometry_features"":{""contraction_count"":5.0,""first_contraction_pct"":0.034907100118698735,""last_contraction_pct"":0.08324316408633467,""dry_up_ratio"":1.0755030151698297,""near_monotone"":0.0,""base_depth_pct"":-0.09188246408759479},""_schema_version"":""1.0""}",,,,,,,,,,
20260504T200431Z-7bad84,2026-05-04T20:04:31.798741+00:00,BA,vcp,forming,49.43,49.9,50.6,48.1,41.2,34.9,17.5,58.2,84.0,97.2,7.48,12.65,5.77,4.95,4.54,1.23,2.91,5.04,4.86,True,risk_unclear,221.87,236.45,217.8328,280.36,"{""trend"":{""T1_ema_stack"":{""value"":[false,true,true],""score"":66.66666666666666},""T2_ema50_slope"":{""value"":0.13781905827324553,""score"":72.96984304554093},""T3_high_proximity"":{""value"":0.9066650320787871,""score"":53.33251603939354},""T4_rs_1m"":{""value"":-0.029316484465065074,""score"":20.683515534934926},""T5_rs_3m"":{""value"":-0.08040630363332024,""score"":9.796848183339876},""T6_adr_healthy"":{""value"":2.665315835473364,""score"":100.0},""_score"":49.87},""geometry"":{""sub_contraction_count"":100.0,""sub_reduction_rate"":0,""sub_pivot_tightness"":50.4,""sub_volume_dryup"":0,""sub_base_depth"":80.5,""sub_base_duration"":100.0,""_score"":50.61},""compression"":{""VC1_atr_ratio"":{""value"":0.5933671624568293,""score"":100},""VC2_range_contraction"":{""value"":1.1242113780253864,""score"":0},""VC3_range_pct_rank"":{""score"":32.49999999999999},""_score"":48.12},""sr_quality"":{""SR1_touches"":{""value"":2,""score"":25.0},""SR2_tightness"":{""value"":1.5,""score"":56.58820501530264},""SR3_recency"":{""value"":261,""score"":0.0},""SR4_price_location"":{""score"":41.06130813248738},""SR5_reaction"":{""value"":3.3687552908125156,""score"":100},""_score"":41.25,""_levels_found"":5,""_target_level"":230.46},""volume"":{""V1_rvol_day"":{""value"":0.620455215847051,""score"":8.030347723136732},""V2_rvol_sameslot"":{""value"":0.9875105665543971,""score"":32.50070443695981,""status"":""ok""},""V3_breakout_bar"":{""value"":1.2256855600073393,""score"":48.37903733382262},""V4_base_dryup"":{""value"":0.7648040378974338,""score"":73.51959621025662},""V5_bo_expansion"":{""value"":0.620455215847051,""score"":0},""_score"":34.9},""readiness"":{""_distance_atr"":2.11,""BR1_atr_distance"":{""score"":0},""BR2_compression"":{""score"":0},""BR3_retest"":{""score"":50.0},""BR4_bo_age"":{""score"":50.0},""_score"":17.5},""risk"":{""R1_stop_clarity"":{""score"":3.9948153913417457},""R2_stop_distance_pct"":{""value"":1.8196466399242799,""score"":95.491165998107},""R3_stop_distance_atr"":{""value"":0.5842142310065648,""score"":54.21071155032824},""R4_rr_potential"":{""value"":14.48758437054926,""score"":100.0},""_score"":58.18},""market"":{""M1_spy_regime"":{""score"":100.0},""M3_earnings_risk"":{""value"":null,""score"":80.0},""M4_vix"":{""value"":null,""score"":60.0},""_score"":84.0},""liquidity"":{""L1_price"":{""value"":221.87,""score"":100.0},""L2_dollar_vol"":{""value"":812546249.3702627,""score"":100.0},""L3_spread_proxy"":{""value"":0.02834993464641453,""score"":71.65006535358548},""L4_volume_zscore"":{""value"":-0.8042697900379702,""score"":100.0},""_score"":97.17},""pattern_structure"":{""n_contractions"":5,""contractions_pct"":[9.98,4.99,11.92,11.33,6.47],""descending_strict"":false,""final_low"":221.15,""final_pivot"":236.45,""structural_low"":221.15,""dry_up_ratio"":1.0640655802180234,""current_price"":221.87,""neckline_distance_pct"":0.06571415693874784,""base_bars"":64,""recent_base_height"":43.91},""pattern_geometry_features"":{""contraction_count"":5.0,""first_contraction_pct"":0.09982272452239999,""last_contraction_pct"":0.06470712624233446,""dry_up_ratio"":1.0640655802180234,""near_monotone"":0.0,""base_depth_pct"":0.13052845705856375},""_schema_version"":""1.0""}",,,,,,,,,,
20260504T200431Z-7bad84,2026-05-04T20:04:31.798741+00:00,GD,inverse_head_shoulders,forming,49.36,42.7,51.6,37.5,55.0,24.0,76.3,9.2,84.0,97.0,5.12,14.46,3.0,7.71,3.36,6.11,0.55,4.2,4.85,True,risk_unclear;reversal_trend_cap,348.7975,349.61,302.1684,392.45,"{""trend"":{""T1_ema_stack"":{""value"":[true,false,true],""score"":66.66666666666666},""T2_ema50_slope"":{""value"":-0.1805410958905805,""score"":19.909817351569913},""T3_high_proximity"":{""value"":0.952686277723151,""score"":76.34313886157545},""T4_rs_1m"":{""value"":-0.0957100395523579,""score"":0},""T5_rs_3m"":{""value"":-0.025547932253213723,""score"":37.226033873393135},""T6_adr_healthy"":{""value"":2.212616770195185,""score"":100.0},""_score"":42.68},""geometry"":{""sub_head_depth"":70.3,""sub_shoulder_price_sym"":4.0,""sub_shoulder_time_sym"":100,""sub_right_shoulder_reaction"":31.9,""sub_base_context"":100.0,""_score"":51.64},""compression"":{""VC1_atr_ratio"":{""value"":0.6541302600664953,""score"":86.46743498337617},""VC2_range_contraction"":{""value"":1.284531145485496,""score"":0},""VC3_range_pct_rank"":{""score"":11.66666666666667},""_score"":37.5},""sr_quality"":{""SR1_touches"":{""value"":2,""score"":25.0},""SR2_tightness"":{""value"":0.23500000000001364,""score"":95.04404996019395},""SR3_recency"":{""value"":257,""score"":0.0},""SR4_price_location"":{""score"":92.16183935503133},""SR5_reaction"":{""value"":1.3676313194953371,""score"":68.38156597476686},""_score"":55.05,""_levels_found"":5,""_target_level"":349.235},""volume"":{""V1_rvol_day"":{""value"":0.7562533513833624,""score"":17.083556758890825},""V2_rvol_sameslot"":{""value"":0.9857933759196226,""score"":32.386225061308174,""status"":""ok""},""V3_breakout_bar"":{""value"":0.8599664653874186,""score"":23.99776435916124},""V4_base_dryup"":{""value"":1.093519453624903,""score"":40.64805463750969},""V5_bo_expansion"":{""value"":0.7562533513833624,""score"":0},""_score"":24.02},""readiness"":{""_distance_atr"":0.086,""BR1_atr_distance"":{""score"":94.28835545057845},""BR2_compression"":{""score"":84.54459503704948},""BR3_retest"":{""score"":50.0},""BR4_bo_age"":{""score"":50.0},""_score"":76.35},""risk"":{""R1_stop_clarity"":{""score"":2.957225933325944},""R2_stop_distance_pct"":{""value"":13.368516116084564,""score"":0.0},""R3_stop_distance_atr"":{""value"":4.916834940502247,""score"":54.15825297488763},""R4_rr_potential"":{""value"":0.9361653304109772,""score"":0.0},""_score"":9.16},""market"":{""M1_spy_regime"":{""score"":100.0},""M3_earnings_risk"":{""value"":null,""score"":80.0},""M4_vix"":{""value"":null,""score"":60.0},""_score"":84.0},""liquidity"":{""L1_price"":{""value"":348.7975,""score"":100.0},""L2_dollar_vol"":{""value"":411497088.5024262,""score"":100.0},""L3_spread_proxy"":{""value"":0.03018943656419548,""score"":69.81056343580453},""L4_volume_zscore"":{""value"":-0.656535241679891,""score"":100.0},""_score"":96.98},""pattern_structure"":{""left_shoulder"":310.61,""left_shoulder_idx"":59,""head"":306.77,""head_idx"":70,""right_shoulder"":335.4301,""right_shoulder_idx"":81,""left_to_head_bars"":11,""head_to_right_bars"":11,""structural_low"":306.77,""current_price"":348.36,""neckline_distance_pct"":0.0035882420484556203,""base_bars"":22},""pattern_geometry_features"":{""head_depth_pct"":0.05030662957299396,""shoulder_price_asymmetry"":0.07683764521737883,""shoulder_time_asymmetry"":0.0,""right_shoulder_reaction"":0.31896906005988535,""atr_pct"":0.027189271712096546},""_schema_version"":""1.0""}",,,,,,,,,,
20260504T200431Z-7bad84,2026-05-04T20:04:31.798741+00:00,INTU,vcp,forming,49.16,16.8,51.3,59.1,58.9,22.5,51.5,66.2,84.0,95.4,2.52,12.83,7.1,7.07,2.92,3.6,3.31,5.04,4.77,True,trend_floor,407.11,419.0,368.3457,551.665,"{""trend"":{""T1_ema_stack"":{""value"":[true,false,false],""score"":33.33333333333333},""T2_ema50_slope"":{""value"":-0.4668461986135783,""score"":0},""T3_high_proximity"":{""value"":0.8460835047904067,""score"":23.04175239520334},""T4_rs_1m"":{""value"":-0.13125256712027444,""score"":0},""T5_rs_3m"":{""value"":-0.1968074422300733,""score"":0},""T6_adr_healthy"":{""value"":4.130195929278872,""score"":100.0},""_score"":16.79},""geometry"":{""sub_contraction_count"":100.0,""sub_reduction_rate"":15.0,""sub_pivot_tightness"":0,""sub_volume_dryup"":45.9,""sub_base_depth"":56.8,""sub_base_duration"":100.0,""_score"":51.31},""compression"":{""VC1_atr_ratio"":{""value"":0.4915138561484999,""score"":100},""VC2_range_contraction"":{""value"":0.7790183130510878,""score"":36.83028115815203},""VC3_range_pct_rank"":{""score"":25.0},""_score"":59.14},""sr_quality"":{""SR1_touches"":{""value"":3,""score"":50.0},""SR2_tightness"":{""value"":4.151197658775388,""score"":52.60687513936128},""SR3_recency"":{""value"":230,""score"":0.0},""SR4_price_location"":{""score"":84.18369995570089},""SR5_reaction"":{""value"":2.310840461997223,""score"":100},""_score"":58.94,""_levels_found"":7,""_target_level"":413.2034},""volume"":{""V1_rvol_day"":{""value"":0.5297116800645433,""score"":1.9807786709695518},""V2_rvol_sameslot"":{""value"":0.6657238658098467,""score"":11.048257720656444,""status"":""ok""},""V3_breakout_bar"":{""value"":1.2225644806020675,""score"":48.17096537347116},""V4_base_dryup"":{""value"":1.1088335039256751,""score"":39.116649607432485},""V5_bo_expansion"":{""value"":0.5297116800645433,""score"":0},""_score"":22.47},""readiness"":{""_distance_atr"":0.679,""BR1_atr_distance"":{""score"":54.751672415808414},""BR2_compression"":{""score"":48.21531039838231},""BR3_retest"":{""score"":50.0},""BR4_bo_age"":{""score"":50.0},""_score"":51.45},""risk"":{""R1_stop_clarity"":{""score"":35.95982124654424},""R2_stop_distance_pct"":{""value"":9.52183070914496,""score"":61.95423227137602},""R3_stop_distance_atr"":{""value"":2.21281018862078,""score"":100.0},""R4_rr_potential"":{""value"":3.7290730587982583,""score"":100.0},""_score"":66.17},""market"":{""M1_spy_regime"":{""score"":100.0},""M3_earnings_risk"":{""value"":null,""score"":80.0},""M4_vix"":{""value"":null,""score"":60.0},""_score"":84.0},""liquidity"":{""L1_price"":{""value"":407.11,""score"":100.0},""L2_dollar_vol"":{""value"":707733331.2473166,""score"":100.0},""L3_spread_proxy"":{""value"":0.04605634840706443,""score"":53.94365159293557},""L4_volume_zscore"":{""value"":-0.9316401015402117,""score"":100.0},""_score"":95.39},""pattern_structure"":{""n_contractions"":5,""contractions_pct"":[27.8,11.22,13.75,21.64,10.75],""descending_strict"":false,""final_low"":373.955,""final_pivot"":419.0,""structural_low"":373.955,""dry_up_ratio"":0.7706054926563988,""current_price"":407.11,""neckline_distance_pct"":0.02920586573653309,""base_bars"":61,""recent_base_height"":132.66499999999996},""pattern_geometry_features"":{""contraction_count"":5.0,""first_contraction_pct"":0.27796901893287435,""last_contraction_pct"":0.10750596658711221,""dry_up_ratio"":0.7706054926563988,""near_monotone"":0.0,""base_depth_pct"":0.34322420878850685},""_schema_version"":""1.0""}",,,,,,,,,,
20260504T200431Z-7bad84,2026-05-04T20:04:31.798741+00:00,RTX,ascending_triangle,forming,49.14,18.3,56.1,57.7,49.3,26.1,50.0,52.4,84.0,98.4,2.74,15.71,4.62,6.9,3.13,4.0,2.09,5.04,4.92,True,risk_unclear;trend_floor,173.3,176.99,169.2033,182.2,"{""trend"":{""T1_ema_stack"":{""value"":[false,false,true],""score"":33.33333333333333},""T2_ema50_slope"":{""value"":-0.1900430308746506,""score"":18.326161520891564},""T3_high_proximity"":{""value"":0.8168363499245853,""score"":8.418174962292635},""T4_rs_1m"":{""value"":-0.21163479900567883,""score"":0},""T5_rs_3m"":{""value"":-0.17075316096492266,""score"":0},""T6_adr_healthy"":{""value"":2.5240052112712843,""score"":100.0},""_score"":18.26},""geometry"":{""sub_flat_top_quality"":100,""sub_hl_slope"":8.2,""sub_compression"":34.5,""sub_duration"":100.0,""_score"":56.09},""compression"":{""VC1_atr_ratio"":{""value"":0.5385575350718651,""score"":100},""VC2_range_contraction"":{""value"":1.3794283359590256,""score"":0},""VC3_range_pct_rank"":{""score"":70.83333333333333},""_score"":57.71},""sr_quality"":{""SR1_touches"":{""value"":2,""score"":25.0},""SR2_tightness"":{""value"":0.8024999999999949,""score"":69.84491671453208},""SR3_recency"":{""value"":314,""score"":0.0},""SR4_price_location"":{""score"":69.74868135277693},""SR5_reaction"":{""value"":1.8464117195510146,""score"":92.32058597755073},""_score"":49.26,""_levels_found"":6,""_target_level"":175.7375},""volume"":{""V1_rvol_day"":{""value"":0.6207482769094882,""score"":8.049885127299213},""V2_rvol_sameslot"":{""value"":0.774639665305859,""score"":18.309311020390602,""status"":""ok""},""V3_breakout_bar"":{""value"":0.8344596852111041,""score"":22.29731234740694},""V4_base_dryup"":{""value"":0.7369515792572379,""score"":76.30484207427621},""V5_bo_expansion"":{""value"":0.6207482769094882,""score"":0},""_score"":26.11},""readiness"":{""_distance_atr"":0.693,""BR1_atr_distance"":{""score"":53.780993842833965},""BR2_compression"":{""score"":43.77328369133408},""BR3_retest"":{""score"":50.0},""BR4_bo_age"":{""score"":50.0},""_score"":49.96},""risk"":{""R1_stop_clarity"":{""score"":3.1768185649030443},""R2_stop_distance_pct"":{""value"":2.363935372186958,""score"":100.0},""R3_stop_distance_atr"":{""value"":0.769696758227895,""score"":63.48483791139474},""R4_rr_potential"":{""value"":2.1724802890131105,""score"":58.62401445065552},""_score"":52.36},""market"":{""M1_spy_regime"":{""score"":100.0},""M3_earnings_risk"":{""value"":null,""score"":80.0},""M4_vix"":{""value"":null,""score"":60.0},""_score"":84.0},""liquidity"":{""L1_price"":{""value"":173.3,""score"":100.0},""L2_dollar_vol"":{""value"":553866351.6193503,""score"":100.0},""L3_spread_proxy"":{""value"":0.016329486439699996,""score"":83.67051356030001},""L4_volume_zscore"":{""value"":-0.9645201332866521,""score"":100.0},""_score"":98.37},""pattern_structure"":{""top"":176.99,""top_touches"":5,""low_slope_per_bar"":0.042241987466427995,""lowest_low"":171.78,""structural_low"":171.78,""current_price"":173.23,""neckline_distance_pct"":0.021705247359002595,""base_bars"":28},""pattern_geometry_features"":{""top_touches"":5.0,""low_slope"":0.042241987466427995,""compression"":0.17234222160868418,""atr_pct"":0.0307125546121507},""_schema_version"":""1.0""}",,,,,,,,,,
20260504T200431Z-7bad84,2026-05-04T20:04:31.798741+00:00,AMPX,bull_flag,absent,49.08,91.9,25.6,59.2,42.3,25.0,38.8,79.3,84.0,91.1,12.86,7.68,5.33,4.23,3.51,3.49,2.38,5.04,4.55,False,,20.29,21.705,19.5129,24.31,"{""trend"":{""T1_ema_stack"":{""value"":[true,true,true],""score"":100.0},""T2_ema50_slope"":{""value"":0.7468127525507463,""score"":100},""T3_high_proximity"":{""value"":0.8942265315116791,""score"":47.11326575583952},""T4_rs_1m"":{""value"":0.17325285325465445,""score"":100},""T5_rs_3m"":{""value"":0.5104094457940205,""score"":100},""T6_adr_healthy"":{""value"":8.159258748167545,""score"":96.01853129581137},""_score"":91.87},""geometry"":{""sub_pole_impulse"":18.5,""sub_flag_tightness"":0,""sub_flag_shallowness"":0,""sub_flag_drift"":67.1,""sub_flag_duration"":100.0,""_score"":25.61},""compression"":{""VC1_atr_ratio"":{""value"":0.5745625489683992,""score"":100},""VC2_range_contraction"":{""value"":0.8771867799345509,""score"":20.46887001090819},""VC3_range_pct_rank"":{""score"":48.33333333333333},""_score"":59.25},""sr_quality"":{""SR1_touches"":{""value"":3,""score"":50.0},""SR2_tightness"":{""value"":0.26981475126464094,""score"":66.07414460087323},""SR3_recency"":{""value"":225,""score"":0.0},""SR4_price_location"":{""score"":30.0},""SR5_reaction"":{""value"":1.317101209775199,""score"":65.85506048875996},""_score"":42.29,""_levels_found"":5,""_target_level"":19.42},""volume"":{""V1_rvol_day"":{""value"":0.5807204040885504,""score"":5.381360272570027},""V2_rvol_sameslot"":{""value"":0.6692781283152288,""score"":11.285208554348587,""status"":""ok""},""V3_breakout_bar"":{""value"":0.7354477228690723,""score"":15.696514857938157},""V4_base_dryup"":{""value"":0.6106659951230377,""score"":88.93340048769623},""V5_bo_expansion"":{""value"":0.5807204040885505,""score"":0},""_score"":25.04},""readiness"":{""_distance_atr"":0.89,""BR1_atr_distance"":{""score"":40.6937720976323},""BR2_compression"":{""score"":20.183134525768697},""BR3_retest"":{""score"":50.0},""BR4_bo_age"":{""score"":50.0},""_score"":38.82},""risk"":{""R1_stop_clarity"":{""score"":62.63707642150852},""R2_stop_distance_pct"":{""value"":3.8302119270576584,""score"":100.0},""R3_stop_distance_atr"":{""value"":0.48858482347341015,""score"":49.42924117367051},""R4_rr_potential"":{""value"":5.1727465740204615,""score"":100.0},""_score"":79.34},""market"":{""M1_spy_regime"":{""score"":100.0},""M3_earnings_risk"":{""value"":null,""score"":80.0},""M4_vix"":{""value"":null,""score"":60.0},""_score"":84.0},""liquidity"":{""L1_price"":{""value"":20.29,""score"":100.0},""L2_dollar_vol"":{""value"":91629820.25585274,""score"":98.10184173195692},""L3_spread_proxy"":{""value"":0.08181370133070479,""score"":18.186298669295212},""L4_volume_zscore"":{""value"":-0.9102845345891908,""score"":100.0},""_score"":91.06},""pattern_structure"":{""pole_low"":19.1,""pole_low_idx"":31,""peak_price"":21.705,""peak_idx"":51,""pole_gain"":0.13638743455497365,""flag_bars"":8,""flag_low"":19.81,""flag_high"":21.675,""structural_low"":19.81,""current_price"":20.17,""neckline_distance_pct"":0.07610312345066914,""base_bars"":8},""pattern_geometry_features"":{""pole_gain"":0.13638743455497365,""pullback_pct"":0.08730707210320202,""flag_range_pct"":0.08592490209629128,""flag_drift_per_bar"":-0.006581261656869033,""atr_pct"":0.07839400126733792,""pole_atr_multiple"":1.7397687622789848},""_schema_version"":""1.0""}",,,,,,,,,,
20260504T200431Z-7bad84,2026-05-04T20:04:31.798741+00:00,MPWR,bull_flag,absent,48.94,97.8,31.9,40.6,43.6,17.8,52.5,60.7,84.0,71.8,13.69,9.58,3.65,4.36,2.49,4.72,1.82,5.04,3.59,False,,1583.0,1606.24,1498.185,1724.45,"{""trend"":{""T1_ema_stack"":{""value"":[true,true,true],""score"":100.0},""T2_ema50_slope"":{""value"":0.7331756143533841,""score"":100},""T3_high_proximity"":{""value"":0.9699398306434813,""score"":84.96991532174064},""T4_rs_1m"":{""value"":0.32042883940562583,""score"":100},""T5_rs_3m"":{""value"":0.3167217215930418,""score"":100},""T6_adr_healthy"":{""value"":3.4681447927750013,""score"":100.0},""_score"":97.75},""geometry"":{""sub_pole_impulse"":23.1,""sub_flag_tightness"":0,""sub_flag_shallowness"":0,""sub_flag_drift"":100,""sub_flag_duration"":100.0,""_score"":31.93},""compression"":{""VC1_atr_ratio"":{""value"":0.7640787346670711,""score"":58.98031633323222},""VC2_range_contraction"":{""value"":0.9552898272355883,""score"":7.451695460735283},""VC3_range_pct_rank"":{""score"":57.49999999999999},""_score"":40.58},""sr_quality"":{""SR1_touches"":{""value"":2,""score"":25.0},""SR2_tightness"":{""value"":3.1100000000000136,""score"":90.48810089603877},""SR3_recency"":{""value"":268,""score"":0.0},""SR4_price_location"":{""score"":30.0},""SR5_reaction"":{""value"":2.370902021431483,""score"":100},""_score"":43.57,""_levels_found"":3,""_target_level"":1253.11},""volume"":{""V1_rvol_day"":{""value"":0.6204747370429633,""score"":8.031649136197554},""V2_rvol_sameslot"":{""value"":0.9557768197085561,""score"":30.38512131390374,""status"":""ok""},""V3_breakout_bar"":{""value"":0.6812053137562292,""score"":12.080354250415278},""V4_base_dryup"":{""value"":1.1450515311949188,""score"":35.49484688050812},""V5_bo_expansion"":{""value"":0.6204747370429633,""score"":0},""_score"":17.8},""readiness"":{""_distance_atr"":0.355,""BR1_atr_distance"":{""score"":76.30690941306989},""BR2_compression"":{""score"":17.90201573253919},""BR3_retest"":{""score"":50.0},""BR4_bo_age"":{""score"":50.0},""_score"":52.5},""risk"":{""R1_stop_clarity"":{""score"":30.220585833802275},""R2_stop_distance_pct"":{""value"":5.357864813644982,""score"":100.0},""R3_stop_distance_atr"":{""value"":1.2970284927692417,""score"":89.85142463846209},""R4_rr_potential"":{""value"":1.6677474503330774,""score"":33.38737251665387},""_score"":60.73},""market"":{""M1_spy_regime"":{""score"":100.0},""M3_earnings_risk"":{""value"":null,""score"":80.0},""M4_vix"":{""value"":null,""score"":60.0},""_score"":84.0},""liquidity"":{""L1_price"":{""value"":1583.0,""score"":0.0},""L2_dollar_vol"":{""value"":595925959.032819,""score"":100.0},""L3_spread_proxy"":{""value"":0.03212886923562863,""score"":67.87113076437137},""L4_volume_zscore"":{""value"":-1.1751392790689374,""score"":100.0},""_score"":71.79},""pattern_structure"":{""pole_low"":1488.03,""pole_low_idx"":31,""peak_price"":1606.24,""peak_idx"":47,""pole_gain"":0.07944060267602135,""flag_bars"":12,""flag_low"":1521.0,""flag_high"":1603.7,""structural_low"":1521.0,""current_price"":1568.03,""neckline_distance_pct"":0.02436815622150089,""base_bars"":12},""pattern_geometry_features"":{""pole_gain"":0.07944060267602135,""pullback_pct"":0.05306803466480726,""flag_range_pct"":0.05148670186273536,""flag_drift_per_bar"":0.0004920989229325195,""atr_pct"":0.041308767259272655,""pole_atr_multiple"":1.9230930368223267},""_schema_version"":""1.0""}",,,,,,,,,,
20260504T200431Z-7bad84,2026-05-04T20:04:31.798741+00:00,UEC,ascending_triangle,absent,48.9,55.6,47.2,44.8,40.4,25.4,42.5,47.3,84.0,94.5,8.34,13.23,3.58,5.66,3.05,3.4,1.89,5.04,4.72,False,,14.865,15.47,13.1694,17.57,"{""trend"":{""T1_ema_stack"":{""value"":[true,true,true],""score"":100.0},""T2_ema50_slope"":{""value"":0.08594358789066656,""score"":64.3239313151111},""T3_high_proximity"":{""value"":0.8346434587310501,""score"":17.32172936552501},""T4_rs_1m"":{""value"":0.0005589512649712969,""score"":50.5589512649713},""T5_rs_3m"":{""value"":-0.12171074543836591,""score"":0},""T6_adr_healthy"":{""value"":6.4525043271356415,""score"":100.0},""_score"":55.57},""geometry"":{""sub_flat_top_quality"":66.7,""sub_hl_slope"":40.2,""sub_compression"":0.7,""sub_duration"":100.0,""_score"":47.24},""compression"":{""VC1_atr_ratio"":{""value"":0.7289383683417701,""score"":67.76540791455749},""VC2_range_contraction"":{""value"":1.1792713605003478,""score"":0},""VC3_range_pct_rank"":{""score"":70.83333333333333},""_score"":44.81},""sr_quality"":{""SR1_touches"":{""value"":2,""score"":25.0},""SR2_tightness"":{""value"":0.21999999999999975,""score"":58.972719522591696},""SR3_recency"":{""value"":232,""score"":0.0},""SR4_price_location"":{""score"":44.68078820644639},""SR5_reaction"":{""value"":1.718017369991474,""score"":85.9008684995737},""_score"":40.4,""_levels_found"":7,""_target_level"":15.4},""volume"":{""V1_rvol_day"":{""value"":0.8446704243798653,""score"":22.978028291991016},""V2_rvol_sameslot"":{""value"":0.8284135177525057,""score"":21.894234516833713,""status"":""ok""},""V3_breakout_bar"":{""value"":0.6982328190842623,""score"":13.21552127228415},""V4_base_dryup"":{""value"":0.844463141044609,""score"":65.5536858955391},""V5_bo_expansion"":{""value"":0.8446704243798653,""score"":0},""_score"":25.39},""readiness"":{""_distance_atr"":0.564,""BR1_atr_distance"":{""score"":62.39165956237565},""BR2_compression"":{""score"":0},""BR3_retest"":{""score"":50.0},""BR4_bo_age"":{""score"":50.0},""_score"":42.46},""risk"":{""R1_stop_clarity"":{""score"":62.599904092071654},""R2_stop_distance_pct"":{""value"":11.406323578876561,""score"":14.841910528085966},""R3_stop_distance_atr"":{""value"":1.5809955775788582,""score"":100.0},""R4_rr_potential"":{""value"":1.595352540473592,""score"":29.767627023679598},""_score"":47.32},""market"":{""M1_spy_regime"":{""score"":100.0},""M3_earnings_risk"":{""value"":null,""score"":80.0},""M4_vix"":{""value"":null,""score"":60.0},""_score"":84.0},""liquidity"":{""L1_price"":{""value"":14.865,""score"":100.0},""L2_dollar_vol"":{""value"":105177619.89631428,""score"":100.0},""L3_spread_proxy"":{""value"":0.05549949545913214,""score"":44.500504540867865},""L4_volume_zscore"":{""value"":-0.6228351943764044,""score"":100.0},""_score"":94.45},""pattern_structure"":{""top"":15.47,""top_touches"":3,""low_slope_per_bar"":0.01612964849719816,""lowest_low"":13.37,""structural_low"":13.37,""current_price"":14.755,""neckline_distance_pct"":0.04845814977973567,""base_bars"":35},""pattern_geometry_features"":{""top_touches"":3.0,""low_slope"":0.01612964849719816,""compression"":0.0035644867822119952,""atr_pct"":0.07214646100619865},""_schema_version"":""1.0""}",,,,,,,,,,
20260504T200431Z-7bad84,2026-05-04T20:04:31.798741+00:00,TSLA,vcp,absent,48.64,37.4,45.2,65.9,55.5,15.7,28.0,65.0,84.0,97.5,5.61,11.29,7.91,6.66,2.04,1.96,3.25,5.04,4.87,True,risk_unclear,392.775,409.28,358.5597,481.32,"{""trend"":{""T1_ema_stack"":{""value"":[true,false,false],""score"":33.33333333333333},""T2_ema50_slope"":{""value"":-0.10844677315053142,""score"":31.925537808244762},""T3_high_proximity"":{""value"":0.9171200410955705,""score"":58.56002054778525},""T4_rs_1m"":{""value"":-0.005615650447611253,""score"":44.38434955238875},""T5_rs_3m"":{""value"":-0.10139064295983158,""score"":0},""T6_adr_healthy"":{""value"":3.7345864202002774,""score"":100.0},""_score"":37.38},""geometry"":{""sub_contraction_count"":100.0,""sub_reduction_rate"":0,""sub_pivot_tightness"":0,""sub_volume_dryup"":28.4,""sub_base_depth"":59.1,""sub_base_duration"":100.0,""_score"":45.17},""compression"":{""VC1_atr_ratio"":{""value"":0.3551879983830016,""score"":100},""VC2_range_contraction"":{""value"":0.8519883266928382,""score"":24.668612217860304},""VC3_range_pct_rank"":{""score"":69.16666666666667},""_score"":65.93},""sr_quality"":{""SR1_touches"":{""value"":3,""score"":50.0},""SR2_tightness"":{""value"":2.686910658895978,""score"":64.03075031861285},""SR3_recency"":{""value"":248,""score"":0.0},""SR4_price_location"":{""score"":65.62204636853883},""SR5_reaction"":{""value"":1.936183647079486,""score"":96.8091823539743},""_score"":55.53,""_levels_found"":6,""_target_level"":396.9267},""volume"":{""V1_rvol_day"":{""value"":0.6822600219621243,""score"":12.150668130808288},""V2_rvol_sameslot"":{""value"":0.7396786342677439,""score"":15.978575617849597,""status"":""ok""},""V3_breakout_bar"":{""value"":0.5895715461879576,""score"":5.971436412530506},""V4_base_dryup"":{""value"":1.0728484443651218,""score"":42.71515556348782},""V5_bo_expansion"":{""value"":0.682260021962124,""score"":0},""_score"":15.66},""readiness"":{""_distance_atr"":1.105,""BR1_atr_distance"":{""score"":26.350055093231347},""BR2_compression"":{""score"":0},""BR3_retest"":{""score"":50.0},""BR4_bo_age"":{""score"":50.0},""_score"":28.04},""risk"":{""R1_stop_clarity"":{""score"":26.903824142787585},""R2_stop_distance_pct"":{""value"":8.711170517471839,""score"":82.22073706320403},""R3_stop_distance_atr"":{""value"":2.2901741532583126,""score"":100.0},""R4_rr_potential"":{""value"":2.5878773531139556,""score"":79.39386765569778},""_score"":64.96},""market"":{""M1_spy_regime"":{""score"":100.0},""M3_earnings_risk"":{""value"":null,""score"":80.0},""M4_vix"":{""value"":null,""score"":60.0},""_score"":84.0},""liquidity"":{""L1_price"":{""value"":392.775,""score"":100.0},""L2_dollar_vol"":{""value"":17505279113.260464,""score"":100.0},""L3_spread_proxy"":{""value"":0.025051492584813092,""score"":74.94850741518691},""L4_volume_zscore"":{""value"":-1.174835014742778,""score"":100.0},""_score"":97.49},""pattern_structure"":{""n_contractions"":5,""contractions_pct"":[6.66,6.35,11.13,11.98,11.06],""descending_strict"":false,""final_low"":364.02,""final_pivot"":409.28,""structural_low"":364.02,""dry_up_ratio"":0.8580857380330126,""current_price"":392.775,""neckline_distance_pct"":0.04202151358920501,""base_bars"":36,""recent_base_height"":72.03999999999996},""pattern_geometry_features"":{""contraction_count"":5.0,""first_contraction_pct"":0.06661445842102694,""last_contraction_pct"":0.11058444096950741,""dry_up_ratio"":0.8580857380330126,""near_monotone"":0.0,""base_depth_pct"":0.10914786354069801},""_schema_version"":""1.0""}",,,,,,,,,,
20260504T200431Z-7bad84,2026-05-04T20:04:31.798741+00:00,ADSK,vcp,absent,48.62,32.3,44.4,54.6,40.8,34.6,62.1,49.8,84.0,97.1,4.85,11.11,6.55,4.89,4.49,4.35,2.49,5.04,4.85,True,risk_unclear,247.4,250.91,223.595,296.2,"{""trend"":{""T1_ema_stack"":{""value"":[true,false,false],""score"":33.33333333333333},""T2_ema50_slope"":{""value"":-0.11811506965198423,""score"":30.314155058002626},""T3_high_proximity"":{""value"":0.9366954414660003,""score"":68.3477207330001},""T4_rs_1m"":{""value"":-0.05572564136900149,""score"":0},""T5_rs_3m"":{""value"":-0.06452409201775366,""score"":17.73795399112317},""T6_adr_healthy"":{""value"":3.4650401845096024,""score"":100.0},""_score"":32.31},""geometry"":{""sub_contraction_count"":100.0,""sub_reduction_rate"":0.2,""sub_pivot_tightness"":6.7,""sub_volume_dryup"":34.9,""sub_base_depth"":31.4,""sub_base_duration"":100.0,""_score"":44.43},""compression"":{""VC1_atr_ratio"":{""value"":0.49812504328339696,""score"":100},""VC2_range_contraction"":{""value"":0.925258299851314,""score"":12.456950024780996},""VC3_range_pct_rank"":{""score"":40.833333333333336},""_score"":54.57},""sr_quality"":{""SR1_touches"":{""value"":2,""score"":25.0},""SR2_tightness"":{""value"":0.8200000000000074,""score"":80.3566768904344},""SR3_recency"":{""value"":230,""score"":0.0},""SR4_price_location"":{""score"":24.956672443674094},""SR5_reaction"":{""value"":2.7314939106553906,""score"":100},""_score"":40.79,""_levels_found"":6,""_target_level"":251.73},""volume"":{""V1_rvol_day"":{""value"":0.5341831505977132,""score"":2.27887670651421},""V2_rvol_sameslot"":{""value"":1.3425632745371974,""score"":56.17088496914649,""status"":""ok""},""V3_breakout_bar"":{""value"":1.3394125028897588,""score"":55.96083352598392},""V4_base_dryup"":{""value"":1.0561739420525624,""score"":44.38260579474375},""V5_bo_expansion"":{""value"":0.5341831505977133,""score"":0},""_score"":34.56},""readiness"":{""_distance_atr"":0.42,""BR1_atr_distance"":{""score"":71.9723316607421},""BR2_compression"":{""score"":63.33796212668125},""BR3_retest"":{""score"":50.0},""BR4_bo_age"":{""score"":50.0},""_score"":62.12},""risk"":{""R1_stop_clarity"":{""score"":18.43229855113381},""R2_stop_distance_pct"":{""value"":9.622069523039615,""score"":59.44826192400963},""R3_stop_distance_atr"":{""value"":2.8512762598975914,""score"":100.0},""R4_rr_potential"":{""value"":2.0499894980046194,""score"":52.49947490023097},""_score"":49.79},""market"":{""M1_spy_regime"":{""score"":100.0},""M3_earnings_risk"":{""value"":null,""score"":80.0},""M4_vix"":{""value"":null,""score"":60.0},""_score"":84.0},""liquidity"":{""L1_price"":{""value"":247.4,""score"":100.0},""L2_dollar_vol"":{""value"":248904065.9120952,""score"":100.0},""L3_spread_proxy"":{""value"":0.02918350848827809,""score"":70.8164915117219},""L4_volume_zscore"":{""value"":-1.3565474618975426,""score"":100.0},""_score"":97.08},""pattern_structure"":{""n_contractions"":5,""contractions_pct"":[12.59,7.41,11.62,12.54,9.53],""descending_strict"":false,""final_low"":227.0,""final_pivot"":250.91,""structural_low"":227.0,""dry_up_ratio"":0.8253433922213576,""current_price"":247.4,""neckline_distance_pct"":0.014187550525464797,""base_bars"":50,""recent_base_height"":45.28999999999999},""pattern_geometry_features"":{""contraction_count"":5.0,""first_contraction_pct"":0.12589025574619622,""last_contraction_pct"":0.09529313299589492,""dry_up_ratio"":0.8253433922213576,""near_monotone"":0.0,""base_depth_pct"":0.08141793460666884},""_schema_version"":""1.0""}",,,,,,,,,,
20260504T200431Z-7bad84,2026-05-04T20:04:31.798741+00:00,HON,double_bottom,forming,48.61,23.8,62.7,50.4,48.0,21.2,28.5,60.5,84.0,98.1,3.58,15.67,4.03,6.72,2.76,2.28,3.63,5.04,4.9,True,risk_unclear;reversal_trend_cap,209.8,218.0,204.7126,228.17,"{""trend"":{""T1_ema_stack"":{""value"":[false,false,true],""score"":33.33333333333333},""T2_ema50_slope"":{""value"":-0.08780812626036173,""score"":35.36531228993971},""T3_high_proximity"":{""value"":0.8458313175294309,""score"":22.915658764715406},""T4_rs_1m"":{""value"":-0.18051171963704293,""score"":0},""T5_rs_3m"":{""value"":-0.11060168435040463,""score"":0},""T6_adr_healthy"":{""value"":2.2669591393854747,""score"":100.0},""_score"":23.84},""geometry"":{""sub_low_similarity"":95.5,""sub_bounce_quality"":27.0,""sub_separation_fit"":100.0,""sub_right_bottom_reaction"":50.8,""sub_base_context"":30.0,""_score"":62.67},""compression"":{""VC1_atr_ratio"":{""value"":0.46345162936172746,""score"":100},""VC2_range_contraction"":{""value"":1.410122342909779,""score"":0},""VC3_range_pct_rank"":{""score"":41.666666666666664},""_score"":50.42},""sr_quality"":{""SR1_touches"":{""value"":4,""score"":75.0},""SR2_tightness"":{""value"":1.3000630398176845,""score"":53.6754164366731},""SR3_recency"":{""value"":240,""score"":0.0},""SR4_price_location"":{""score"":12.734115336272334},""SR5_reaction"":{""value"":1.9011221713468345,""score"":95.05610856734172},""_score"":47.99,""_levels_found"":8,""_target_level"":221.707},""volume"":{""V1_rvol_day"":{""value"":0.40663189441715997,""score"":0},""V2_rvol_sameslot"":{""value"":0.6450183822472861,""score"":9.667892149819075,""status"":""ok""},""V3_breakout_bar"":{""value"":0.9640916791760362,""score"":30.939445278402417},""V4_base_dryup"":{""value"":0.9213117279135258,""score"":57.868827208647424},""V5_bo_expansion"":{""value"":0.40663189441715997,""score"":0},""_score"":21.24},""readiness"":{""_distance_atr"":1.461,""BR1_atr_distance"":{""score"":2.604316461312976},""BR2_compression"":{""score"":39.88157046831457},""BR3_retest"":{""score"":50.0},""BR4_bo_age"":{""score"":50.0},""_score"":28.51},""risk"":{""R1_stop_clarity"":{""score"":0},""R2_stop_distance_pct"":{""value"":2.424904671115343,""score"":100.0},""R3_stop_distance_atr"":{""value"":0.9063945186930971,""score"":70.31972593465485},""R4_rr_potential"":{""value"":3.61084629824372,""score"":100.0},""_score"":60.55},""market"":{""M1_spy_regime"":{""score"":100.0},""M3_earnings_risk"":{""value"":null,""score"":80.0},""M4_vix"":{""value"":null,""score"":60.0},""_score"":84.0},""liquidity"":{""L1_price"":{""value"":209.8,""score"":100.0},""L2_dollar_vol"":{""value"":318675340.63975704,""score"":100.0},""L3_spread_proxy"":{""value"":0.01916015252621546,""score"":80.83984747378454},""L4_volume_zscore"":{""value"":-1.670395150709949,""score"":100.0},""_score"":98.08},""pattern_structure"":{""left_low"":207.83,""left_idx"":32,""right_low"":208.295,""right_idx"":57,""separation_bars"":25,""structural_low"":207.83,""current_price"":209.39,""neckline_distance_pct"":0.041119442189216364,""base_bars"":25},""pattern_geometry_features"":{""low_similarity_pct"":0.0022349053769899667,""bounce_pct"":0.04893422508781209,""right_bottom_reaction"":0.5076923076923182,""atr_pct"":0.0267533024649326},""_schema_version"":""1.0""}",,,,,,,,,,
20260504T200431Z-7bad84,2026-05-04T20:04:31.798741+00:00,ADBE,double_bottom,forming,48.59,22.5,55.2,48.1,37.0,38.0,51.8,57.2,84.0,96.6,3.38,13.81,3.85,5.17,4.94,4.14,3.43,5.04,4.83,True,risk_unclear;reversal_trend_cap,253.11,258.75,243.4427,270.35,"{""trend"":{""T1_ema_stack"":{""value"":[true,false,false],""score"":33.33333333333333},""T2_ema50_slope"":{""value"":-0.23192447148395176,""score"":11.345921419341373},""T3_high_proximity"":{""value"":0.8924264861434313,""score"":46.213243071715645},""T4_rs_1m"":{""value"":-0.05292418033665114,""score"":0},""T5_rs_3m"":{""value"":-0.16981858740602074,""score"":0},""T6_adr_healthy"":{""value"":3.483452779784124,""score"":100.0},""_score"":22.53},""geometry"":{""sub_low_similarity"":98.5,""sub_bounce_quality"":24.2,""sub_separation_fit"":0.0,""sub_right_bottom_reaction"":98.9,""sub_base_context"":30.0,""_score"":55.23},""compression"":{""VC1_atr_ratio"":{""value"":0.6097159018751239,""score"":97.57102453121902},""VC2_range_contraction"":{""value"":0.9804501021013008,""score"":3.2583163164498683},""VC3_range_pct_rank"":{""score"":31.666666666666664},""_score"":48.09},""sr_quality"":{""SR1_touches"":{""value"":2,""score"":25.0},""SR2_tightness"":{""value"":0.15500000000000114,""score"":96.77960555362213},""SR3_recency"":{""value"":303,""score"":0.0},""SR4_price_location"":{""score"":8.870630797285632},""SR5_reaction"":{""value"":1.6971998150870284,""score"":84.85999075435143},""_score"":36.96,""_levels_found"":6,""_target_level"":327.595},""volume"":{""V1_rvol_day"":{""value"":0.8187629866827187,""score"":21.250865778847917},""V2_rvol_sameslot"":{""value"":1.5049771248693042,""score"":66.99847499128695,""status"":""ok""},""V3_breakout_bar"":{""value"":1.2545399018706866,""score"":50.30266012471244},""V4_base_dryup"":{""value"":1.1102085362194796,""score"":38.97914637805204},""V5_bo_expansion"":{""value"":0.8187629866827187,""score"":0},""_score"":38.02},""readiness"":{""_distance_atr"":0.586,""BR1_atr_distance"":{""score"":60.93973187619153},""BR2_compression"":{""score"":39.569425249928166},""BR3_retest"":{""score"":50.0},""BR4_bo_age"":{""score"":50.0},""_score"":51.77},""risk"":{""R1_stop_clarity"":{""score"":22.975436701069185},""R2_stop_distance_pct"":{""value"":3.819386827861414,""score"":100.0},""R3_stop_distance_atr"":{""value"":1.0042696197337482,""score"":75.21348098668741},""R4_rr_potential"":{""value"":1.7833406604773814,""score"":39.16703302386907},""_score"":57.16},""market"":{""M1_spy_regime"":{""score"":100.0},""M3_earnings_risk"":{""value"":null,""score"":80.0},""M4_vix"":{""value"":null,""score"":60.0},""_score"":84.0},""liquidity"":{""L1_price"":{""value"":253.11,""score"":100.0},""L2_dollar_vol"":{""value"":1139150836.2910535,""score"":100.0},""L3_spread_proxy"":{""value"":0.03374027102840659,""score"":66.2597289715934},""L4_volume_zscore"":{""value"":-0.6706104604244191,""score"":100.0},""_score"":96.63},""pattern_structure"":{""left_low"":247.15,""left_idx"":25,""right_low"":247.34,""right_idx"":74,""separation_bars"":49,""structural_low"":247.15,""current_price"":254.22,""neckline_distance_pct"":0.01781921170639604,""base_bars"":49},""pattern_geometry_features"":{""low_similarity_pct"":0.0007684685231248265,""bounce_pct"":0.04693505968035604,""right_bottom_reaction"":0.9893984598874986,""atr_pct"":0.03803148828572559},""_schema_version"":""1.0""}",,,,,,,,,,
20260504T200431Z-7bad84,2026-05-04T20:04:31.798741+00:00,LRCX,ascending_triangle,absent,48.53,92.7,27.7,58.3,38.8,14.0,28.5,73.7,84.0,96.8,13.9,7.74,4.67,5.43,1.68,2.28,2.95,5.04,4.84,False,,258.14,275.84,237.976,310.08,"{""trend"":{""T1_ema_stack"":{""value"":[true,true,true],""score"":100.0},""T2_ema50_slope"":{""value"":0.46591506211519795,""score"":100},""T3_high_proximity"":{""value"":0.947615726294923,""score"":73.80786314746146},""T4_rs_1m"":{""value"":0.08687112371793959,""score"":100},""T5_rs_3m"":{""value"":0.05434892948423453,""score"":77.17446474211727},""T6_adr_healthy"":{""value"":3.732461715923042,""score"":100.0},""_score"":92.65},""geometry"":{""sub_flat_top_quality"":33.3,""sub_hl_slope"":8.9,""sub_compression"":0,""sub_duration"":100.0,""_score"":27.66},""compression"":{""VC1_atr_ratio"":{""value"":0.5055947720995804,""score"":100},""VC2_range_contraction"":{""value"":1.0133313281643415,""score"":0},""VC3_range_pct_rank"":{""score"":73.33333333333334},""_score"":58.33},""sr_quality"":{""SR1_touches"":{""value"":2,""score"":25.0},""SR2_tightness"":{""value"":1.1699999999999875,""score"":79.65721538575245},""SR3_recency"":{""value"":227,""score"":0.0},""SR4_price_location"":{""score"":17.32244081360458},""SR5_reaction"":{""value"":2.2716109485910003,""score"":100},""_score"":38.78,""_levels_found"":8,""_target_level"":274.67},""volume"":{""V1_rvol_day"":{""value"":0.4970700946640243,""score"":0},""V2_rvol_sameslot"":{""value"":0.5317135224683173,""score"":2.114234831221151,""status"":""ok""},""V3_breakout_bar"":{""value"":0.6254342986323169,""score"":8.362286575487794},""V4_base_dryup"":{""value"":0.9254607713374196,""score"":57.45392286625805},""V5_bo_expansion"":{""value"":0.49707009466402435,""score"":0},""_score"":14.0},""readiness"":{""_distance_atr"":1.539,""BR1_atr_distance"":{""score"":0},""BR2_compression"":{""score"":43.847183181379926},""BR3_retest"":{""score"":50.0},""BR4_bo_age"":{""score"":50.0},""_score"":28.46},""risk"":{""R1_stop_clarity"":{""score"":36.98952868202239},""R2_stop_distance_pct"":{""value"":7.811265204927555,""score"":100.0},""R3_stop_distance_atr"":{""value"":1.7529568759046654,""score"":100.0},""R4_rr_potential"":{""value"":2.5758778020234065,""score"":78.79389010117033},""_score"":73.71},""market"":{""M1_spy_regime"":{""score"":100.0},""M3_earnings_risk"":{""value"":null,""score"":80.0},""M4_vix"":{""value"":null,""score"":60.0},""_score"":84.0},""liquidity"":{""L1_price"":{""value"":258.14,""score"":100.0},""L2_dollar_vol"":{""value"":1165639866.3839808,""score"":100.0},""L3_spread_proxy"":{""value"":0.03149453784767954,""score"":68.50546215232046},""L4_volume_zscore"":{""value"":-2.210325927562253,""score"":100.0},""_score"":96.85},""pattern_structure"":{""top"":275.84,""top_touches"":2,""low_slope_per_bar"":0.06468730057434534,""lowest_low"":241.6,""structural_low"":241.6,""current_price"":257.54,""neckline_distance_pct"":0.07105692319639649,""base_bars"":31},""pattern_geometry_features"":{""top_touches"":2.0,""low_slope"":0.06468730057434534,""compression"":-0.1748662946895272,""atr_pct"":0.04456050980088326},""_schema_version"":""1.0""}",,,,,,,,,,
20260504T200431Z-7bad84,2026-05-04T20:04:31.798741+00:00,FLY,bull_flag,absent,48.11,46.0,26.6,74.3,61.7,24.8,56.9,83.3,84.0,93.7,6.44,7.99,6.69,6.17,3.48,5.12,2.5,5.04,4.68,False,,33.74,35.45,31.8648,39.6645,"{""trend"":{""T1_ema_stack"":{""value"":[false,true,false],""score"":33.33333333333333},""T2_ema50_slope"":{""value"":1.1172155497274496,""score"":100},""T3_high_proximity"":{""value"":0.7638668779714739,""score"":0},""T4_rs_1m"":{""value"":-0.07027451540614105,""score"":0},""T5_rs_3m"":{""value"":0.4433841737629105,""score"":100},""T6_adr_healthy"":{""value"":9.86749019168543,""score"":53.31274520786424},""_score"":46.0},""geometry"":{""sub_pole_impulse"":6.4,""sub_flag_tightness"":0,""sub_flag_shallowness"":0,""sub_flag_drift"":98.2,""sub_flag_duration"":100.0,""_score"":26.65},""compression"":{""VC1_atr_ratio"":{""value"":0.38291640728336707,""score"":100},""VC2_range_contraction"":{""value"":0.7796192032800769,""score"":36.73013278665385},""VC3_range_pct_rank"":{""score"":85.83333333333334},""_score"":74.31},""sr_quality"":{""SR1_touches"":{""value"":2,""score"":25.0},""SR2_tightness"":{""value"":0.14499999999999957,""score"":91.99761899599686},""SR3_recency"":{""value"":80,""score"":16.666666666666664},""SR4_price_location"":{""score"":91.46877748460874},""SR5_reaction"":{""value"":3.0003271909474547,""score"":100},""_score"":61.67,""_levels_found"":6,""_target_level"":34.225},""volume"":{""V1_rvol_day"":{""value"":0.5310246799118745,""score"":2.0683119941249677},""V2_rvol_sameslot"":{""value"":0.6193316828713201,""score"":7.9554455247546745,""status"":""ok""},""V3_breakout_bar"":{""value"":0.7932946845574061,""score"":19.552978970493744},""V4_base_dryup"":{""value"":0.6031824092018457,""score"":89.68175907981542},""V5_bo_expansion"":{""value"":0.5310246799118746,""score"":0},""_score"":24.83},""readiness"":{""_distance_atr"":0.472,""BR1_atr_distance"":{""score"":68.542364329091},""BR2_compression"":{""score"":47.756670348409415},""BR3_retest"":{""score"":50.0},""BR4_bo_age"":{""score"":50.0},""_score"":56.86},""risk"":{""R1_stop_clarity"":{""score"":73.21961805384456},""R2_stop_distance_pct"":{""value"":5.5579430942501515,""score"":100.0},""R3_stop_distance_atr"":{""value"":0.5174643095778255,""score"":50.873215478891275},""R4_rr_potential"":{""value"":3.159312091721103,""score"":100.0},""_score"":83.26},""market"":{""M1_spy_regime"":{""score"":100.0},""M3_earnings_risk"":{""value"":null,""score"":80.0},""M4_vix"":{""value"":null,""score"":60.0},""_score"":84.0},""liquidity"":{""L1_price"":{""value"":33.74,""score"":100.0},""L2_dollar_vol"":{""value"":111588473.12526494,""score"":100.0},""L3_spread_proxy"":{""value"":0.0631298162418493,""score"":36.8701837581507},""L4_volume_zscore"":{""value"":-1.0616530539892048,""score"":100.0},""_score"":93.69},""pattern_structure"":{""pole_low"":31.2355,""pole_low_idx"":36,""peak_price"":35.45,""peak_idx"":46,""pole_gain"":0.1349266059451587,""flag_bars"":13,""flag_low"":32.35,""flag_high"":35.38,""structural_low"":32.35,""current_price"":33.31,""neckline_distance_pct"":0.06424497148003604,""base_bars"":13},""pattern_geometry_features"":{""pole_gain"":0.1349266059451587,""pullback_pct"":0.08744710860366717,""flag_range_pct"":0.08547249647390694,""flag_drift_per_bar"":-0.00036615740908747243,""atr_pct"":0.10740727411296468,""pole_atr_multiple"":1.25621478674946},""_schema_version"":""1.0""}",,,,,,,,,,
20260504T200431Z-7bad84,2026-05-04T20:04:31.798741+00:00,ROP,double_bottom,forming,48.1,27.4,52.8,55.0,47.5,29.6,26.9,63.1,84.0,98.2,4.11,13.19,4.4,6.65,3.85,2.16,3.79,5.04,4.91,True,risk_unclear;reversal_trend_cap,355.04,384.0,343.7748,418.99,"{""trend"":{""T1_ema_stack"":{""value"":[false,false,false],""score"":0.0},""T2_ema50_slope"":{""value"":-0.047249411243307525,""score"":42.12509812611541},""T3_high_proximity"":{""value"":0.9660952380952381,""score"":83.04761904761904},""T4_rs_1m"":{""value"":-0.10280776762385224,""score"":0},""T5_rs_3m"":{""value"":-0.07971019427858206,""score"":10.144902860708967},""T6_adr_healthy"":{""value"":2.4114887119215362,""score"":100.0},""_score"":27.4},""geometry"":{""sub_low_similarity"":46.2,""sub_bounce_quality"":100,""sub_separation_fit"":0.0,""sub_right_bottom_reaction"":86.1,""sub_base_context"":30.0,""_score"":52.77},""compression"":{""VC1_atr_ratio"":{""value"":0.3094698733458851,""score"":100},""VC2_range_contraction"":{""value"":1.1221229161148616,""score"":0},""VC3_range_pct_rank"":{""score"":60.0},""_score"":55.0},""sr_quality"":{""SR1_touches"":{""value"":2,""score"":25.0},""SR2_tightness"":{""value"":1.7199999999999989,""score"":61.71016278746207},""SR3_recency"":{""value"":242,""score"":0.0},""SR4_price_location"":{""score"":62.94278654712212},""SR5_reaction"":{""value"":2.1148456599948293,""score"":100},""_score"":47.49,""_levels_found"":4,""_target_level"":361.72},""volume"":{""V1_rvol_day"":{""value"":0.5021225080835542,""score"":0.14150053890361242},""V2_rvol_sameslot"":{""value"":0.8503360512460386,""score"":23.355736749735907,""status"":""ok""},""V3_breakout_bar"":{""value"":1.1558284582686962,""score"":43.72189721791308},""V4_base_dryup"":{""value"":0.7996398277909214,""score"":70.03601722090787},""V5_bo_expansion"":{""value"":0.5021225080835542,""score"":0},""_score"":29.64},""readiness"":{""_distance_atr"":3.223,""BR1_atr_distance"":{""score"":0},""BR2_compression"":{""score"":37.81118763411458},""BR3_retest"":{""score"":50.0},""BR4_bo_age"":{""score"":50.0},""_score"":26.95},""risk"":{""R1_stop_clarity"":{""score"":0},""R2_stop_distance_pct"":{""value"":3.1729241775574755,""score"":100.0},""R3_stop_distance_atr"":{""value"":1.2538975571942572,""score"":87.69487785971286},""R4_rr_potential"":{""value"":5.676799687531869,""score"":100.0},""_score"":63.15},""market"":{""M1_spy_regime"":{""score"":100.0},""M3_earnings_risk"":{""value"":null,""score"":80.0},""M4_vix"":{""value"":null,""score"":60.0},""_score"":84.0},""liquidity"":{""L1_price"":{""value"":355.04,""score"":100.0},""L2_dollar_vol"":{""value"":203871009.747972,""score"":100.0},""L3_spread_proxy"":{""value"":0.018441584046867836,""score"":81.55841595313217},""L4_volume_zscore"":{""value"":-2.2979668149272774,""score"":100.0},""_score"":98.16},""pattern_structure"":{""left_low"":358.52,""left_idx"":12,""right_low"":349.01,""right_idx"":62,""separation_bars"":50,""structural_low"":349.01,""current_price"":355.0,""neckline_distance_pct"":0.08169014084507042,""base_bars"":50},""pattern_geometry_features"":{""low_similarity_pct"":0.026882252342656825,""bounce_pct"":0.1002550070198562,""right_bottom_reaction"":0.8607784431137716,""atr_pct"":0.025304492853923933},""_schema_version"":""1.0""}",,,,,,,,,,
20260504T200431Z-7bad84,2026-05-04T20:04:31.798741+00:00,CRS,bull_flag,absent,47.78,84.9,23.9,60.4,39.5,18.6,58.0,53.5,84.0,97.3,11.88,7.18,5.44,3.95,2.61,5.22,1.61,5.04,4.86,False,,426.85,442.48,388.3658,469.75,"{""trend"":{""T1_ema_stack"":{""value"":[true,true,true],""score"":100.0},""T2_ema50_slope"":{""value"":0.3701492421370905,""score"":100},""T3_high_proximity"":{""value"":0.9439198602419231,""score"":71.95993012096153},""T4_rs_1m"":{""value"":-0.004606253153866202,""score"":45.393746846133794},""T5_rs_3m"":{""value"":0.33849688959425506,""score"":100},""T6_adr_healthy"":{""value"":4.1820942703949395,""score"":100.0},""_score"":84.87},""geometry"":{""sub_pole_impulse"":8.9,""sub_flag_tightness"":0,""sub_flag_shallowness"":0,""sub_flag_drift"":100,""sub_flag_duration"":62.5,""_score"":23.92},""compression"":{""VC1_atr_ratio"":{""value"":0.37621878565918154,""score"":100},""VC2_range_contraction"":{""value"":1.2025793379605985,""score"":0},""VC3_range_pct_rank"":{""score"":81.66666666666667},""_score"":60.42},""sr_quality"":{""SR1_touches"":{""value"":2,""score"":25.0},""SR2_tightness"":{""value"":3.759999999999991,""score"":63.67807764293918},""SR3_recency"":{""value"":224,""score"":0.0},""SR4_price_location"":{""score"":40.35684386504472},""SR5_reaction"":{""value"":1.6417315703676871,""score"":82.08657851838436},""_score"":39.45,""_levels_found"":8,""_target_level"":446.24},""volume"":{""V1_rvol_day"":{""value"":0.4417965552835263,""score"":0},""V2_rvol_sameslot"":{""value"":0.5503107286435289,""score"":3.3540485762352614,""status"":""ok""},""V3_breakout_bar"":{""value"":0.927293688606758,""score"":28.486245907117198},""V4_base_dryup"":{""value"":0.9569991505991581,""score"":54.30008494008419},""V5_bo_expansion"":{""value"":0.4417965552835263,""score"":0},""_score"":18.65},""readiness"":{""_distance_atr"":0.755,""BR1_atr_distance"":{""score"":49.67095332971082},""BR2_compression"":{""score"":82.31814045700996},""BR3_retest"":{""score"":50.0},""BR4_bo_age"":{""score"":50.0},""_score"":57.95},""risk"":{""R1_stop_clarity"":{""score"":42.86832095634856},""R2_stop_distance_pct"":{""value"":9.015860372496203,""score"":74.60349068759493},""R3_stop_distance_atr"":{""value"":1.8588033568797941,""score"":100.0},""R4_rr_potential"":{""value"":1.114743193310501,""score"":5.7371596655250485},""_score"":53.53},""market"":{""M1_spy_regime"":{""score"":100.0},""M3_earnings_risk"":{""value"":null,""score"":80.0},""M4_vix"":{""value"":null,""score"":60.0},""_score"":84.0},""liquidity"":{""L1_price"":{""value"":426.85,""score"":100.0},""L2_dollar_vol"":{""value"":133427609.56295215,""score"":100.0},""L3_spread_proxy"":{""value"":0.02717582288860247,""score"":72.82417711139753},""L4_volume_zscore"":{""value"":-1.2356079425281663,""score"":100.0},""_score"":97.28},""pattern_structure"":{""pole_low"":415.21,""pole_low_idx"":16,""peak_price"":442.48,""peak_idx"":36,""pole_gain"":0.06567760892078717,""flag_bars"":23,""flag_low"":394.28,""flag_high"":431.865,""structural_low"":394.28,""current_price"":423.3,""neckline_distance_pct"":0.04531065438223484,""base_bars"":23},""pattern_geometry_features"":{""pole_gain"":0.06567760892078717,""pullback_pct"":0.10893147712890988,""flag_range_pct"":0.08494169227987713,""flag_drift_per_bar"":0.0023911969664288427,""atr_pct"":0.048503572683612516,""pole_atr_multiple"":1.3540777573066716},""_schema_version"":""1.0""}",,,,,,,,,,
20260504T200431Z-7bad84,2026-05-04T20:04:31.798741+00:00,HON,ascending_triangle,forming,47.72,23.8,54.9,50.4,48.0,21.2,40.1,58.1,84.0,98.1,3.58,15.37,4.03,6.72,2.55,3.21,2.32,5.04,4.9,True,risk_unclear;trend_floor,209.8,215.56,205.1706,222.825,"{""trend"":{""T1_ema_stack"":{""value"":[false,false,true],""score"":33.33333333333333},""T2_ema50_slope"":{""value"":-0.08780812626036173,""score"":35.36531228993971},""T3_high_proximity"":{""value"":0.8458313175294309,""score"":22.915658764715406},""T4_rs_1m"":{""value"":-0.18051171963704293,""score"":0},""T5_rs_3m"":{""value"":-0.11060168435040463,""score"":0},""T6_adr_healthy"":{""value"":2.2669591393854747,""score"":100.0},""_score"":23.84},""geometry"":{""sub_flat_top_quality"":100,""sub_hl_slope"":4.5,""sub_compression"":34.1,""sub_duration"":100.0,""_score"":54.88},""compression"":{""VC1_atr_ratio"":{""value"":0.46345162936172746,""score"":100},""VC2_range_contraction"":{""value"":1.410122342909779,""score"":0},""VC3_range_pct_rank"":{""score"":41.666666666666664},""_score"":50.42},""sr_quality"":{""SR1_touches"":{""value"":4,""score"":75.0},""SR2_tightness"":{""value"":1.3000630398176845,""score"":53.6754164366731},""SR3_recency"":{""value"":240,""score"":0.0},""SR4_price_location"":{""score"":12.734115336272334},""SR5_reaction"":{""value"":1.9011221713468345,""score"":95.05610856734172},""_score"":47.99,""_levels_found"":8,""_target_level"":221.707},""volume"":{""V1_rvol_day"":{""value"":0.40663189441715997,""score"":0},""V2_rvol_sameslot"":{""value"":0.6450183822472861,""score"":9.667892149819075,""status"":""ok""},""V3_breakout_bar"":{""value"":0.9640916791760362,""score"":30.939445278402417},""V4_base_dryup"":{""value"":0.9213117279135258,""score"":57.868827208647424},""V5_bo_expansion"":{""value"":0.40663189441715997,""score"":0},""_score"":21.24},""readiness"":{""_distance_atr"":1.026,""BR1_atr_distance"":{""score"":31.585471075263754},""BR2_compression"":{""score"":39.88157046831457},""BR3_retest"":{""score"":50.0},""BR4_bo_age"":{""score"":50.0},""_score"":40.1},""risk"":{""R1_stop_clarity"":{""score"":0},""R2_stop_distance_pct"":{""value"":2.2065896091515853,""score"":100.0},""R3_stop_distance_atr"":{""value"":0.8247914858526025,""score"":66.23957429263012},""R4_rr_potential"":{""value"":2.813524357776599,""score"":90.67621788882995},""_score"":58.07},""market"":{""M1_spy_regime"":{""score"":100.0},""M3_earnings_risk"":{""value"":null,""score"":80.0},""M4_vix"":{""value"":null,""score"":60.0},""_score"":84.0},""liquidity"":{""L1_price"":{""value"":209.8,""score"":100.0},""L2_dollar_vol"":{""value"":318675340.63975704,""score"":100.0},""L3_spread_proxy"":{""value"":0.01916015252621546,""score"":80.83984747378454},""L4_volume_zscore"":{""value"":-1.670395150709949,""score"":100.0},""_score"":98.08},""pattern_structure"":{""top"":215.56,""top_touches"":5,""low_slope_per_bar"":0.028054962646742027,""lowest_low"":208.295,""structural_low"":208.295,""current_price"":209.39,""neckline_distance_pct"":0.02946654568030955,""base_bars"":25},""pattern_geometry_features"":{""top_touches"":5.0,""low_slope"":0.028054962646742027,""compression"":0.1705364544178014,""atr_pct"":0.0267533024649326},""_schema_version"":""1.0""}",,,,,,,,,,
20260504T200431Z-7bad84,2026-05-04T20:04:31.798741+00:00,MSFT,vcp,forming,47.65,61.5,55.4,28.9,33.6,17.3,29.6,56.3,84.0,97.6,9.23,13.85,3.46,4.03,2.25,2.07,2.82,5.04,4.88,True,risk_unclear,412.48,433.7,405.2389,511.12,"{""trend"":{""T1_ema_stack"":{""value"":[true,true,false],""score"":66.66666666666666},""T2_ema50_slope"":{""value"":0.10105294315249432,""score"":66.84215719208238},""T3_high_proximity"":{""value"":0.9527857340848194,""score"":76.39286704240966},""T4_rs_1m"":{""value"":0.009610261009166399,""score"":59.6102610091664},""T5_rs_3m"":{""value"":-0.0582785152169909,""score"":20.86074239150455},""T6_adr_healthy"":{""value"":2.4128861720003774,""score"":100.0},""_score"":61.55},""geometry"":{""sub_contraction_count"":100.0,""sub_reduction_rate"":0,""sub_pivot_tightness"":69.4,""sub_volume_dryup"":0,""sub_base_depth"":100.0,""sub_base_duration"":100.0,""_score"":55.41},""compression"":{""VC1_atr_ratio"":{""value"":0.7904255183921404,""score"":52.3936204019649},""VC2_range_contraction"":{""value"":1.0336575740995715,""score"":0},""VC3_range_pct_rank"":{""score"":31.666666666666664},""_score"":28.87},""sr_quality"":{""SR1_touches"":{""value"":2,""score"":25.0},""SR2_tightness"":{""value"":1.8899999999999864,""score"":69.35898794335255},""SR3_recency"":{""value"":225,""score"":0.0},""SR4_price_location"":{""score"":8.648249288357473},""SR5_reaction"":{""value"":1.8068388747128854,""score"":90.34194373564426},""_score"":33.62,""_levels_found"":6,""_target_level"":431.81},""volume"":{""V1_rvol_day"":{""value"":0.627549143441251,""score"":8.503276229416734},""V2_rvol_sameslot"":{""value"":0.7684610633855894,""score"":17.89740422570596,""status"":""ok""},""V3_breakout_bar"":{""value"":0.7444181803217321,""score"":16.29454535478214},""V4_base_dryup"":{""value"":1.1008832500322916,""score"":39.91167499677084},""V5_bo_expansion"":{""value"":0.6275491434412512,""score"":0},""_score"":17.34},""readiness"":{""_distance_atr"":1.72,""BR1_atr_distance"":{""score"":0},""BR2_compression"":{""score"":48.43970444835535},""BR3_retest"":{""score"":50.0},""BR4_bo_age"":{""score"":50.0},""_score"":29.61},""risk"":{""R1_stop_clarity"":{""score"":0},""R2_stop_distance_pct"":{""value"":1.7554915389837147,""score"":93.88728847459286},""R3_stop_distance_atr"":{""value"":0.5869659955404961,""score"":54.3482997770248},""R4_rr_potential"":{""value"":13.62233095566295,""score"":100.0},""_score"":56.32},""market"":{""M1_spy_regime"":{""score"":100.0},""M3_earnings_risk"":{""value"":null,""score"":80.0},""M4_vix"":{""value"":null,""score"":60.0},""_score"":84.0},""liquidity"":{""L1_price"":{""value"":412.48,""score"":100.0},""L2_dollar_vol"":{""value"":9052303313.12649,""score"":100.0},""L3_spread_proxy"":{""value"":0.024195112490302467,""score"":75.80488750969754},""L4_volume_zscore"":{""value"":-1.1870131602473377,""score"":100.0},""_score"":97.58},""pattern_structure"":{""n_contractions"":5,""contractions_pct"":[10.42,18.9,6.88,13.74,5.14],""descending_strict"":false,""final_low"":411.4101,""final_pivot"":433.7,""structural_low"":411.4101,""dry_up_ratio"":1.0224148644796882,""current_price"":412.48,""neckline_distance_pct"":0.05144491854150497,""base_bars"":73,""recent_base_height"":77.42000000000002},""pattern_geometry_features"":{""contraction_count"":5.0,""first_contraction_pct"":0.10418623647130892,""last_contraction_pct"":0.05139474290984549,""dry_up_ratio"":1.0224148644796882,""near_monotone"":0.0,""base_depth_pct"":0.15987318766591788},""_schema_version"":""1.0""}",,,,,,,,,,
20260504T200431Z-7bad84,2026-05-04T20:04:31.798741+00:00,TDG,double_bottom,absent,47.33,15.9,48.0,56.9,39.9,52.0,56.3,47.8,84.0,73.1,2.38,11.99,4.55,5.58,6.77,4.5,2.86,5.04,3.65,True,risk_unclear;reversal_trend_cap,1156.44,1173.0,1119.2161,1209.74,"{""trend"":{""T1_ema_stack"":{""value"":[false,false,false],""score"":0.0},""T2_ema50_slope"":{""value"":-0.11676572951381471,""score"":30.53904508103088},""T3_high_proximity"":{""value"":0.8636723476078807,""score"":31.836173803940326},""T4_rs_1m"":{""value"":-0.10392098993300614,""score"":0},""T5_rs_3m"":{""value"":-0.2269667215470439,""score"":0},""T6_adr_healthy"":{""value"":2.751433312922034,""score"":100.0},""_score"":15.88},""geometry"":{""sub_low_similarity"":83.1,""sub_bounce_quality"":3.3,""sub_separation_fit"":100.0,""sub_right_bottom_reaction"":9.1,""sub_base_context"":30.0,""_score"":47.95},""compression"":{""VC1_atr_ratio"":{""value"":0.33889477697000603,""score"":100},""VC2_range_contraction"":{""value"":1.026690720594816,""score"":0},""VC3_range_pct_rank"":{""score"":67.5},""_score"":56.88},""sr_quality"":{""SR1_touches"":{""value"":2,""score"":25.0},""SR2_tightness"":{""value"":4.355000000000018,""score"":75.87090518733974},""SR3_recency"":{""value"":281,""score"":0.0},""SR4_price_location"":{""score"":23.979371301665044},""SR5_reaction"":{""value"":2.44933859685574,""score"":100},""_score"":39.88,""_levels_found"":6,""_target_level"":1241.445},""volume"":{""V1_rvol_day"":{""value"":0.8351117803462833,""score"":22.340785356418888},""V2_rvol_sameslot"":{""value"":1.6433219269054877,""score"":76.22146179369919,""status"":""ok""},""V3_breakout_bar"":{""value"":1.9094267413649215,""score"":93.96178275766144},""V4_base_dryup"":{""value"":1.057476983998285,""score"":44.252301600171506},""V5_bo_expansion"":{""value"":0.8351117803462832,""score"":0},""_score"":52.05},""readiness"":{""_distance_atr"":0.459,""BR1_atr_distance"":{""score"":69.41616455433211},""BR2_compression"":{""score"":44.185534575623876},""BR3_retest"":{""score"":50.0},""BR4_bo_age"":{""score"":50.0},""_score"":56.31},""risk"":{""R1_stop_clarity"":{""score"":5.567421566589829},""R2_stop_distance_pct"":{""value"":3.2188353913735415,""score"":100.0},""R3_stop_distance_atr"":{""value"":1.0312043770344257,""score"":76.56021885172129},""R4_rr_potential"":{""value"":1.4318757572419787,""score"":21.593787862098935},""_score"":47.75},""market"":{""M1_spy_regime"":{""score"":100.0},""M3_earnings_risk"":{""value"":null,""score"":80.0},""M4_vix"":{""value"":null,""score"":60.0},""_score"":84.0},""liquidity"":{""L1_price"":{""value"":1156.44,""score"":0.0},""L2_dollar_vol"":{""value"":356952881.0486195,""score"":100.0},""L3_spread_proxy"":{""value"":0.019270346926775345,""score"":80.72965307322465},""L4_volume_zscore"":{""value"":-0.46375501884570974,""score"":100.0},""_score"":73.07},""pattern_structure"":{""left_low"":1136.26,""left_idx"":39,""right_low"":1145.92,""right_idx"":69,""separation_bars"":30,""structural_low"":1136.26,""current_price"":1154.07,""neckline_distance_pct"":0.01640281785333651,""base_bars"":30},""pattern_geometry_features"":{""low_similarity_pct"":0.008465589918411414,""bounce_pct"":0.03233414887437735,""right_bottom_reaction"":0.09141172134169,""atr_pct"":0.03121433018574245},""_schema_version"":""1.0""}",,,,,,,,,,
20260504T200431Z-7bad84,2026-05-04T20:04:31.798741+00:00,ADBE,vcp,absent,47.29,22.5,45.5,48.1,37.0,42.9,51.8,65.0,84.0,96.6,3.38,11.38,5.77,4.44,5.58,3.62,3.25,5.04,4.83,True,risk_unclear;trend_floor,253.11,258.75,230.0123,319.98,"{""trend"":{""T1_ema_stack"":{""value"":[true,false,false],""score"":33.33333333333333},""T2_ema50_slope"":{""value"":-0.23192447148395176,""score"":11.345921419341373},""T3_high_proximity"":{""value"":0.8924264861434313,""score"":46.213243071715645},""T4_rs_1m"":{""value"":-0.05292418033665114,""score"":0},""T5_rs_3m"":{""value"":-0.16981858740602074,""score"":0},""T6_adr_healthy"":{""value"":3.483452779784124,""score"":100.0},""_score"":22.53},""geometry"":{""sub_contraction_count"":100.0,""sub_reduction_rate"":0,""sub_pivot_tightness"":3.6,""sub_volume_dryup"":0,""sub_base_depth"":100.0,""sub_base_duration"":100.0,""_score"":45.54},""compression"":{""VC1_atr_ratio"":{""value"":0.6097159018751239,""score"":97.57102453121902},""VC2_range_contraction"":{""value"":0.9804501021013008,""score"":3.2583163164498683},""VC3_range_pct_rank"":{""score"":31.666666666666664},""_score"":48.09},""sr_quality"":{""SR1_touches"":{""value"":2,""score"":25.0},""SR2_tightness"":{""value"":0.15500000000000114,""score"":96.77960555362213},""SR3_recency"":{""value"":303,""score"":0.0},""SR4_price_location"":{""score"":8.870630797285632},""SR5_reaction"":{""value"":1.6971998150870284,""score"":84.85999075435143},""_score"":36.96,""_levels_found"":6,""_target_level"":327.595},""volume"":{""V1_rvol_day"":{""value"":0.8187629866827187,""score"":21.250865778847917},""V2_rvol_sameslot"":{""value"":1.5049771248693042,""score"":66.99847499128695,""status"":""ok""},""V3_breakout_bar"":{""value"":1.2545399018706866,""score"":50.30266012471244},""V4_base_dryup"":{""value"":0.8665599009299485,""score"":63.34400990700515},""V5_bo_expansion"":{""value"":0.8187629866827187,""score"":0},""_score"":42.89},""readiness"":{""_distance_atr"":0.586,""BR1_atr_distance"":{""score"":60.93973187619153},""BR2_compression"":{""score"":39.569425249928166},""BR3_retest"":{""score"":50.0},""BR4_bo_age"":{""score"":50.0},""_score"":51.77},""risk"":{""R1_stop_clarity"":{""score"":27.224799114911008},""R2_stop_distance_pct"":{""value"":9.125567934889977,""score"":71.86080162775058},""R3_stop_distance_atr"":{""value"":2.3994769456116947,""score"":100.0},""R4_rr_potential"":{""value"":2.895090317336445,""score"":94.75451586682225},""_score"":65.04},""market"":{""M1_spy_regime"":{""score"":100.0},""M3_earnings_risk"":{""value"":null,""score"":80.0},""M4_vix"":{""value"":null,""score"":60.0},""_score"":84.0},""liquidity"":{""L1_price"":{""value"":253.11,""score"":100.0},""L2_dollar_vol"":{""value"":1139150836.2910535,""score"":100.0},""L3_spread_proxy"":{""value"":0.03374027102840659,""score"":66.2597289715934},""L4_volume_zscore"":{""value"":-0.6706104604244191,""score"":100.0},""_score"":96.63},""pattern_structure"":{""n_contractions"":5,""contractions_pct"":[18.02,9.23,18.29,9.42,9.75],""descending_strict"":false,""final_low"":233.515,""final_pivot"":258.75,""structural_low"":233.515,""dry_up_ratio"":1.1446007236458775,""current_price"":253.11,""neckline_distance_pct"":0.022282801943818837,""base_bars"":61,""recent_base_height"":61.23000000000002},""pattern_geometry_features"":{""contraction_count"":5.0,""first_contraction_pct"":0.18021514854717602,""last_contraction_pct"":0.09752657004830922,""dry_up_ratio"":1.1446007236458775,""near_monotone"":0.0,""base_depth_pct"":0.23762650995755802},""_schema_version"":""1.0""}",,,,,,,,,,
20260504T200431Z-7bad84,2026-05-04T20:04:31.798741+00:00,CRM,vcp,absent,46.99,22.9,48.5,58.7,58.1,10.0,45.1,62.0,84.0,96.6,3.44,12.11,7.05,6.97,1.3,3.15,3.1,5.04,4.83,True,trend_floor,185.925,193.56,168.0902,234.895,"{""trend"":{""T1_ema_stack"":{""value"":[true,false,false],""score"":33.33333333333333},""T2_ema50_slope"":{""value"":-0.28202079315657896,""score"":2.996534473903509},""T3_high_proximity"":{""value"":0.9199198456286181,""score"":59.95992281430901},""T4_rs_1m"":{""value"":-0.10157692289664366,""score"":0},""T5_rs_3m"":{""value"":-0.15060101846090923,""score"":0},""T6_adr_healthy"":{""value"":3.674061029900176,""score"":100.0},""_score"":22.93},""geometry"":{""sub_contraction_count"":100.0,""sub_reduction_rate"":0,""sub_pivot_tightness"":0,""sub_volume_dryup"":23.0,""sub_base_depth"":100.0,""sub_base_duration"":100.0,""_score"":48.45},""compression"":{""VC1_atr_ratio"":{""value"":0.5898770066185068,""score"":100},""VC2_range_contraction"":{""value"":0.8572870213925435,""score"":23.78549643457608},""VC3_range_pct_rank"":{""score"":41.666666666666664},""_score"":58.74},""sr_quality"":{""SR1_touches"":{""value"":3,""score"":50.0},""SR2_tightness"":{""value"":0.6687301398920199,""score"":82.44167469952892},""SR3_recency"":{""value"":243,""score"":0.0},""SR4_price_location"":{""score"":62.76491365777085},""SR5_reaction"":{""value"":2.2298094361101772,""score"":100},""_score"":58.06,""_levels_found"":7,""_target_level"":189.72},""volume"":{""V1_rvol_day"":{""value"":0.5023486935843947,""score"":0.1565795722929808},""V2_rvol_sameslot"":{""value"":0.4614827309795536,""score"":0,""status"":""ok""},""V3_breakout_bar"":{""value"":0.49570924828575436,""score"":0},""V4_base_dryup"":{""value"":1.0003503179575932,""score"":49.96496820424068},""V5_bo_expansion"":{""value"":0.5023486935843947,""score"":0},""_score"":10.02},""readiness"":{""_distance_atr"":1.002,""BR1_atr_distance"":{""score"":33.17792152016014},""BR2_compression"":{""score"":57.15643308717072},""BR3_retest"":{""score"":50.0},""BR4_bo_age"":{""score"":50.0},""_score"":45.06},""risk"":{""R1_stop_clarity"":{""score"":32.79064228339065},""R2_stop_distance_pct"":{""value"":9.592443189458121,""score"":60.18892026354696},""R3_stop_distance_atr"":{""value"":2.341365548464295,""score"":100.0},""R4_rr_potential"":{""value"":2.74576318703654,""score"":87.288159351827},""_score"":61.99},""market"":{""M1_spy_regime"":{""score"":100.0},""M3_earnings_risk"":{""value"":null,""score"":80.0},""M4_vix"":{""value"":null,""score"":60.0},""_score"":84.0},""liquidity"":{""L1_price"":{""value"":185.925,""score"":100.0},""L2_dollar_vol"":{""value"":1257743958.8781295,""score"":100.0},""L3_spread_proxy"":{""value"":0.03409977141320426,""score"":65.90022858679573},""L4_volume_zscore"":{""value"":-1.663768183569252,""score"":100.0},""_score"":96.59},""pattern_structure"":{""n_contractions"":5,""contractions_pct"":[5.7,6.76,12.71,13.47,11.84],""descending_strict"":false,""final_low"":170.65,""final_pivot"":193.56,""structural_low"":170.65,""dry_up_ratio"":0.8848993602811166,""current_price"":185.925,""neckline_distance_pct"":0.04106494554255743,""base_bars"":39,""recent_base_height"":41.33499999999998},""pattern_geometry_features"":{""contraction_count"":5.0,""first_contraction_pct"":0.056980127838436014,""last_contraction_pct"":0.11836123165943375,""dry_up_ratio"":0.8848993602811166,""near_monotone"":0.0,""base_depth_pct"":0.1511428358246076},""_schema_version"":""1.0""}",,,,,,,,,,
20260504T200431Z-7bad84,2026-05-04T20:04:31.798741+00:00,WDAY,double_bottom,setup,46.56,13.3,56.3,54.0,56.4,20.6,48.1,31.7,84.0,96.2,2.0,14.07,4.32,7.89,2.68,3.85,1.9,5.04,4.81,True,reversal_trend_cap,128.41,123.37,111.8664,133.17,"{""trend"":{""T1_ema_stack"":{""value"":[true,false,false],""score"":33.33333333333333},""T2_ema50_slope"":{""value"":-0.5522539394895704,""score"":0},""T3_high_proximity"":{""value"":0.754687040846312,""score"":0},""T4_rs_1m"":{""value"":-0.12398147685270977,""score"":0},""T5_rs_3m"":{""value"":-0.2919288103145644,""score"":0},""T6_adr_healthy"":{""value"":4.926097507523679,""score"":100.0},""_score"":13.33},""geometry"":{""sub_low_similarity"":28.9,""sub_bounce_quality"":80.4,""sub_separation_fit"":100.0,""sub_right_bottom_reaction"":70.3,""sub_base_context"":30.0,""_score"":56.3},""compression"":{""VC1_atr_ratio"":{""value"":0.5212160887328647,""score"":100},""VC2_range_contraction"":{""value"":0.9531931207202536,""score"":7.801146546624393},""VC3_range_pct_rank"":{""score"":44.99999999999999},""_score"":53.98},""sr_quality"":{""SR1_touches"":{""value"":2,""score"":25.0},""SR2_tightness"":{""value"":0.1790499999999895,""score"":94.50134357005791},""SR3_recency"":{""value"":230,""score"":0.0},""SR4_price_location"":{""score"":78.68063413385514},""SR5_reaction"":{""value"":3.209358925143956,""score"":100},""_score"":56.35,""_levels_found"":4,""_target_level"":132.8659},""volume"":{""V1_rvol_day"":{""value"":0.45139288957828955,""score"":0},""V2_rvol_sameslot"":{""value"":0.6073579591210099,""score"":7.157197274733991,""status"":""ok""},""V3_breakout_bar"":{""value"":0.7728772937212757,""score"":18.19181958141838},""V4_base_dryup"":{""value"":0.7697795207090212,""score"":73.02204792909788},""V5_bo_expansion"":{""value"":0.45139288957828955,""score"":0},""_score"":20.58},""readiness"":{""_distance_atr"":-0.774,""BR1_atr_distance"":{""score"":44.52207293666028},""BR2_compression"":{""score"":51.284684915346034},""BR3_retest"":{""score"":50.0},""BR4_bo_age"":{""score"":50.0},""_score"":48.13},""risk"":{""R1_stop_clarity"":{""score"":47.683685220729124},""R2_stop_distance_pct"":{""value"":12.883381356592174,""score"":0.0},""R3_stop_distance_atr"":{""value"":2.5402763915547055,""score"":100.0},""R4_rr_potential"":{""value"":0.287725427734677,""score"":0.0},""_score"":31.69},""market"":{""M1_spy_regime"":{""score"":100.0},""M3_earnings_risk"":{""value"":null,""score"":80.0},""M4_vix"":{""value"":null,""score"":60.0},""_score"":84.0},""liquidity"":{""L1_price"":{""value"":128.41,""score"":100.0},""L2_dollar_vol"":{""value"":302902157.51256114,""score"":100.0},""L3_spread_proxy"":{""value"":0.03745814188926098,""score"":62.54185811073902},""L4_volume_zscore"":{""value"":-1.3549168541945522,""score"":100.0},""_score"":96.25},""pattern_structure"":{""left_low"":113.57,""left_idx"":35,""right_low"":117.68,""right_idx"":62,""separation_bars"":27,""structural_low"":113.57,""current_price"":128.15,""neckline_distance_pct"":-0.03730003901677722,""base_bars"":27},""pattern_geometry_features"":{""low_similarity_pct"":0.03554594594594607,""bounce_pct"":0.08629039358985659,""right_bottom_reaction"":0.7033898305084747,""atr_pct"":0.0507164551047426},""_schema_version"":""1.0""}",,,,,,,,,,
20260504T200431Z-7bad84,2026-05-04T20:04:31.798741+00:00,NOW,double_bottom,forming,46.52,5.0,59.2,42.0,57.7,17.6,60.1,44.1,84.0,95.1,0.75,14.79,3.36,8.07,2.29,4.81,2.64,5.04,4.76,True,reversal_trend_cap,92.45,94.03,82.3263,104.48,"{""trend"":{""T1_ema_stack"":{""value"":[false,false,false],""score"":0.0},""T2_ema50_slope"":{""value"":-0.6616854708984584,""score"":0},""T3_high_proximity"":{""value"":0.7435258163101174,""score"":0},""T4_rs_1m"":{""value"":-0.18849959772573766,""score"":0},""T5_rs_3m"":{""value"":-0.24908175740247362,""score"":0},""T6_adr_healthy"":{""value"":5.427933904762485,""score"":100.0},""_score"":5.0},""geometry"":{""sub_low_similarity"":45.7,""sub_bounce_quality"":100,""sub_separation_fit"":100.0,""sub_right_bottom_reaction"":29.8,""sub_base_context"":30.0,""_score"":59.18},""compression"":{""VC1_atr_ratio"":{""value"":0.6786353033881468,""score"":80.34117415296329},""VC2_range_contraction"":{""value"":0.9335858745796795,""score"":11.06902090338676},""VC3_range_pct_rank"":{""score"":24.16666666666667},""_score"":42.05},""sr_quality"":{""SR1_touches"":{""value"":3,""score"":50.0},""SR2_tightness"":{""value"":0.49593906435726376,""score"":82.28671569797565},""SR3_recency"":{""value"":246,""score"":0.0},""SR4_price_location"":{""score"":62.373162145371765},""SR5_reaction"":{""value"":1.9635230908172465,""score"":98.17615454086233},""_score"":57.66,""_levels_found"":5,""_target_level"":98.5067},""volume"":{""V1_rvol_day"":{""value"":0.625351669717294,""score"":8.35677798115293},""V2_rvol_sameslot"":{""value"":0.997938728667727,""score"":33.195915244515135,""status"":""ok""},""V3_breakout_bar"":{""value"":1.059015657609345,""score"":37.26771050728967},""V4_base_dryup"":{""value"":1.533726545686763,""score"":0},""V5_bo_expansion"":{""value"":0.625351669717294,""score"":0},""_score"":17.63},""readiness"":{""_distance_atr"":0.282,""BR1_atr_distance"":{""score"":81.18922853726696},""BR2_compression"":{""score"":40.38668188032411},""BR3_retest"":{""score"":50.0},""BR4_bo_age"":{""score"":50.0},""_score"":60.07},""risk"":{""R1_stop_clarity"":{""score"":55.222030032604394},""R2_stop_distance_pct"":{""value"":10.950459707950243,""score"":26.238507301243928},""R3_stop_distance_atr"":{""value"":1.8079234847209247,""score"":100.0},""R4_rr_potential"":{""value"":1.1883007200924565,""score"":9.415036004622824},""_score"":44.08},""market"":{""M1_spy_regime"":{""score"":100.0},""M3_earnings_risk"":{""value"":null,""score"":80.0},""M4_vix"":{""value"":null,""score"":60.0},""_score"":84.0},""liquidity"":{""L1_price"":{""value"":92.45,""score"":100.0},""L2_dollar_vol"":{""value"":1718288230.0276992,""score"":100.0},""L3_spread_proxy"":{""value"":0.048891292590589615,""score"":51.108707409410385},""L4_volume_zscore"":{""value"":-0.6675919482564723,""score"":100.0},""_score"":95.11},""pattern_structure"":{""left_low"":83.58,""left_idx"":36,""right_low"":85.88,""right_idx"":62,""separation_bars"":26,""structural_low"":83.58,""current_price"":92.66,""neckline_distance_pct"":0.014785236347938751,""base_bars"":26},""pattern_geometry_features"":{""low_similarity_pct"":0.027145048979110083,""bounce_pct"":0.1250299114620723,""right_bottom_reaction"":0.2977099236641221,""atr_pct"":0.06056926523989803},""_schema_version"":""1.0""}",,,,,,,,,,
20260504T200431Z-7bad84,2026-05-04T20:04:31.798741+00:00,LEU,ascending_triangle,absent,46.47,36.1,38.7,35.9,69.2,26.6,23.2,69.7,84.0,95.8,5.42,10.83,2.88,9.68,3.19,1.85,2.79,5.04,4.79,False,,207.245,227.49,186.6575,265.48,"{""trend"":{""T1_ema_stack"":{""value"":[true,false,false],""score"":33.33333333333333},""T2_ema50_slope"":{""value"":-0.13338005958560833,""score"":27.769990069065276},""T3_high_proximity"":{""value"":0.7389203836417442,""score"":0},""T4_rs_1m"":{""value"":0.03631610717092548,""score"":86.31610717092548},""T5_rs_3m"":{""value"":-0.2569678452188866,""score"":0},""T6_adr_healthy"":{""value"":6.84169360425344,""score"":100.0},""_score"":36.15},""geometry"":{""sub_flat_top_quality"":33.3,""sub_hl_slope"":37.8,""sub_compression"":9.4,""sub_duration"":100.0,""_score"":38.68},""compression"":{""VC1_atr_ratio"":{""value"":0.8677069284846215,""score"":33.073267878844625},""VC2_range_contraction"":{""value"":1.1714186147578163,""score"":0},""VC3_range_pct_rank"":{""score"":90.83333333333333},""_score"":35.94},""sr_quality"":{""SR1_touches"":{""value"":5,""score"":100},""SR2_tightness"":{""value"":4.098243953695287,""score"":47.86659819932394},""SR3_recency"":{""value"":233,""score"":0.0},""SR4_price_location"":{""score"":67.86084310600613},""SR5_reaction"":{""value"":2.2921722774976154,""score"":100},""_score"":69.15,""_levels_found"":7,""_target_level"":216.5821},""volume"":{""V1_rvol_day"":{""value"":0.6312179727408871,""score"":8.747864849392473},""V2_rvol_sameslot"":{""value"":0.737590694200728,""score"":15.839379613381865,""status"":""ok""},""V3_breakout_bar"":{""value"":0.8003048279102912,""score"":20.02032186068608},""V4_base_dryup"":{""value"":0.6674067303468694,""score"":83.25932696531306},""V5_bo_expansion"":{""value"":0.6312179727408869,""score"":0},""_score"":26.57},""readiness"":{""_distance_atr"":1.288,""BR1_atr_distance"":{""score"":14.155043690276031},""BR2_compression"":{""score"":0},""BR3_retest"":{""score"":50.0},""BR4_bo_age"":{""score"":50.0},""_score"":23.16},""risk"":{""R1_stop_clarity"":{""score"":63.84080686929261},""R2_stop_distance_pct"":{""value"":9.933894665733796,""score"":51.65263335665511},""R3_stop_distance_atr"":{""value"":1.3094589069101819,""score"":90.47294534550909},""R4_rr_potential"":{""value"":2.828658166363084,""score"":91.4329083181542},""_score"":69.7},""market"":{""M1_spy_regime"":{""score"":100.0},""M3_earnings_risk"":{""value"":null,""score"":80.0},""M4_vix"":{""value"":null,""score"":60.0},""_score"":84.0},""liquidity"":{""L1_price"":{""value"":207.245,""score"":100.0},""L2_dollar_vol"":{""value"":118658987.57103607,""score"":100.0},""L3_spread_proxy"":{""value"":0.04202755193128909,""score"":57.97244806871091},""L4_volume_zscore"":{""value"":-1.0273090647314298,""score"":100.0},""_score"":95.8},""pattern_structure"":{""top"":227.49,""top_touches"":2,""low_slope_per_bar"":0.2146691684039826,""lowest_low"":189.5,""structural_low"":189.5,""current_price"":206.77,""neckline_distance_pct"":0.10020796053586109,""base_bars"":53},""pattern_geometry_features"":{""top_touches"":2.0,""low_slope"":0.2146691684039826,""compression"":0.047044923438547936,""atr_pct"":0.07586259189434175},""_schema_version"":""1.0""}",,,,,,,,,,
20260504T200431Z-7bad84,2026-05-04T20:04:31.798741+00:00,GE,ascending_triangle,forming,46.38,20.1,52.1,44.4,60.7,15.7,30.3,64.0,84.0,96.3,3.01,14.6,3.55,8.5,1.88,2.42,2.56,5.04,4.81,True,risk_unclear;trend_floor,280.39,291.76,275.2189,304.11,"{""trend"":{""T1_ema_stack"":{""value"":[false,false,true],""score"":33.33333333333333},""T2_ema50_slope"":{""value"":-0.1223692740478625,""score"":29.605120992022915},""T3_high_proximity"":{""value"":0.8109851333371897,""score"":5.492566668594822},""T4_rs_1m"":{""value"":-0.09761080089245044,""score"":0},""T5_rs_3m"":{""value"":-0.12429291493115091,""score"":0},""T6_adr_healthy"":{""value"":3.2626470498279825,""score"":100.0},""_score"":20.08},""geometry"":{""sub_flat_top_quality"":100,""sub_hl_slope"":6.7,""sub_compression"":20.5,""sub_duration"":100.0,""_score"":52.13},""compression"":{""VC1_atr_ratio"":{""value"":0.4580809939770709,""score"":100},""VC2_range_contraction"":{""value"":1.2438624173578183,""score"":0},""VC3_range_pct_rank"":{""score"":17.500000000000004},""_score"":44.38},""sr_quality"":{""SR1_touches"":{""value"":3,""score"":50.0},""SR2_tightness"":{""value"":1.80877490768385,""score"":66.56674516932736},""SR3_recency"":{""value"":251,""score"":0.0},""SR4_price_location"":{""score"":86.82042833607888},""SR5_reaction"":{""value"":1.8667221184335314,""score"":93.33610592167658},""_score"":60.69,""_levels_found"":5,""_target_level"":281.99},""volume"":{""V1_rvol_day"":{""value"":0.687253154629662,""score"":12.483543641977464},""V2_rvol_sameslot"":{""value"":0.7177709328750155,""score"":14.518062191667699,""status"":""ok""},""V3_breakout_bar"":{""value"":0.8472985768533406,""score"":23.153238456889376},""V4_base_dryup"":{""value"":1.275353206224963,""score"":22.4646793775037},""V5_bo_expansion"":{""value"":0.687253154629662,""score"":0},""_score"":15.68},""readiness"":{""_distance_atr"":1.051,""BR1_atr_distance"":{""score"":29.945934527306633},""BR2_compression"":{""score"":3.202836840071721},""BR3_retest"":{""score"":50.0},""BR4_bo_age"":{""score"":50.0},""_score"":30.28},""risk"":{""R1_stop_clarity"":{""score"":22.531109101351404},""R2_stop_distance_pct"":{""value"":1.8442704804022807,""score"":96.10676201005701},""R3_stop_distance_atr"":{""value"":0.47791567370595633,""score"":48.895783685297815},""R4_rr_potential"":{""value"":4.5869874205931325,""score"":100.0},""_score"":64.05},""market"":{""M1_spy_regime"":{""score"":100.0},""M3_earnings_risk"":{""value"":null,""score"":80.0},""M4_vix"":{""value"":null,""score"":60.0},""_score"":84.0},""liquidity"":{""L1_price"":{""value"":280.39,""score"":100.0},""L2_dollar_vol"":{""value"":1310935683.4450638,""score"":100.0},""L3_spread_proxy"":{""value"":0.037198188237811444,""score"":62.80181176218856},""L4_volume_zscore"":{""value"":-0.7387585480015272,""score"":100.0},""_score"":96.28},""pattern_structure"":{""top"":291.76,""top_touches"":4,""low_slope_per_bar"":0.05583688374923769,""lowest_low"":279.41,""structural_low"":279.41,""current_price"":280.64,""neckline_distance_pct"":0.03962371721778793,""base_bars"":32},""pattern_geometry_features"":{""top_touches"":4.0,""low_slope"":0.05583688374923769,""compression"":0.10241544633247535,""atr_pct"":0.03858987226974672},""_schema_version"":""1.0""}",,,,,,,,,,
20260504T200431Z-7bad84,2026-05-04T20:04:31.798741+00:00,BA,cup_with_handle,absent,46.21,49.9,41.8,48.1,41.2,34.9,17.5,58.2,84.0,97.2,6.98,12.53,3.85,4.95,4.54,1.4,2.91,4.2,4.86,True,risk_unclear,221.87,236.45,217.8328,285.24,"{""trend"":{""T1_ema_stack"":{""value"":[false,true,true],""score"":66.66666666666666},""T2_ema50_slope"":{""value"":0.13781905827324553,""score"":72.96984304554093},""T3_high_proximity"":{""value"":0.9066650320787871,""score"":53.33251603939354},""T4_rs_1m"":{""value"":-0.029316484465065074,""score"":20.683515534934926},""T5_rs_3m"":{""value"":-0.08040630363332024,""score"":9.796848183339876},""T6_adr_healthy"":{""value"":2.665315835473364,""score"":100.0},""_score"":49.87},""geometry"":{""sub_cup_depth"":100.0,""sub_cup_duration"":0.0,""sub_rim_symmetry"":3.4,""sub_handle_shallowness"":46.1,""sub_handle_proportion"":74.3,""sub_u_shape"":29.5,""_score"":41.75},""compression"":{""VC1_atr_ratio"":{""value"":0.5933671624568293,""score"":100},""VC2_range_contraction"":{""value"":1.1242113780253864,""score"":0},""VC3_range_pct_rank"":{""score"":32.49999999999999},""_score"":48.12},""sr_quality"":{""SR1_touches"":{""value"":2,""score"":25.0},""SR2_tightness"":{""value"":1.5,""score"":56.58820501530264},""SR3_recency"":{""value"":261,""score"":0.0},""SR4_price_location"":{""score"":41.06130813248738},""SR5_reaction"":{""value"":3.3687552908125156,""score"":100},""_score"":41.25,""_levels_found"":5,""_target_level"":230.46},""volume"":{""V1_rvol_day"":{""value"":0.620455215847051,""score"":8.030347723136732},""V2_rvol_sameslot"":{""value"":0.9875105665543971,""score"":32.50070443695981,""status"":""ok""},""V3_breakout_bar"":{""value"":1.2256855600073393,""score"":48.37903733382262},""V4_base_dryup"":{""value"":0.7648040378974338,""score"":73.51959621025662},""V5_bo_expansion"":{""value"":0.620455215847051,""score"":0},""_score"":34.9},""readiness"":{""_distance_atr"":2.11,""BR1_atr_distance"":{""score"":0},""BR2_compression"":{""score"":0},""BR3_retest"":{""score"":50.0},""BR4_bo_age"":{""score"":50.0},""_score"":17.5},""risk"":{""R1_stop_clarity"":{""score"":3.9948153913417457},""R2_stop_distance_pct"":{""value"":1.8196466399242799,""score"":95.491165998107},""R3_stop_distance_atr"":{""value"":0.5842142310065648,""score"":54.21071155032824},""R4_rr_potential"":{""value"":15.69632794600285,""score"":100.0},""_score"":58.18},""market"":{""M1_spy_regime"":{""score"":100.0},""M3_earnings_risk"":{""value"":null,""score"":80.0},""M4_vix"":{""value"":null,""score"":60.0},""_score"":84.0},""liquidity"":{""L1_price"":{""value"":221.87,""score"":100.0},""L2_dollar_vol"":{""value"":812546249.3702627,""score"":100.0},""L3_spread_proxy"":{""value"":0.02834993464641453,""score"":71.65006535358548},""L4_volume_zscore"":{""value"":-0.8042697900379702,""score"":100.0},""_score"":97.17},""pattern_structure"":{""left_rim"":225.56,""left_rim_idx"":51,""cup_bottom"":176.77,""cup_bottom_idx"":69,""right_rim"":236.45,""right_rim_idx"":173,""handle_low"":221.15,""handle_bars"":6,""cup_bars"":122,""structural_low"":221.15,""current_price"":221.87,""neckline_distance_pct"":0.06571415693874784,""base_bars"":128},""pattern_geometry_features"":{""cup_depth_pct"":0.2163060826387657,""rim_symmetry_pct"":0.048279836850505346,""handle_depth_pct"":0.06470712624233446,""handle_to_cup_ratio"":0.04918032786885246,""cup_duration_bars"":122.0,""atr_pct"":0.0311469071335209,""u_shape_score"":0.14754098360655737},""_schema_version"":""1.0""}",,,,,,,,,,
20260504T200431Z-7bad84,2026-05-04T20:04:31.798741+00:00,ADBE,ascending_triangle,absent,46.18,22.5,43.2,48.1,37.0,44.8,51.8,57.6,84.0,96.6,3.38,12.08,3.85,5.17,5.37,4.14,2.31,5.04,4.83,True,risk_unclear;trend_floor,253.11,258.75,232.7358,281.22,"{""trend"":{""T1_ema_stack"":{""value"":[true,false,false],""score"":33.33333333333333},""T2_ema50_slope"":{""value"":-0.23192447148395176,""score"":11.345921419341373},""T3_high_proximity"":{""value"":0.8924264861434313,""score"":46.213243071715645},""T4_rs_1m"":{""value"":-0.05292418033665114,""score"":0},""T5_rs_3m"":{""value"":-0.16981858740602074,""score"":0},""T6_adr_healthy"":{""value"":3.483452779784124,""score"":100.0},""_score"":22.53},""geometry"":{""sub_flat_top_quality"":33.3,""sub_hl_slope"":30.5,""sub_compression"":36.1,""sub_duration"":100.0,""_score"":43.16},""compression"":{""VC1_atr_ratio"":{""value"":0.6097159018751239,""score"":97.57102453121902},""VC2_range_contraction"":{""value"":0.9804501021013008,""score"":3.2583163164498683},""VC3_range_pct_rank"":{""score"":31.666666666666664},""_score"":48.09},""sr_quality"":{""SR1_touches"":{""value"":2,""score"":25.0},""SR2_tightness"":{""value"":0.15500000000000114,""score"":96.77960555362213},""SR3_recency"":{""value"":303,""score"":0.0},""SR4_price_location"":{""score"":8.870630797285632},""SR5_reaction"":{""value"":1.6971998150870284,""score"":84.85999075435143},""_score"":36.96,""_levels_found"":6,""_target_level"":327.595},""volume"":{""V1_rvol_day"":{""value"":0.8187629866827187,""score"":21.250865778847917},""V2_rvol_sameslot"":{""value"":1.5049771248693042,""score"":66.99847499128695,""status"":""ok""},""V3_breakout_bar"":{""value"":1.2545399018706866,""score"":50.30266012471244},""V4_base_dryup"":{""value"":0.7726789226907401,""score"":72.73210773092599},""V5_bo_expansion"":{""value"":0.8187629866827187,""score"":0},""_score"":44.77},""readiness"":{""_distance_atr"":0.586,""BR1_atr_distance"":{""score"":60.93973187619153},""BR2_compression"":{""score"":39.569425249928166},""BR3_retest"":{""score"":50.0},""BR4_bo_age"":{""score"":50.0},""_score"":51.77},""risk"":{""R1_stop_clarity"":{""score"":26.36308389127558},""R2_stop_distance_pct"":{""value"":8.04954367666232,""score"":98.76140808344198},""R3_stop_distance_atr"":{""value"":2.116547113851331,""score"":100.0},""R4_rr_potential"":{""value"":1.3796860735636252,""score"":18.98430367818126},""_score"":57.65},""market"":{""M1_spy_regime"":{""score"":100.0},""M3_earnings_risk"":{""value"":null,""score"":80.0},""M4_vix"":{""value"":null,""score"":60.0},""_score"":84.0},""liquidity"":{""L1_price"":{""value"":253.11,""score"":100.0},""L2_dollar_vol"":{""value"":1139150836.2910535,""score"":100.0},""L3_spread_proxy"":{""value"":0.03374027102840659,""score"":66.2597289715934},""L4_volume_zscore"":{""value"":-0.6706104604244191,""score"":100.0},""_score"":96.63},""pattern_structure"":{""top"":258.75,""top_touches"":2,""low_slope_per_bar"":0.21625912408759257,""lowest_low"":236.28,""structural_low"":236.28,""current_price"":254.22,""neckline_distance_pct"":0.01781921170639604,""base_bars"":30},""pattern_geometry_features"":{""top_touches"":2.0,""low_slope"":0.21625912408759257,""compression"":0.1805297621406775,""atr_pct"":0.03803148828572559},""_schema_version"":""1.0""}",,,,,,,,,,
20260504T200431Z-7bad84,2026-05-04T20:04:31.798741+00:00,SATS,bull_flag,absent,45.58,56.3,28.0,68.5,45.9,19.0,43.2,70.3,84.0,96.9,7.88,8.4,6.17,4.58,2.66,3.89,2.11,5.04,4.85,False,,120.71,124.96,117.3825,133.3,"{""trend"":{""T1_ema_stack"":{""value"":[false,true,true],""score"":66.66666666666666},""T2_ema50_slope"":{""value"":0.2966049506794568,""score"":99.43415844657613},""T3_high_proximity"":{""value"":0.8934201761527643,""score"":46.71008807638211},""T4_rs_1m"":{""value"":-0.156808733627534,""score"":0},""T5_rs_3m"":{""value"":0.003136502019175591,""score"":51.5682510095878},""T6_adr_healthy"":{""value"":4.777267207030739,""score"":100.0},""_score"":56.3},""geometry"":{""sub_pole_impulse"":14.8,""sub_flag_tightness"":0,""sub_flag_shallowness"":0,""sub_flag_drift"":90.4,""sub_flag_duration"":100.0,""_score"":28.0},""compression"":{""VC1_atr_ratio"":{""value"":0.3889185984415288,""score"":100},""VC2_range_contraction"":{""value"":0.8571673610465684,""score"":23.805439825571927},""VC3_range_pct_rank"":{""score"":80.83333333333333},""_score"":68.54},""sr_quality"":{""SR1_touches"":{""value"":3,""score"":50.0},""SR2_tightness"":{""value"":0.9954865923534848,""score"":63.29544237146503},""SR3_recency"":{""value"":242,""score"":0.0},""SR4_price_location"":{""score"":25.405961979735913},""SR5_reaction"":{""value"":3.059000138266144,""score"":100},""_score"":45.85,""_levels_found"":4,""_target_level"":131.3963},""volume"":{""V1_rvol_day"":{""value"":0.394948244156705,""score"":0},""V2_rvol_sameslot"":{""value"":0.29437895065158937,""score"":0,""status"":""ok""},""V3_breakout_bar"":{""value"":0.7357711800044652,""score"":15.718078666964344},""V4_base_dryup"":{""value"":0.7463718133236179,""score"":75.36281866763821},""V5_bo_expansion"":{""value"":0.394948244156705,""score"":0},""_score"":19.0},""readiness"":{""_distance_atr"":0.784,""BR1_atr_distance"":{""score"":47.76612391718952},""BR2_compression"":{""score"":26.56709474013055},""BR3_retest"":{""score"":50.0},""BR4_bo_age"":{""score"":50.0},""_score"":43.25},""risk"":{""R1_stop_clarity"":{""score"":34.09123985225247},""R2_stop_distance_pct"":{""value"":2.75656656449341,""score"":100.0},""R3_stop_distance_atr"":{""value"":0.6134318446678645,""score"":55.67159223339322},""R4_rr_potential"":{""value"":3.7836764863439805,""score"":100.0},""_score"":70.28},""market"":{""M1_spy_regime"":{""score"":100.0},""M3_earnings_risk"":{""value"":null,""score"":80.0},""M4_vix"":{""value"":null,""score"":60.0},""_score"":84.0},""liquidity"":{""L1_price"":{""value"":120.71,""score"":100.0},""L2_dollar_vol"":{""value"":241994953.14240623,""score"":100.0},""L3_spread_proxy"":{""value"":0.030899676911606336,""score"":69.10032308839367},""L4_volume_zscore"":{""value"":-1.3747510094411106,""score"":100.0},""_score"":96.91},""pattern_structure"":{""pole_low"":116.62,""pole_low_idx"":23,""peak_price"":124.96,""peak_idx"":46,""pole_gain"":0.07151432001371968,""flag_bars"":13,""flag_low"":119.1701,""flag_high"":124.61,""structural_low"":119.1701,""current_price"":120.93,""neckline_distance_pct"":0.033325064086661596,""base_bars"":13},""pattern_geometry_features"":{""pole_gain"":0.07151432001371968,""pullback_pct"":0.04633402688860427,""flag_range_pct"":0.04353313060179253,""flag_drift_per_bar"":-0.001922713439706736,""atr_pct"":0.0449368024900292,""pole_atr_multiple"":1.5914421153927816},""_schema_version"":""1.0""}",,,,,,,,,,
20260504T200431Z-7bad84,2026-05-04T20:04:31.798741+00:00,LHX,double_bottom,forming,45.56,20.6,56.8,51.5,42.3,23.6,35.0,40.7,84.0,97.7,3.1,14.2,4.12,5.93,3.06,2.8,2.44,5.04,4.88,True,risk_unclear;reversal_trend_cap,308.9,326.76,308.3148,340.51,"{""trend"":{""T1_ema_stack"":{""value"":[false,false,true],""score"":33.33333333333333},""T2_ema50_slope"":{""value"":-0.117139547190306,""score"":30.476742134949},""T3_high_proximity"":{""value"":0.8161593743394631,""score"":8.079687169731509},""T4_rs_1m"":{""value"":-0.22717551753186238,""score"":0},""T5_rs_3m"":{""value"":-0.12466778441431381,""score"":0},""T6_adr_healthy"":{""value"":2.5141682028487637,""score"":100.0},""_score"":20.64},""geometry"":{""sub_low_similarity"":88.9,""sub_bounce_quality"":19.9,""sub_separation_fit"":100.0,""sub_right_bottom_reaction"":34.3,""sub_base_context"":30.0,""_score"":56.8},""compression"":{""VC1_atr_ratio"":{""value"":0.5260814274169425,""score"":100},""VC2_range_contraction"":{""value"":1.2708712762647036,""score"":0},""VC3_range_pct_rank"":{""score"":45.833333333333336},""_score"":51.46},""sr_quality"":{""SR1_touches"":{""value"":2,""score"":25.0},""SR2_tightness"":{""value"":1.7997499999999889,""score"":60.00276209767059},""SR3_recency"":{""value"":268,""score"":0.0},""SR4_price_location"":{""score"":43.31636421253315},""SR5_reaction"":{""value"":4.319718361282372,""score"":100},""_score"":42.33,""_levels_found"":8,""_target_level"":331.0802},""volume"":{""V1_rvol_day"":{""value"":0.687475939315178,""score"":12.498395954345202},""V2_rvol_sameslot"":{""value"":0.9965859351292389,""score"":33.105729008615924,""status"":""ok""},""V3_breakout_bar"":{""value"":0.8865048939105706,""score"":25.766992927371373},""V4_base_dryup"":{""value"":1.1005053545869503,""score"":39.94946454130497},""V5_bo_expansion"":{""value"":0.6874759393151779,""score"":0},""_score"":23.55},""readiness"":{""_distance_atr"":1.985,""BR1_atr_distance"":{""score"":0},""BR2_compression"":{""score"":69.95711718555192},""BR3_retest"":{""score"":50.0},""BR4_bo_age"":{""score"":50.0},""_score"":34.99},""risk"":{""R1_stop_clarity"":{""score"":0},""R2_stop_distance_pct"":{""value"":0.18943023632243405,""score"":54.73575590806086},""R3_stop_distance_atr"":{""value"":0.06502120783038796,""score"":28.2510603915194},""R4_rr_potential"":{""value"":54.02033666581232,""score"":100.0},""_score"":40.66},""market"":{""M1_spy_regime"":{""score"":100.0},""M3_earnings_risk"":{""value"":null,""score"":80.0},""M4_vix"":{""value"":null,""score"":60.0},""_score"":84.0},""liquidity"":{""L1_price"":{""value"":308.9,""score"":100.0},""L2_dollar_vol"":{""value"":302093868.22602457,""score"":100.0},""L3_spread_proxy"":{""value"":0.02343800582712855,""score"":76.56199417287145},""L4_volume_zscore"":{""value"":-0.8362194370404294,""score"":100.0},""_score"":97.66},""pattern_structure"":{""left_low"":314.75,""left_idx"":43,""right_low"":313.01,""right_idx"":62,""separation_bars"":19,""structural_low"":313.01,""current_price"":308.56,""neckline_distance_pct"":0.05898366606170595,""base_bars"":19},""pattern_geometry_features"":{""low_similarity_pct"":0.005543519816490408,""bounce_pct"":0.04392830899971247,""right_bottom_reaction"":0.3432099755422817,""atr_pct"":0.029133607732507078},""_schema_version"":""1.0""}",,,,,,,,,,
20260504T200431Z-7bad84,2026-05-04T20:04:31.798741+00:00,NVDA,bull_flag,absent,45.49,84.2,30.9,27.8,44.0,25.2,24.1,64.9,84.0,96.5,11.8,9.27,2.5,4.4,3.54,2.17,1.95,5.04,4.82,True,risk_unclear,198.7301,214.73,191.8189,232.2394,"{""trend"":{""T1_ema_stack"":{""value"":[true,true,true],""score"":100.0},""T2_ema50_slope"":{""value"":0.30996573864273375,""score"":100},""T3_high_proximity"":{""value"":0.9174557961312958,""score"":58.72789806564788},""T4_rs_1m"":{""value"":0.02542832115025173,""score"":75.42832115025173},""T5_rs_3m"":{""value"":0.03813005175815931,""score"":69.06502587907966},""T6_adr_healthy"":{""value"":2.86755224525322,""score"":100.0},""_score"":84.25},""geometry"":{""sub_pole_impulse"":44.0,""sub_flag_tightness"":0,""sub_flag_shallowness"":0,""sub_flag_drift"":84.7,""sub_flag_duration"":50.0,""_score"":30.91},""compression"":{""VC1_atr_ratio"":{""value"":0.7764754897157613,""score"":55.88112757105967},""VC2_range_contraction"":{""value"":1.4408135182609731,""score"":0},""VC3_range_pct_rank"":{""score"":21.666666666666668},""_score"":27.77},""sr_quality"":{""SR1_touches"":{""value"":2,""score"":25.0},""SR2_tightness"":{""value"":0.2046500000000009,""score"":93.59522329871369},""SR3_recency"":{""value"":228,""score"":0.0},""SR4_price_location"":{""score"":30.0},""SR5_reaction"":{""value"":3.3326042053212563,""score"":100},""_score"":44.04,""_levels_found"":6,""_target_level"":197.4253},""volume"":{""V1_rvol_day"":{""value"":0.7415148925230625,""score"":16.10099283487083},""V2_rvol_sameslot"":{""value"":0.8054400979804723,""score"":20.362673198698154,""status"":""ok""},""V3_breakout_bar"":{""value"":0.6881124525727266,""score"":12.540830171515104},""V4_base_dryup"":{""value"":0.7588995355175268,""score"":74.11004644824732},""V5_bo_expansion"":{""value"":0.7415148925230625,""score"":0},""_score"":25.25},""readiness"":{""_distance_atr"":2.504,""BR1_atr_distance"":{""score"":0},""BR2_compression"":{""score"":26.443261458143947},""BR3_retest"":{""score"":50.0},""BR4_bo_age"":{""score"":50.0},""_score"":24.11},""risk"":{""R1_stop_clarity"":{""score"":8.580536417653008},""R2_stop_distance_pct"":{""value"":3.4776815389314346,""score"":100.0},""R3_stop_distance_atr"":{""value"":1.081473069580493,""score"":79.07365347902466},""R4_rr_potential"":{""value"":4.848550179418928,""score"":100.0},""_score"":64.86},""market"":{""M1_spy_regime"":{""score"":100.0},""M3_earnings_risk"":{""value"":null,""score"":80.0},""M4_vix"":{""value"":null,""score"":60.0},""_score"":84.0},""liquidity"":{""L1_price"":{""value"":198.7301,""score"":100.0},""L2_dollar_vol"":{""value"":21659794620.204273,""score"":100.0},""L3_spread_proxy"":{""value"":0.03517333307838109,""score"":64.82666692161891},""L4_volume_zscore"":{""value"":-1.0610286516865959,""score"":100.0},""_score"":96.48},""pattern_structure"":{""pole_low"":197.2206,""pole_low_idx"":16,""peak_price"":214.73,""peak_idx"":35,""pole_gain"":0.08878078659125872,""flag_bars"":24,""flag_low"":194.74,""flag_high"":212.72,""structural_low"":194.74,""current_price"":198.63,""neckline_distance_pct"":0.08105522831395054,""base_bars"":24},""pattern_geometry_features"":{""pole_gain"":0.08878078659125872,""pullback_pct"":0.09309365249382938,""flag_range_pct"":0.08373306012201365,""flag_drift_per_bar"":-0.003060350575354241,""atr_pct"":0.03215689448726115,""pole_atr_multiple"":2.7608631992255637},""_schema_version"":""1.0""}",,,,,,,,,,
20260504T200431Z-7bad84,2026-05-04T20:04:31.798741+00:00,NOW,bull_flag,forming,45.27,5.0,52.9,42.0,57.7,17.6,52.5,72.6,84.0,95.1,0.7,15.86,3.78,5.77,2.47,4.72,2.18,5.04,4.76,True,trend_floor,92.45,95.62,90.748,105.36,"{""trend"":{""T1_ema_stack"":{""value"":[false,false,false],""score"":0.0},""T2_ema50_slope"":{""value"":-0.6616854708984584,""score"":0},""T3_high_proximity"":{""value"":0.7435258163101174,""score"":0},""T4_rs_1m"":{""value"":-0.18849959772573766,""score"":0},""T5_rs_3m"":{""value"":-0.24908175740247362,""score"":0},""T6_adr_healthy"":{""value"":5.427933904762485,""score"":100.0},""_score"":5.0},""geometry"":{""sub_pole_impulse"":21.8,""sub_flag_tightness"":71.4,""sub_flag_shallowness"":35.6,""sub_flag_drift"":84.0,""sub_flag_duration"":87.5,""_score"":52.86},""compression"":{""VC1_atr_ratio"":{""value"":0.6786353033881468,""score"":80.34117415296329},""VC2_range_contraction"":{""value"":0.9335858745796795,""score"":11.06902090338676},""VC3_range_pct_rank"":{""score"":24.16666666666667},""_score"":42.05},""sr_quality"":{""SR1_touches"":{""value"":3,""score"":50.0},""SR2_tightness"":{""value"":0.49593906435726376,""score"":82.28671569797565},""SR3_recency"":{""value"":246,""score"":0.0},""SR4_price_location"":{""score"":62.373162145371765},""SR5_reaction"":{""value"":1.9635230908172465,""score"":98.17615454086233},""_score"":57.66,""_levels_found"":5,""_target_level"":98.5067},""volume"":{""V1_rvol_day"":{""value"":0.625351669717294,""score"":8.35677798115293},""V2_rvol_sameslot"":{""value"":0.997938728667727,""score"":33.195915244515135,""status"":""ok""},""V3_breakout_bar"":{""value"":1.059015657609345,""score"":37.26771050728967},""V4_base_dryup"":{""value"":1.954189764413959,""score"":0},""V5_bo_expansion"":{""value"":0.625351669717294,""score"":0},""_score"":17.63},""readiness"":{""_distance_atr"":0.566,""BR1_atr_distance"":{""score"":62.259401558946934},""BR2_compression"":{""score"":40.38668188032411},""BR3_retest"":{""score"":50.0},""BR4_bo_age"":{""score"":50.0},""_score"":52.5},""risk"":{""R1_stop_clarity"":{""score"":50.64136907039742},""R2_stop_distance_pct"":{""value"":1.8409410492158038,""score"":96.02352623039509},""R3_stop_distance_atr"":{""value"":0.3039398021297349,""score"":40.19699010648674},""R4_rr_potential"":{""value"":7.58541672787093,""score"":100.0},""_score"":72.56},""market"":{""M1_spy_regime"":{""score"":100.0},""M3_earnings_risk"":{""value"":null,""score"":80.0},""M4_vix"":{""value"":null,""score"":60.0},""_score"":84.0},""liquidity"":{""L1_price"":{""value"":92.45,""score"":100.0},""L2_dollar_vol"":{""value"":1718288230.0276992,""score"":100.0},""L3_spread_proxy"":{""value"":0.048891292590589615,""score"":51.108707409410385},""L4_volume_zscore"":{""value"":-0.6675919482564723,""score"":100.0},""_score"":95.11},""pattern_structure"":{""pole_low"":85.88,""pole_low_idx"":42,""peak_price"":95.62,""peak_idx"":55,""pole_gain"":0.11341406613879844,""flag_bars"":4,""flag_low"":92.13,""flag_high"":93.99,""structural_low"":92.13,""current_price"":92.66,""neckline_distance_pct"":0.031944744226203414,""base_bars"":4},""pattern_geometry_features"":{""pole_gain"":0.11341406613879844,""pullback_pct"":0.036498640451788425,""flag_range_pct"":0.019451997490064835,""flag_drift_per_bar"":-0.003195769479818807,""atr_pct"":0.06056926523989803,""pole_atr_multiple"":1.872468911247261},""_schema_version"":""1.0""}",,,,,,,,,,
20260504T200431Z-7bad84,2026-05-04T20:04:31.798741+00:00,BA,ascending_triangle,absent,45.02,49.9,37.2,48.1,41.2,32.2,17.5,58.2,84.0,97.2,7.48,10.42,3.85,5.78,3.86,1.4,2.33,5.04,4.86,True,risk_unclear,221.87,236.45,217.8328,251.75,"{""trend"":{""T1_ema_stack"":{""value"":[false,true,true],""score"":66.66666666666666},""T2_ema50_slope"":{""value"":0.13781905827324553,""score"":72.96984304554093},""T3_high_proximity"":{""value"":0.9066650320787871,""score"":53.33251603939354},""T4_rs_1m"":{""value"":-0.029316484465065074,""score"":20.683515534934926},""T5_rs_3m"":{""value"":-0.08040630363332024,""score"":9.796848183339876},""T6_adr_healthy"":{""value"":2.665315835473364,""score"":100.0},""_score"":49.87},""geometry"":{""sub_flat_top_quality"":33.3,""sub_hl_slope"":9.4,""sub_compression"":37.7,""sub_duration"":100.0,""_score"":37.23},""compression"":{""VC1_atr_ratio"":{""value"":0.5933671624568293,""score"":100},""VC2_range_contraction"":{""value"":1.1242113780253864,""score"":0},""VC3_range_pct_rank"":{""score"":32.49999999999999},""_score"":48.12},""sr_quality"":{""SR1_touches"":{""value"":2,""score"":25.0},""SR2_tightness"":{""value"":1.5,""score"":56.58820501530264},""SR3_recency"":{""value"":261,""score"":0.0},""SR4_price_location"":{""score"":41.06130813248738},""SR5_reaction"":{""value"":3.3687552908125156,""score"":100},""_score"":41.25,""_levels_found"":5,""_target_level"":230.46},""volume"":{""V1_rvol_day"":{""value"":0.620455215847051,""score"":8.030347723136732},""V2_rvol_sameslot"":{""value"":0.9875105665543971,""score"":32.50070443695981,""status"":""ok""},""V3_breakout_bar"":{""value"":1.2256855600073393,""score"":48.37903733382262},""V4_base_dryup"":{""value"":0.9015859919570648,""score"":59.84140080429352},""V5_bo_expansion"":{""value"":0.620455215847051,""score"":0},""_score"":32.17},""readiness"":{""_distance_atr"":2.11,""BR1_atr_distance"":{""score"":0},""BR2_compression"":{""score"":0},""BR3_retest"":{""score"":50.0},""BR4_bo_age"":{""score"":50.0},""_score"":17.5},""risk"":{""R1_stop_clarity"":{""score"":3.9948153913417457},""R2_stop_distance_pct"":{""value"":1.8196466399242799,""score"":95.491165998107},""R3_stop_distance_atr"":{""value"":0.5842142310065648,""score"":54.21071155032824},""R4_rr_potential"":{""value"":7.401077466096964,""score"":100.0},""_score"":58.18},""market"":{""M1_spy_regime"":{""score"":100.0},""M3_earnings_risk"":{""value"":null,""score"":80.0},""M4_vix"":{""value"":null,""score"":60.0},""_score"":84.0},""liquidity"":{""L1_price"":{""value"":221.87,""score"":100.0},""L2_dollar_vol"":{""value"":812546249.3702627,""score"":100.0},""L3_spread_proxy"":{""value"":0.02834993464641453,""score"":71.65006535358548},""L4_volume_zscore"":{""value"":-0.8042697900379702,""score"":100.0},""_score"":97.17},""pattern_structure"":{""top"":236.45,""top_touches"":2,""low_slope_per_bar"":0.06244533898305005,""lowest_low"":221.15,""structural_low"":221.15,""current_price"":222.0,""neckline_distance_pct"":0.06509009009009004,""base_bars"":35},""pattern_geometry_features"":{""top_touches"":2.0,""low_slope"":0.06244533898305005,""compression"":0.18836637818646806,""atr_pct"":0.0311469071335209},""_schema_version"":""1.0""}",,,,,,,,,,
20260504T200431Z-7bad84,2026-05-04T20:04:31.798741+00:00,SMR,ascending_triangle,forming,44.93,31.8,50.4,39.6,45.0,8.0,50.4,45.0,84.0,95.2,4.77,14.1,3.17,6.31,0.96,4.03,1.8,5.04,4.76,False,,12.185,12.74,10.6676,14.65,"{""trend"":{""T1_ema_stack"":{""value"":[true,false,false],""score"":33.33333333333333},""T2_ema50_slope"":{""value"":-0.3660081358902549,""score"":0},""T3_high_proximity"":{""value"":0.6814876957494408,""score"":0},""T4_rs_1m"":{""value"":0.10562046409209302,""score"":100},""T5_rs_3m"":{""value"":-0.29317526571249497,""score"":0},""T6_adr_healthy"":{""value"":9.254018870825455,""score"":68.64952822936363},""_score"":31.77},""geometry"":{""sub_flat_top_quality"":33.3,""sub_hl_slope"":40.7,""sub_compression"":52.6,""sub_duration"":100.0,""_score"":50.35},""compression"":{""VC1_atr_ratio"":{""value"":0.8185385543876111,""score"":45.36536140309722},""VC2_range_contraction"":{""value"":1.2647086816288833,""score"":0},""VC3_range_pct_rank"":{""score"":85.83333333333334},""_score"":39.6},""sr_quality"":{""SR1_touches"":{""value"":2,""score"":25.0},""SR2_tightness"":{""value"":0.32750000000000057,""score"":50.71482317531972},""SR3_recency"":{""value"":254,""score"":0.0},""SR4_price_location"":{""score"":85.07157464212686},""SR5_reaction"":{""value"":1.1568848758465011,""score"":57.84424379232506},""_score"":45.05,""_levels_found"":8,""_target_level"":12.3675},""volume"":{""V1_rvol_day"":{""value"":0.4741260964927909,""score"":0},""V2_rvol_sameslot"":{""value"":0.6030615169747358,""score"":6.870767798315717,""status"":""ok""},""V3_breakout_bar"":{""value"":0.7482656404940079,""score"":16.551042699600526},""V4_base_dryup"":{""value"":1.3746913738695306,""score"":12.53086261304695},""V5_bo_expansion"":{""value"":0.4741260964927909,""score"":0},""_score"":8.02},""readiness"":{""_distance_atr"":0.418,""BR1_atr_distance"":{""score"":72.1595184349135},""BR2_compression"":{""score"":15.957421540421699},""BR3_retest"":{""score"":50.0},""BR4_bo_age"":{""score"":50.0},""_score"":50.35},""risk"":{""R1_stop_clarity"":{""score"":75.55304740406325},""R2_stop_distance_pct"":{""value"":12.45342634386541,""score"":0.0},""R3_stop_distance_atr"":{""value"":1.1417983446200148,""score"":82.08991723100074},""R4_rr_potential"":{""value"":1.6244357309960786,""score"":31.22178654980393},""_score"":45.0},""market"":{""M1_spy_regime"":{""score"":100.0},""M3_earnings_risk"":{""value"":null,""score"":80.0},""M4_vix"":{""value"":null,""score"":60.0},""_score"":84.0},""liquidity"":{""L1_price"":{""value"":12.185,""score"":100.0},""L2_dollar_vol"":{""value"":219740019.70028082,""score"":100.0},""L3_spread_proxy"":{""value"":0.047599507591300785,""score"":52.400492408699215},""L4_volume_zscore"":{""value"":-1.1816622284626939,""score"":100.0},""_score"":95.24},""pattern_structure"":{""top"":12.74,""top_touches"":2,""low_slope_per_bar"":0.013218578916715285,""lowest_low"":10.83,""structural_low"":10.83,""current_price"":12.235,""neckline_distance_pct"":0.0412750306497753,""base_bars"":32},""pattern_geometry_features"":{""top_touches"":2.0,""low_slope"":0.013218578916715285,""compression"":0.26298083960440644,""atr_pct"":0.1090685268773082},""_schema_version"":""1.0""}",,,,,,,,,,
20260504T200431Z-7bad84,2026-05-04T20:04:31.798741+00:00,AXON,vcp,absent,44.48,5.0,44.3,64.1,58.6,11.9,39.0,77.3,84.0,95.3,0.75,11.06,7.69,7.03,1.55,2.73,3.87,5.04,4.76,True,trend_floor,396.09,414.0,370.6358,663.365,"{""trend"":{""T1_ema_stack"":{""value"":[false,false,false],""score"":0.0},""T2_ema50_slope"":{""value"":-0.6749465821150248,""score"":0},""T3_high_proximity"":{""value"":0.6839869450344506,""score"":0},""T4_rs_1m"":{""value"":-0.13537504153956081,""score"":0},""T5_rs_3m"":{""value"":-0.17147239706634254,""score"":0},""T6_adr_healthy"":{""value"":5.346763863751764,""score"":100.0},""_score"":5.0},""geometry"":{""sub_contraction_count"":100.0,""sub_reduction_rate"":0,""sub_pivot_tightness"":12.7,""sub_volume_dryup"":49.0,""sub_base_depth"":0.0,""sub_base_duration"":100.0,""_score"":44.26},""compression"":{""VC1_atr_ratio"":{""value"":0.17520383185560767,""score"":100},""VC2_range_contraction"":{""value"":0.7589838494396769,""score"":40.16935842672052},""VC3_range_pct_rank"":{""score"":40.0},""_score"":64.06},""sr_quality"":{""SR1_touches"":{""value"":4,""score"":75.0},""SR2_tightness"":{""value"":3.636100112758173,""score"":59.35810050927566},""SR3_recency"":{""value"":229,""score"":0.0},""SR4_price_location"":{""score"":48.67921532991561},""SR5_reaction"":{""value"":3.9507035731536444,""score"":100},""_score"":58.57,""_levels_found"":5,""_target_level"":414.8401},""volume"":{""V1_rvol_day"":{""value"":0.5369569216244536,""score"":2.463794774963575},""V2_rvol_sameslot"":{""value"":0.6157080860851357,""score"":7.713872405675715,""status"":""ok""},""V3_breakout_bar"":{""value"":1.0296758714442735,""score"":35.31172476295157},""V4_base_dryup"":{""value"":1.4454262956746537,""score"":5.457370432534631},""V5_bo_expansion"":{""value"":0.5369569216244536,""score"":0},""_score"":11.95},""readiness"":{""_distance_atr"":1.001,""BR1_atr_distance"":{""score"":33.27132575137611},""BR2_compression"":{""score"":32.74560284232806},""BR3_retest"":{""score"":50.0},""BR4_bo_age"":{""score"":50.0},""_score"":38.99},""risk"":{""R1_stop_clarity"":{""score"":36.91290063750701},""R2_stop_distance_pct"":{""value"":6.426367744704491,""score"":100.0},""R3_stop_distance_atr"":{""value"":1.4225502680563824,""score"":96.12751340281912},""R4_rr_potential"":{""value"":10.500231788859987,""score"":100.0},""_score"":77.34},""market"":{""M1_spy_regime"":{""score"":100.0},""M3_earnings_risk"":{""value"":null,""score"":80.0},""M4_vix"":{""value"":null,""score"":60.0},""_score"":84.0},""liquidity"":{""L1_price"":{""value"":396.09,""score"":100.0},""L2_dollar_vol"":{""value"":244022203.60288322,""score"":100.0},""L3_spread_proxy"":{""value"":0.04708525840086858,""score"":52.91474159913142},""L4_volume_zscore"":{""value"":-1.096378711073384,""score"":100.0},""_score"":95.29},""pattern_structure"":{""n_contractions"":5,""contractions_pct"":[8.36,8.19,17.67,34.36,9.11],""descending_strict"":false,""final_low"":376.28,""final_pivot"":414.0,""structural_low"":376.28,""dry_up_ratio"":0.7552122276552903,""current_price"":396.09,""neckline_distance_pct"":0.0452169961372416,""base_bars"":69,""recent_base_height"":249.365},""pattern_geometry_features"":{""contraction_count"":5.0,""first_contraction_pct"":0.08362953730631341,""last_contraction_pct"":0.09111111111111117,""dry_up_ratio"":0.7552122276552903,""near_monotone"":0.0,""base_depth_pct"":0.42100970933542603},""_schema_version"":""1.0""}",,,,,,,,,,
20260504T200431Z-7bad84,2026-05-04T20:04:31.798741+00:00,ROP,vcp,absent,44.43,27.4,39.2,55.0,47.5,24.6,26.9,63.8,84.0,98.2,4.11,9.8,6.6,5.7,3.19,1.89,3.19,5.04,4.91,True,risk_unclear;trend_floor,355.04,384.0,343.0066,427.5942,"{""trend"":{""T1_ema_stack"":{""value"":[false,false,false],""score"":0.0},""T2_ema50_slope"":{""value"":-0.047249411243307525,""score"":42.12509812611541},""T3_high_proximity"":{""value"":0.9660952380952381,""score"":83.04761904761904},""T4_rs_1m"":{""value"":-0.10280776762385224,""score"":0},""T5_rs_3m"":{""value"":-0.07971019427858206,""score"":10.144902860708967},""T6_adr_healthy"":{""value"":2.4114887119215362,""score"":100.0},""_score"":27.4},""geometry"":{""sub_contraction_count"":100.0,""sub_reduction_rate"":0,""sub_pivot_tightness"":9.7,""sub_volume_dryup"":3.1,""sub_base_depth"":22.8,""sub_base_duration"":100.0,""_score"":39.2},""compression"":{""VC1_atr_ratio"":{""value"":0.3094698733458851,""score"":100},""VC2_range_contraction"":{""value"":1.1221229161148616,""score"":0},""VC3_range_pct_rank"":{""score"":60.0},""_score"":55.0},""sr_quality"":{""SR1_touches"":{""value"":2,""score"":25.0},""SR2_tightness"":{""value"":1.7199999999999989,""score"":61.71016278746207},""SR3_recency"":{""value"":242,""score"":0.0},""SR4_price_location"":{""score"":62.94278654712212},""SR5_reaction"":{""value"":2.1148456599948293,""score"":100},""_score"":47.49,""_levels_found"":4,""_target_level"":361.72},""volume"":{""V1_rvol_day"":{""value"":0.5021225080835542,""score"":0.14150053890361242},""V2_rvol_sameslot"":{""value"":0.8503360512460386,""score"":23.355736749735907,""status"":""ok""},""V3_breakout_bar"":{""value"":1.1558284582686962,""score"":43.72189721791308},""V4_base_dryup"":{""value"":1.052771025248085,""score"":44.722897475191495},""V5_bo_expansion"":{""value"":0.5021225080835542,""score"":0},""_score"":24.57},""readiness"":{""_distance_atr"":3.223,""BR1_atr_distance"":{""score"":0},""BR2_compression"":{""score"":37.81118763411458},""BR3_retest"":{""score"":50.0},""BR4_bo_age"":{""score"":50.0},""_score"":26.95},""risk"":{""R1_stop_clarity"":{""score"":0},""R2_stop_distance_pct"":{""value"":3.3893223298783277,""score"":100.0},""R3_stop_distance_atr"":{""value"":1.339415237224464,""score"":91.97076186122321},""R4_rr_potential"":{""value"":6.029376446488736,""score"":100.0},""_score"":63.8},""market"":{""M1_spy_regime"":{""score"":100.0},""M3_earnings_risk"":{""value"":null,""score"":80.0},""M4_vix"":{""value"":null,""score"":60.0},""_score"":84.0},""liquidity"":{""L1_price"":{""value"":355.04,""score"":100.0},""L2_dollar_vol"":{""value"":203871009.747972,""score"":100.0},""L3_spread_proxy"":{""value"":0.018441584046867836,""score"":81.55841595313217},""L4_volume_zscore"":{""value"":-2.2979668149272774,""score"":100.0},""_score"":98.16},""pattern_structure"":{""n_contractions"":5,""contractions_pct"":[8.42,6.27,5.44,5.88,9.32],""descending_strict"":false,""final_low"":348.23,""final_pivot"":384.0,""structural_low"":348.23,""dry_up_ratio"":0.9844237979956574,""current_price"":355.04,""neckline_distance_pct"":0.08156827399729602,""base_bars"":58,""recent_base_height"":43.5942},""pattern_geometry_features"":{""contraction_count"":5.0,""first_contraction_pct"":0.08423873681968266,""last_contraction_pct"":0.09315104166666661,""dry_up_ratio"":0.9844237979956574,""near_monotone"":0.0,""base_depth_pct"":0.07277132814996268},""_schema_version"":""1.0""}",,,,,,,,,,
20260504T200431Z-7bad84,2026-05-04T20:04:31.798741+00:00,ADSK,ascending_triangle,absent,44.15,32.3,28.2,54.6,40.8,34.6,65.1,51.8,84.0,97.1,4.85,7.91,4.37,5.71,4.15,5.21,2.07,5.04,4.85,True,risk_unclear,247.4,249.98,227.6729,268.82,"{""trend"":{""T1_ema_stack"":{""value"":[true,false,false],""score"":33.33333333333333},""T2_ema50_slope"":{""value"":-0.11811506965198423,""score"":30.314155058002626},""T3_high_proximity"":{""value"":0.9366954414660003,""score"":68.3477207330001},""T4_rs_1m"":{""value"":-0.05572564136900149,""score"":0},""T5_rs_3m"":{""value"":-0.06452409201775366,""score"":17.73795399112317},""T6_adr_healthy"":{""value"":3.4650401845096024,""score"":100.0},""_score"":32.31},""geometry"":{""sub_flat_top_quality"":33.3,""sub_hl_slope"":0.3,""sub_compression"":12.7,""sub_duration"":100.0,""_score"":28.25},""compression"":{""VC1_atr_ratio"":{""value"":0.49812504328339696,""score"":100},""VC2_range_contraction"":{""value"":0.925258299851314,""score"":12.456950024780996},""VC3_range_pct_rank"":{""score"":40.833333333333336},""_score"":54.57},""sr_quality"":{""SR1_touches"":{""value"":2,""score"":25.0},""SR2_tightness"":{""value"":0.8200000000000074,""score"":80.3566768904344},""SR3_recency"":{""value"":230,""score"":0.0},""SR4_price_location"":{""score"":24.956672443674094},""SR5_reaction"":{""value"":2.7314939106553906,""score"":100},""_score"":40.79,""_levels_found"":6,""_target_level"":251.73},""volume"":{""V1_rvol_day"":{""value"":0.5341831505977132,""score"":2.27887670651421},""V2_rvol_sameslot"":{""value"":1.3425632745371974,""score"":56.17088496914649,""status"":""ok""},""V3_breakout_bar"":{""value"":1.3394125028897588,""score"":55.96083352598392},""V4_base_dryup"":{""value"":1.0561739420525624,""score"":44.38260579474375},""V5_bo_expansion"":{""value"":0.5341831505977133,""score"":0},""_score"":34.56},""readiness"":{""_distance_atr"":0.309,""BR1_atr_distance"":{""score"":79.39846600704126},""BR2_compression"":{""score"":63.33796212668125},""BR3_retest"":{""score"":50.0},""BR4_bo_age"":{""score"":50.0},""_score"":65.09},""risk"":{""R1_stop_clarity"":{""score"":16.94467615466513},""R2_stop_distance_pct"":{""value"":7.973767178658058,""score"":100.0},""R3_stop_distance_atr"":{""value"":2.3628402397238335,""score"":100.0},""R4_rr_potential"":{""value"":1.08581595875724,""score"":4.290797937862001},""_score"":51.79},""market"":{""M1_spy_regime"":{""score"":100.0},""M3_earnings_risk"":{""value"":null,""score"":80.0},""M4_vix"":{""value"":null,""score"":60.0},""_score"":84.0},""liquidity"":{""L1_price"":{""value"":247.4,""score"":100.0},""L2_dollar_vol"":{""value"":248904065.9120952,""score"":100.0},""L3_spread_proxy"":{""value"":0.02918350848827809,""score"":70.8164915117219},""L4_volume_zscore"":{""value"":-1.3565474618975426,""score"":100.0},""_score"":97.08},""pattern_structure"":{""top"":249.98,""top_touches"":2,""low_slope_per_bar"":0.0022807328605208015,""lowest_low"":231.14,""structural_low"":231.14,""current_price"":247.72,""neckline_distance_pct"":0.009123203616986883,""base_bars"":50},""pattern_geometry_features"":{""top_touches"":2.0,""low_slope"":0.0022807328605208015,""compression"":0.06360107873188181,""atr_pct"":0.033746535396697086},""_schema_version"":""1.0""}",,,,,,,,,,
20260504T200431Z-7bad84,2026-05-04T20:04:31.798741+00:00,WDAY,bull_flag,absent,43.77,13.3,39.0,54.0,56.4,16.9,59.7,70.2,84.0,96.2,1.87,11.7,4.86,5.64,2.37,5.37,2.11,5.04,4.81,True,trend_floor,128.41,131.0,121.2043,144.975,"{""trend"":{""T1_ema_stack"":{""value"":[true,false,false],""score"":33.33333333333333},""T2_ema50_slope"":{""value"":-0.5522539394895704,""score"":0},""T3_high_proximity"":{""value"":0.754687040846312,""score"":0},""T4_rs_1m"":{""value"":-0.12398147685270977,""score"":0},""T5_rs_3m"":{""value"":-0.2919288103145644,""score"":0},""T6_adr_healthy"":{""value"":4.926097507523679,""score"":100.0},""_score"":13.33},""geometry"":{""sub_pole_impulse"":33.9,""sub_flag_tightness"":15.3,""sub_flag_shallowness"":0,""sub_flag_drift"":100,""sub_flag_duration"":100.0,""_score"":39.0},""compression"":{""VC1_atr_ratio"":{""value"":0.5212160887328647,""score"":100},""VC2_range_contraction"":{""value"":0.9531931207202536,""score"":7.801146546624393},""VC3_range_pct_rank"":{""score"":44.99999999999999},""_score"":53.98},""sr_quality"":{""SR1_touches"":{""value"":2,""score"":25.0},""SR2_tightness"":{""value"":0.1790499999999895,""score"":94.50134357005791},""SR3_recency"":{""value"":230,""score"":0.0},""SR4_price_location"":{""score"":78.68063413385514},""SR5_reaction"":{""value"":3.209358925143956,""score"":100},""_score"":56.35,""_levels_found"":4,""_target_level"":132.8659},""volume"":{""V1_rvol_day"":{""value"":0.45139288957828955,""score"":0},""V2_rvol_sameslot"":{""value"":0.6073579591210099,""score"":7.157197274733991,""status"":""ok""},""V3_breakout_bar"":{""value"":0.7728772937212757,""score"":18.19181958141838},""V4_base_dryup"":{""value"":0.9514395983012843,""score"":54.85604016987157},""V5_bo_expansion"":{""value"":0.45139288957828955,""score"":0},""_score"":16.95},""readiness"":{""_distance_atr"":0.398,""BR1_atr_distance"":{""score"":73.4868841970569},""BR2_compression"":{""score"":51.284684915346034},""BR3_retest"":{""score"":50.0},""BR4_bo_age"":{""score"":50.0},""_score"":59.72},""risk"":{""R1_stop_clarity"":{""score"":43.316698656430056},""R2_stop_distance_pct"":{""value"":5.611517794564282,""score"":100.0},""R3_stop_distance_atr"":{""value"":1.1064491362763913,""score"":80.32245681381957},""R4_rr_potential"":{""value"":2.2988585504631733,""score"":64.94292752315867},""_score"":70.2},""market"":{""M1_spy_regime"":{""score"":100.0},""M3_earnings_risk"":{""value"":null,""score"":80.0},""M4_vix"":{""value"":null,""score"":60.0},""_score"":84.0},""liquidity"":{""L1_price"":{""value"":128.41,""score"":100.0},""L2_dollar_vol"":{""value"":302902157.51256114,""score"":100.0},""L3_spread_proxy"":{""value"":0.03745814188926098,""score"":62.54185811073902},""L4_volume_zscore"":{""value"":-1.3549168541945522,""score"":100.0},""_score"":96.25},""pattern_structure"":{""pole_low"":117.025,""pole_low_idx"":24,""peak_price"":131.0,""peak_idx"":48,""pole_gain"":0.11941892757957696,""flag_bars"":11,""flag_low"":123.05,""flag_high"":131.0,""structural_low"":123.05,""current_price"":128.15,""neckline_distance_pct"":0.022239563012095155,""base_bars"":11},""pattern_geometry_features"":{""pole_gain"":0.11941892757957696,""pullback_pct"":0.06068702290076338,""flag_range_pct"":0.06068702290076338,""flag_drift_per_bar"":0.00353243712978399,""atr_pct"":0.0507164551047426,""pole_atr_multiple"":2.354638693357925},""_schema_version"":""1.0""}",,,,,,,,,,
20260504T200431Z-7bad84,2026-05-04T20:04:31.798741+00:00,TMUS,bull_flag,absent,43.72,17.7,49.5,33.0,59.2,14.6,40.2,63.2,84.0,98.3,2.47,14.86,2.97,5.92,2.04,3.62,1.9,5.04,4.92,True,risk_unclear;trend_floor,194.13,200.63,189.8587,217.62,"{""trend"":{""T1_ema_stack"":{""value"":[false,false,false],""score"":0.0},""T2_ema50_slope"":{""value"":-0.22966419482442663,""score"":11.72263419592889},""T3_high_proximity"":{""value"":0.8745382466888909,""score"":37.26912334444543},""T4_rs_1m"":{""value"":-0.13096946551396516,""score"":0},""T5_rs_3m"":{""value"":-0.03696681626251086,""score"":31.51659186874457},""T6_adr_healthy"":{""value"":2.9224613579772427,""score"":100.0},""_score"":17.66},""geometry"":{""sub_pole_impulse"":42.3,""sub_flag_tightness"":38.1,""sub_flag_shallowness"":15.1,""sub_flag_drift"":95.2,""sub_flag_duration"":100.0,""_score"":49.52},""compression"":{""VC1_atr_ratio"":{""value"":0.859633536959027,""score"":35.09161576024325},""VC2_range_contraction"":{""value"":1.4428759698470277,""score"":0},""VC3_range_pct_rank"":{""score"":75.83333333333333},""_score"":32.99},""sr_quality"":{""SR1_touches"":{""value"":3,""score"":50.0},""SR2_tightness"":{""value"":0.6571952187558615,""score"":80.30135864282451},""SR3_recency"":{""value"":301,""score"":0.0},""SR4_price_location"":{""score"":90.49252634158279},""SR5_reaction"":{""value"":1.2668928261622796,""score"":63.34464130811398},""_score"":59.17,""_levels_found"":7,""_target_level"":194.7767},""volume"":{""V1_rvol_day"":{""value"":0.3022325434769968,""score"":0},""V2_rvol_sameslot"":{""value"":0.44181462022613777,""score"":0,""status"":""ok""},""V3_breakout_bar"":{""value"":1.011524381483224,""score"":34.10162543221493},""V4_base_dryup"":{""value"":1.1973994431082564,""score"":30.260055689174365},""V5_bo_expansion"":{""value"":0.30223254347699685,""score"":0},""_score"":14.58},""readiness"":{""_distance_atr"":0.974,""BR1_atr_distance"":{""score"":35.05675575666551},""BR2_compression"":{""score"":34.58623646080877},""BR3_retest"":{""score"":50.0},""BR4_bo_age"":{""score"":50.0},""_score"":40.17},""risk"":{""R1_stop_clarity"":{""score"":13.338236191442277},""R2_stop_distance_pct"":{""value"":2.2002008963066033,""score"":100.0},""R3_stop_distance_atr"":{""value"":0.6401280737869455,""score"":57.00640368934727},""R4_rr_potential"":{""value"":5.499561018437216,""score"":100.0},""_score"":63.22},""market"":{""M1_spy_regime"":{""score"":100.0},""M3_earnings_risk"":{""value"":null,""score"":80.0},""M4_vix"":{""value"":null,""score"":60.0},""_score"":84.0},""liquidity"":{""L1_price"":{""value"":194.13,""score"":100.0},""L2_dollar_vol"":{""value"":382740373.52994657,""score"":100.0},""L3_spread_proxy"":{""value"":0.016586823262762063,""score"":83.41317673723793},""L4_volume_zscore"":{""value"":-1.8002483122760236,""score"":100.0},""_score"":98.34},""pattern_structure"":{""pole_low"":183.64,""pole_low_idx"":29,""peak_price"":200.63,""peak_idx"":40,""pole_gain"":0.09251796994118934,""flag_bars"":19,""flag_low"":192.75,""flag_high"":199.64,""structural_low"":192.75,""current_price"":194.49,""neckline_distance_pct"":0.03156974651653034,""base_bars"":19},""pattern_geometry_features"":{""pole_gain"":0.09251796994118934,""pullback_pct"":0.03927627971888549,""flag_range_pct"":0.0343418232567412,""flag_drift_per_bar"":-0.0009645108709869419,""atr_pct"":0.03437126078989778,""pole_atr_multiple"":2.691724650623865},""_schema_version"":""1.0""}",,,,,,,,,,
20260504T200431Z-7bad84,2026-05-04T20:04:31.798741+00:00,WDAY,breakout_retest_hold,setup,43.51,13.3,35.4,54.0,56.4,20.4,54.6,63.1,84.0,96.2,1.87,7.79,3.24,7.89,2.65,9.84,3.16,4.2,2.89,True,trend_floor;weak_retest_trend,128.41,123.37,121.8195,125.5591,"{""trend"":{""T1_ema_stack"":{""value"":[true,false,false],""score"":33.33333333333333},""T2_ema50_slope"":{""value"":-0.5522539394895704,""score"":0},""T3_high_proximity"":{""value"":0.754687040846312,""score"":0},""T4_rs_1m"":{""value"":-0.12398147685270977,""score"":0},""T5_rs_3m"":{""value"":-0.2919288103145644,""score"":0},""T6_adr_healthy"":{""value"":4.926097507523679,""score"":100.0},""_score"":13.33},""geometry"":{""sub_retest_depth"":78.0,""sub_retest_timing"":60.0,""sub_retest_freshness"":0.0,""sub_hold_quality"":0.0,""_score"":35.4},""compression"":{""VC1_atr_ratio"":{""value"":0.5212160887328647,""score"":100},""VC2_range_contraction"":{""value"":0.9531931207202536,""score"":7.801146546624393},""VC3_range_pct_rank"":{""score"":44.99999999999999},""_score"":53.98},""sr_quality"":{""SR1_touches"":{""value"":2,""score"":25.0},""SR2_tightness"":{""value"":0.1790499999999895,""score"":94.50134357005791},""SR3_recency"":{""value"":230,""score"":0.0},""SR4_price_location"":{""score"":78.68063413385514},""SR5_reaction"":{""value"":3.209358925143956,""score"":100},""_score"":56.35,""_levels_found"":4,""_target_level"":132.8659},""volume"":{""V1_rvol_day"":{""value"":0.45139288957828955,""score"":0},""V2_rvol_sameslot"":{""value"":0.6073579591210099,""score"":7.157197274733991,""status"":""ok""},""V3_breakout_bar"":{""value"":0.7728772937212757,""score"":18.19181958141838},""V4_base_dryup"":{""value"":0.7792295639987443,""score"":72.07704360012556},""V5_bo_expansion"":{""value"":0.45139288957828955,""score"":0},""_score"":20.39},""readiness"":{""_distance_atr"":-0.774,""BR1_atr_distance"":{""score"":44.52207293666028},""BR2_compression"":{""score"":51.284684915346034},""BR3_retest"":{""score"":97.54318618042221},""BR4_bo_age"":{""score"":30},""_score"":54.64},""risk"":{""R1_stop_clarity"":{""score"":62.211132437619746},""R2_stop_distance_pct"":{""value"":5.132388443267663,""score"":100.0},""R3_stop_distance_atr"":{""value"":1.0119769673704428,""score"":75.59884836852214},""R4_rr_potential"":{""value"":-0.43257719444655085,""score"":0.0},""_score"":63.11},""market"":{""M1_spy_regime"":{""score"":100.0},""M3_earnings_risk"":{""value"":null,""score"":80.0},""M4_vix"":{""value"":null,""score"":60.0},""_score"":84.0},""liquidity"":{""L1_price"":{""value"":128.41,""score"":100.0},""L2_dollar_vol"":{""value"":302902157.51256114,""score"":100.0},""L3_spread_proxy"":{""value"":0.03745814188926098,""score"":62.54185811073902},""L4_volume_zscore"":{""value"":-1.3549168541945522,""score"":100.0},""_score"":96.25},""pattern_structure"":{""level"":123.37,""level_idx"":50,""breakout_idx"":69,""bo_peak_idx"":68,""bo_peak_price"":131.0,""retest_idx"":69,""retest_low"":123.05,""structural_low"":123.05,""current_price"":128.15,""neckline_distance_pct"":-0.03730003901677722,""base_bars"":29,""bars_since_breakout"":10},""pattern_geometry_features"":{""retest_depth_atr"":0.14617879493856253,""bars_breakout_to_retest"":0.0,""bars_since_retest"":10.0,""current_above_level_atr"":2.1835457493947277,""bo_peak_excess_pct"":0.061846478074086046,""atr_pct"":0.0507164551047426},""_schema_version"":""1.0""}",,,,,,,,,,
20260504T200431Z-7bad84,2026-05-04T20:04:31.798741+00:00,SMR,high_tight_pullback,absent,43.3,31.8,42.0,39.6,45.0,11.7,55.0,82.3,84.0,95.2,3.81,14.72,3.96,3.6,1.63,4.95,0.82,5.04,4.76,False,,12.185,12.51,11.6723,14.19,"{""trend"":{""T1_ema_stack"":{""value"":[true,false,false],""score"":33.33333333333333},""T2_ema50_slope"":{""value"":-0.3660081358902549,""score"":0},""T3_high_proximity"":{""value"":0.6814876957494408,""score"":0},""T4_rs_1m"":{""value"":0.10562046409209302,""score"":100},""T5_rs_3m"":{""value"":-0.29317526571249497,""score"":0},""T6_adr_healthy"":{""value"":9.254018870825455,""score"":68.64952822936363},""_score"":31.77},""geometry"":{""sub_pole_impulse"":10.6,""sub_flag_tightness"":45.9,""sub_flag_shallowness"":32.0,""sub_flag_drift"":100,""sub_flag_duration"":60.0,""_score"":42.05},""compression"":{""VC1_atr_ratio"":{""value"":0.8185385543876111,""score"":45.36536140309722},""VC2_range_contraction"":{""value"":1.2647086816288833,""score"":0},""VC3_range_pct_rank"":{""score"":85.83333333333334},""_score"":39.6},""sr_quality"":{""SR1_touches"":{""value"":2,""score"":25.0},""SR2_tightness"":{""value"":0.32750000000000057,""score"":50.71482317531972},""SR3_recency"":{""value"":254,""score"":0.0},""SR4_price_location"":{""score"":85.07157464212686},""SR5_reaction"":{""value"":1.1568848758465011,""score"":57.84424379232506},""_score"":45.05,""_levels_found"":8,""_target_level"":12.3675},""volume"":{""V1_rvol_day"":{""value"":0.4741260964927909,""score"":0},""V2_rvol_sameslot"":{""value"":0.6030615169747358,""score"":6.870767798315717,""status"":""ok""},""V3_breakout_bar"":{""value"":0.7482656404940079,""score"":16.551042699600526},""V4_base_dryup"":{""value"":1.1922583580327297,""score"":30.77416419672703},""V5_bo_expansion"":{""value"":0.4741260964927909,""score"":0},""_score"":11.67},""readiness"":{""_distance_atr"":0.245,""BR1_atr_distance"":{""score"":83.69701529972414},""BR2_compression"":{""score"":15.957421540421699},""BR3_retest"":{""score"":50.0},""BR4_bo_age"":{""score"":50.0},""_score"":54.97},""risk"":{""R1_stop_clarity"":{""score"":73.25056433408585},""R2_stop_distance_pct"":{""value"":4.208042675420603,""score"":100.0},""R3_stop_distance_atr"":{""value"":0.3858164033107602,""score"":44.290820165538015},""R4_rr_potential"":{""value"":3.9102876645538704,""score"":100.0},""_score"":82.28},""market"":{""M1_spy_regime"":{""score"":100.0},""M3_earnings_risk"":{""value"":null,""score"":80.0},""M4_vix"":{""value"":null,""score"":60.0},""_score"":84.0},""liquidity"":{""L1_price"":{""value"":12.185,""score"":100.0},""L2_dollar_vol"":{""value"":219740019.70028082,""score"":100.0},""L3_spread_proxy"":{""value"":0.047599507591300785,""score"":52.400492408699215},""L4_volume_zscore"":{""value"":-1.1816622284626939,""score"":100.0},""_score"":95.24},""pattern_structure"":{""pole_low"":10.83,""pole_low_idx"":36,""peak_price"":12.51,""peak_idx"":47,""pole_gain"":0.15512465373961215,""flag_bars"":12,""flag_low"":11.85,""flag_high"":12.48,""structural_low"":11.85,""current_price"":12.235,""neckline_distance_pct"":0.022476501838986543,""base_bars"":12},""pattern_geometry_features"":{""pole_gain"":0.15512465373961215,""pullback_pct"":0.05275779376498802,""flag_range_pct"":0.05035971223021589,""flag_drift_per_bar"":0.0007658871573869862,""atr_pct"":0.1090685268773082,""pole_atr_multiple"":1.422267799711944},""_schema_version"":""1.0""}",,,,,,,,,,
20260504T200431Z-7bad84,2026-05-04T20:04:31.798741+00:00,LMT,double_bottom,absent,42.96,13.3,45.8,50.4,44.0,25.9,30.2,62.1,84.0,95.4,2.0,11.45,4.03,6.16,3.36,2.42,3.73,5.04,4.77,True,risk_unclear;reversal_trend_cap,517.8,538.81,504.32,565.62,"{""trend"":{""T1_ema_stack"":{""value"":[false,false,true],""score"":33.33333333333333},""T2_ema50_slope"":{""value"":-0.3276444068399227,""score"":0},""T3_high_proximity"":{""value"":0.7651839810846756,""score"":0},""T4_rs_1m"":{""value"":-0.26345224597622596,""score"":0},""T5_rs_3m"":{""value"":-0.21840539027743378,""score"":0},""T6_adr_healthy"":{""value"":2.5662615328843037,""score"":100.0},""_score"":13.33},""geometry"":{""sub_low_similarity"":53.5,""sub_bounce_quality"":31.9,""sub_separation_fit"":20.0,""sub_right_bottom_reaction"":95.9,""sub_base_context"":30.0,""_score"":45.81},""compression"":{""VC1_atr_ratio"":{""value"":0.5370695715507993,""score"":100},""VC2_range_contraction"":{""value"":1.1712367417132916,""score"":0},""VC3_range_pct_rank"":{""score"":41.666666666666664},""_score"":50.42},""sr_quality"":{""SR1_touches"":{""value"":2,""score"":25.0},""SR2_tightness"":{""value"":0.5600000000000023,""score"":93.16709503054322},""SR3_recency"":{""value"":245,""score"":0.0},""SR4_price_location"":{""score"":30.04427000136912},""SR5_reaction"":{""value"":2.845721895538481,""score"":100},""_score"":43.99,""_levels_found"":5,""_target_level"":594.44},""volume"":{""V1_rvol_day"":{""value"":0.6916464720353442,""score"":12.77643146902295},""V2_rvol_sameslot"":{""value"":0.7816957564424782,""score"":18.779717096165214,""status"":""ok""},""V3_breakout_bar"":{""value"":0.8278914472148129,""score"":21.859429814320862},""V4_base_dryup"":{""value"":0.7962297097597154,""score"":70.37702902402846},""V5_bo_expansion"":{""value"":0.6916464720353442,""score"":0},""_score"":25.85},""readiness"":{""_distance_atr"":1.282,""BR1_atr_distance"":{""score"":14.548015828401077},""BR2_compression"":{""score"":27.72467079196561},""BR3_retest"":{""score"":50.0},""BR4_bo_age"":{""score"":50.0},""_score"":30.25},""risk"":{""R1_stop_clarity"":{""score"":6.291588990307375},""R2_stop_distance_pct"":{""value"":2.6033217458478104,""score"":100.0},""R3_stop_distance_atr"":{""value"":0.8223889195381848,""score"":66.11944597690925},""R4_rr_potential"":{""value"":3.5474777448071273,""score"":100.0},""_score"":62.12},""market"":{""M1_spy_regime"":{""score"":100.0},""M3_earnings_risk"":{""value"":null,""score"":80.0},""M4_vix"":{""value"":null,""score"":60.0},""_score"":84.0},""liquidity"":{""L1_price"":{""value"":517.8,""score"":91.10000000000002},""L2_dollar_vol"":{""value"":536325863.64144295,""score"":100.0},""L3_spread_proxy"":{""value"":0.024140594824256473,""score"":75.85940517574352},""L4_volume_zscore"":{""value"":-0.6361864385619133,""score"":100.0},""_score"":95.36},""pattern_structure"":{""left_low"":524.05,""left_idx"":32,""right_low"":512.0,""right_idx"":74,""separation_bars"":42,""structural_low"":512.0,""current_price"":517.37,""neckline_distance_pct"":0.04144036183002482,""base_bars"":42},""pattern_geometry_features"":{""low_similarity_pct"":0.02326142560687217,""bounce_pct"":0.05236328124999989,""right_bottom_reaction"":0.9591397849462369,""atr_pct"":0.031655603376924316},""_schema_version"":""1.0""}",,,,,,,,,,
20260504T200431Z-7bad84,2026-05-04T20:04:31.798741+00:00,TMUS,vcp,absent,42.87,17.7,45.0,33.0,59.2,19.7,26.1,71.4,84.0,98.3,2.65,11.25,3.96,7.1,2.56,1.83,3.57,5.04,4.92,True,risk_unclear;trend_floor,194.13,206.78,179.2798,243.04,"{""trend"":{""T1_ema_stack"":{""value"":[false,false,false],""score"":0.0},""T2_ema50_slope"":{""value"":-0.22966419482442663,""score"":11.72263419592889},""T3_high_proximity"":{""value"":0.8745382466888909,""score"":37.26912334444543},""T4_rs_1m"":{""value"":-0.13096946551396516,""score"":0},""T5_rs_3m"":{""value"":-0.03696681626251086,""score"":31.51659186874457},""T6_adr_healthy"":{""value"":2.9224613579772427,""score"":100.0},""_score"":17.66},""geometry"":{""sub_contraction_count"":100.0,""sub_reduction_rate"":0,""sub_pivot_tightness"":0,""sub_volume_dryup"":0,""sub_base_depth"":100.0,""sub_base_duration"":100.0,""_score"":45.0},""compression"":{""VC1_atr_ratio"":{""value"":0.859633536959027,""score"":35.09161576024325},""VC2_range_contraction"":{""value"":1.4428759698470277,""score"":0},""VC3_range_pct_rank"":{""score"":75.83333333333333},""_score"":32.99},""sr_quality"":{""SR1_touches"":{""value"":3,""score"":50.0},""SR2_tightness"":{""value"":0.6571952187558615,""score"":80.30135864282451},""SR3_recency"":{""value"":301,""score"":0.0},""SR4_price_location"":{""score"":90.49252634158279},""SR5_reaction"":{""value"":1.2668928261622796,""score"":63.34464130811398},""_score"":59.17,""_levels_found"":7,""_target_level"":194.7767},""volume"":{""V1_rvol_day"":{""value"":0.3022325434769968,""score"":0},""V2_rvol_sameslot"":{""value"":0.44181462022613777,""score"":0,""status"":""ok""},""V3_breakout_bar"":{""value"":1.011524381483224,""score"":34.10162543221493},""V4_base_dryup"":{""value"":0.9433613960194022,""score"":55.66386039805978},""V5_bo_expansion"":{""value"":0.30223254347699685,""score"":0},""_score"":19.66},""readiness"":{""_distance_atr"":1.896,""BR1_atr_distance"":{""score"":0},""BR2_compression"":{""score"":34.58623646080877},""BR3_retest"":{""score"":50.0},""BR4_bo_age"":{""score"":50.0},""_score"":26.15},""risk"":{""R1_stop_clarity"":{""score"":18.167016182642953},""R2_stop_distance_pct"":{""value"":7.649590480605786,""score"":100.0},""R3_stop_distance_atr"":{""value"":2.225577504231126,""score"":100.0},""R4_rr_potential"":{""value"":3.2935694252246597,""score"":100.0},""_score"":71.36},""market"":{""M1_spy_regime"":{""score"":100.0},""M3_earnings_risk"":{""value"":null,""score"":80.0},""M4_vix"":{""value"":null,""score"":60.0},""_score"":84.0},""liquidity"":{""L1_price"":{""value"":194.13,""score"":100.0},""L2_dollar_vol"":{""value"":382740373.52994657,""score"":100.0},""L3_spread_proxy"":{""value"":0.016586823262762063,""score"":83.41317673723793},""L4_volume_zscore"":{""value"":-1.8002483122760236,""score"":100.0},""_score"":98.34},""pattern_structure"":{""n_contractions"":5,""contractions_pct"":[5.46,5.6,7.02,13.2,11.98],""descending_strict"":false,""final_low"":182.01,""final_pivot"":206.78,""structural_low"":182.01,""dry_up_ratio"":1.3835169536073486,""current_price"":194.13,""neckline_distance_pct"":0.06516251996085101,""base_bars"":48,""recent_base_height"":36.26000000000002},""pattern_geometry_features"":{""contraction_count"":5.0,""first_contraction_pct"":0.054594076683791834,""last_contraction_pct"":0.11978914788664285,""dry_up_ratio"":1.3835169536073486,""near_monotone"":0.0,""base_depth_pct"":0.18850559030968403},""_schema_version"":""1.0""}",,,,,,,,,,
20260504T200431Z-7bad84,2026-05-04T20:04:31.798741+00:00,GE,double_bottom,absent,42.82,20.1,36.6,44.4,60.7,18.6,30.3,65.5,84.0,96.3,3.01,9.14,3.55,8.5,2.42,2.42,3.93,5.04,4.81,True,risk_unclear;reversal_trend_cap,280.39,291.76,264.8764,314.61,"{""trend"":{""T1_ema_stack"":{""value"":[false,false,true],""score"":33.33333333333333},""T2_ema50_slope"":{""value"":-0.1223692740478625,""score"":29.605120992022915},""T3_high_proximity"":{""value"":0.8109851333371897,""score"":5.492566668594822},""T4_rs_1m"":{""value"":-0.09761080089245044,""score"":0},""T5_rs_3m"":{""value"":-0.12429291493115091,""score"":0},""T6_adr_healthy"":{""value"":3.2626470498279825,""score"":100.0},""_score"":20.08},""geometry"":{""sub_low_similarity"":23.4,""sub_bounce_quality"":78.5,""sub_separation_fit"":0.0,""sub_right_bottom_reaction"":52.4,""sub_base_context"":30.0,""_score"":36.58},""compression"":{""VC1_atr_ratio"":{""value"":0.4580809939770709,""score"":100},""VC2_range_contraction"":{""value"":1.2438624173578183,""score"":0},""VC3_range_pct_rank"":{""score"":17.500000000000004},""_score"":44.38},""sr_quality"":{""SR1_touches"":{""value"":3,""score"":50.0},""SR2_tightness"":{""value"":1.80877490768385,""score"":66.56674516932736},""SR3_recency"":{""value"":251,""score"":0.0},""SR4_price_location"":{""score"":86.82042833607888},""SR5_reaction"":{""value"":1.8667221184335314,""score"":93.33610592167658},""_score"":60.69,""_levels_found"":5,""_target_level"":281.99},""volume"":{""V1_rvol_day"":{""value"":0.687253154629662,""score"":12.483543641977464},""V2_rvol_sameslot"":{""value"":0.7177709328750155,""score"":14.518062191667699,""status"":""ok""},""V3_breakout_bar"":{""value"":0.8472985768533406,""score"":23.153238456889376},""V4_base_dryup"":{""value"":1.1305316686905076,""score"":36.946833130949244},""V5_bo_expansion"":{""value"":0.687253154629662,""score"":0},""_score"":18.58},""readiness"":{""_distance_atr"":1.051,""BR1_atr_distance"":{""score"":29.945934527306633},""BR2_compression"":{""score"":3.202836840071721},""BR3_retest"":{""score"":50.0},""BR4_bo_age"":{""score"":50.0},""_score"":30.28},""risk"":{""R1_stop_clarity"":{""score"":25.442326861759625},""R2_stop_distance_pct"":{""value"":5.5328827704269,""score"":100.0},""R3_stop_distance_atr"":{""value"":1.4337655050401685,""score"":96.68827525200842},""R4_rr_potential"":{""value"":2.2057994089076396,""score"":60.28997044538198},""_score"":65.47},""market"":{""M1_spy_regime"":{""score"":100.0},""M3_earnings_risk"":{""value"":null,""score"":80.0},""M4_vix"":{""value"":null,""score"":60.0},""_score"":84.0},""liquidity"":{""L1_price"":{""value"":280.39,""score"":100.0},""L2_dollar_vol"":{""value"":1310935683.4450638,""score"":100.0},""L3_spread_proxy"":{""value"":0.037198188237811444,""score"":62.80181176218856},""L4_volume_zscore"":{""value"":-0.7387585480015272,""score"":100.0},""_score"":96.28},""pattern_structure"":{""left_low"":268.91,""left_idx"":28,""right_low"":279.41,""right_idx"":76,""separation_bars"":48,""structural_low"":268.91,""current_price"":280.64,""neckline_distance_pct"":0.03962371721778793,""base_bars"":48},""pattern_geometry_features"":{""low_similarity_pct"":0.038298803618325064,""bounce_pct"":0.08497266743520124,""right_bottom_reaction"":0.5238095238095023,""atr_pct"":0.03858987226974672},""_schema_version"":""1.0""}",,,,,,,,,,
20260504T200431Z-7bad84,2026-05-04T20:04:31.798741+00:00,CRM,double_bottom,absent,42.77,22.9,35.8,58.7,58.1,3.0,45.1,61.7,84.0,96.6,3.44,8.94,4.7,8.13,0.39,3.6,3.7,5.04,4.83,True,reversal_trend_cap,185.925,193.56,170.405,214.12,"{""trend"":{""T1_ema_stack"":{""value"":[true,false,false],""score"":33.33333333333333},""T2_ema50_slope"":{""value"":-0.28202079315657896,""score"":2.996534473903509},""T3_high_proximity"":{""value"":0.9199198456286181,""score"":59.95992281430901},""T4_rs_1m"":{""value"":-0.10157692289664366,""score"":0},""T5_rs_3m"":{""value"":-0.15060101846090923,""score"":0},""T6_adr_healthy"":{""value"":3.674061029900176,""score"":100.0},""_score"":22.93},""geometry"":{""sub_low_similarity"":9.3,""sub_bounce_quality"":100,""sub_separation_fit"":0.0,""sub_right_bottom_reaction"":46.4,""sub_base_context"":30.0,""_score"":35.75},""compression"":{""VC1_atr_ratio"":{""value"":0.5898770066185068,""score"":100},""VC2_range_contraction"":{""value"":0.8572870213925435,""score"":23.78549643457608},""VC3_range_pct_rank"":{""score"":41.666666666666664},""_score"":58.74},""sr_quality"":{""SR1_touches"":{""value"":3,""score"":50.0},""SR2_tightness"":{""value"":0.6687301398920199,""score"":82.44167469952892},""SR3_recency"":{""value"":243,""score"":0.0},""SR4_price_location"":{""score"":62.76491365777085},""SR5_reaction"":{""value"":2.2298094361101772,""score"":100},""_score"":58.06,""_levels_found"":7,""_target_level"":189.72},""volume"":{""V1_rvol_day"":{""value"":0.5023486935843947,""score"":0.1565795722929808},""V2_rvol_sameslot"":{""value"":0.4614827309795536,""score"":0,""status"":""ok""},""V3_breakout_bar"":{""value"":0.49570924828575436,""score"":0},""V4_base_dryup"":{""value"":1.350827433895155,""score"":14.917256610484515},""V5_bo_expansion"":{""value"":0.5023486935843947,""score"":0},""_score"":3.01},""readiness"":{""_distance_atr"":1.002,""BR1_atr_distance"":{""score"":33.17792152016014},""BR2_compression"":{""score"":57.15643308717072},""BR3_retest"":{""score"":50.0},""BR4_bo_age"":{""score"":50.0},""_score"":45.06},""risk"":{""R1_stop_clarity"":{""score"":31.865110548061082},""R2_stop_distance_pct"":{""value"":8.347451929541487,""score"":91.31370176146282},""R3_stop_distance_atr"":{""value"":2.0374826286976746,""score"":100.0},""R4_rr_potential"":{""value"":1.8166881443298952,""score"":40.83440721649476},""_score"":61.71},""market"":{""M1_spy_regime"":{""score"":100.0},""M3_earnings_risk"":{""value"":null,""score"":80.0},""M4_vix"":{""value"":null,""score"":60.0},""_score"":84.0},""liquidity"":{""L1_price"":{""value"":185.925,""score"":100.0},""L2_dollar_vol"":{""value"":1257743958.8781295,""score"":100.0},""L3_spread_proxy"":{""value"":0.03409977141320426,""score"":65.90022858679573},""L4_volume_zscore"":{""value"":-1.663768183569252,""score"":100.0},""_score"":96.59},""pattern_structure"":{""left_low"":181.03,""left_idx"":13,""right_low"":173.0,""right_idx"":62,""separation_bars"":49,""structural_low"":173.0,""current_price"":186.28,""neckline_distance_pct"":0.03908095340347864,""base_bars"":49},""pattern_geometry_features"":{""low_similarity_pct"":0.04536338728356355,""bounce_pct"":0.11884393063583816,""right_bottom_reaction"":0.46369480451048367,""atr_pct"":0.040969438521677316},""_schema_version"":""1.0""}",,,,,,,,,,
20260504T200431Z-7bad84,2026-05-04T20:04:31.798741+00:00,NOC,double_bottom,absent,42.51,13.3,37.8,52.7,50.0,33.1,30.7,59.9,84.0,89.1,2.0,9.45,4.22,7.0,4.3,2.45,3.6,5.04,4.46,True,risk_unclear;reversal_trend_cap,569.61,596.5,556.7122,627.81,"{""trend"":{""T1_ema_stack"":{""value"":[false,false,true],""score"":33.33333333333333},""T2_ema50_slope"":{""value"":-0.3770109022416844,""score"":0},""T3_high_proximity"":{""value"":0.7416603734277754,""score"":0},""T4_rs_1m"":{""value"":-0.28403940653182236,""score"":0},""T5_rs_3m"":{""value"":-0.2010331664668631,""score"":0},""T6_adr_healthy"":{""value"":2.4886398225506645,""score"":100.0},""_score"":13.33},""geometry"":{""sub_low_similarity"":26.8,""sub_bounce_quality"":36.3,""sub_separation_fit"":13.3,""sub_right_bottom_reaction"":96.6,""sub_base_context"":30.0,""_score"":37.78},""compression"":{""VC1_atr_ratio"":{""value"":0.39442088515883444,""score"":100},""VC2_range_contraction"":{""value"":1.3682763781290634,""score"":0},""VC3_range_pct_rank"":{""score"":50.83333333333333},""_score"":52.71},""sr_quality"":{""SR1_touches"":{""value"":3,""score"":50.0},""SR2_tightness"":{""value"":3.929211823706607,""score"":54.418459394591444},""SR3_recency"":{""value"":316,""score"":0.0},""SR4_price_location"":{""score"":64.96456617506266},""SR5_reaction"":{""value"":1.4111264083608859,""score"":70.5563204180443},""_score"":49.99,""_levels_found"":7,""_target_level"":577.2317},""volume"":{""V1_rvol_day"":{""value"":0.5574180524333529,""score"":3.8278701622235234},""V2_rvol_sameslot"":{""value"":0.9022557396610716,""score"":26.81704931073811,""status"":""ok""},""V3_breakout_bar"":{""value"":1.2313542386379086,""score"":48.75694924252724},""V4_base_dryup"":{""value"":0.760856370594999,""score"":73.9143629405001},""V5_bo_expansion"":{""value"":0.5574180524333529,""score"":0},""_score"":33.1},""readiness"":{""_distance_atr"":1.56,""BR1_atr_distance"":{""score"":0},""BR2_compression"":{""score"":52.64569651129869},""BR3_retest"":{""score"":50.0},""BR4_bo_age"":{""score"":50.0},""_score"":30.66},""risk"":{""R1_stop_clarity"":{""score"":1.6511500627059945},""R2_stop_distance_pct"":{""value"":2.264329980161856,""score"":100.0},""R3_stop_distance_atr"":{""value"":0.7481193428544525,""score"":62.405967142722616},""R4_rr_potential"":{""value"":4.512379970305141,""score"":100.0},""_score"":59.94},""market"":{""M1_spy_regime"":{""score"":100.0},""M3_earnings_risk"":{""value"":null,""score"":80.0},""M4_vix"":{""value"":null,""score"":60.0},""_score"":84.0},""liquidity"":{""L1_price"":{""value"":569.61,""score"":65.195},""L2_dollar_vol"":{""value"":258894930.55780953,""score"":100.0},""L3_spread_proxy"":{""value"":0.021611277891890848,""score"":78.38872210810915},""L4_volume_zscore"":{""value"":-1.0606161854322058,""score"":100.0},""_score"":89.14},""pattern_structure"":{""left_low"":586.27,""left_idx"":31,""right_low"":565.19,""right_idx"":74,""separation_bars"":43,""structural_low"":565.19,""current_price"":568.41,""neckline_distance_pct"":0.04941855350891088,""base_bars"":43},""pattern_geometry_features"":{""low_similarity_pct"":0.03661438521529176,""bounce_pct"":0.055397300023001014,""right_bottom_reaction"":0.965881397238021,""atr_pct"":0.030266962106905236},""_schema_version"":""1.0""}",,,,,,,,,,
20260504T200431Z-7bad84,2026-05-04T20:04:31.798741+00:00,AXON,bull_flag,absent,42.12,5.0,34.6,64.1,58.6,29.1,39.1,66.8,84.0,95.3,0.7,10.39,5.77,5.86,4.08,3.52,2.0,5.04,4.76,True,trend_floor,396.09,413.95,389.0848,447.57,"{""trend"":{""T1_ema_stack"":{""value"":[false,false,false],""score"":0.0},""T2_ema50_slope"":{""value"":-0.6749465821150248,""score"":0},""T3_high_proximity"":{""value"":0.6839869450344506,""score"":0},""T4_rs_1m"":{""value"":-0.13537504153956081,""score"":0},""T5_rs_3m"":{""value"":-0.17147239706634254,""score"":0},""T6_adr_healthy"":{""value"":5.346763863751764,""score"":100.0},""_score"":5.0},""geometry"":{""sub_pole_impulse"":23.9,""sub_flag_tightness"":15.1,""sub_flag_shallowness"":0,""sub_flag_drift"":91.3,""sub_flag_duration"":100.0,""_score"":34.64},""compression"":{""VC1_atr_ratio"":{""value"":0.17520383185560767,""score"":100},""VC2_range_contraction"":{""value"":0.7589838494396769,""score"":40.16935842672052},""VC3_range_pct_rank"":{""score"":40.0},""_score"":64.06},""sr_quality"":{""SR1_touches"":{""value"":4,""score"":75.0},""SR2_tightness"":{""value"":3.636100112758173,""score"":59.35810050927566},""SR3_recency"":{""value"":229,""score"":0.0},""SR4_price_location"":{""score"":48.67921532991561},""SR5_reaction"":{""value"":3.9507035731536444,""score"":100},""_score"":58.57,""_levels_found"":5,""_target_level"":414.8401},""volume"":{""V1_rvol_day"":{""value"":0.5369569216244536,""score"":2.463794774963575},""V2_rvol_sameslot"":{""value"":0.6157080860851357,""score"":7.713872405675715,""status"":""ok""},""V3_breakout_bar"":{""value"":1.0296758714442735,""score"":35.31172476295157},""V4_base_dryup"":{""value"":0.5864624263690792,""score"":91.35375736309209},""V5_bo_expansion"":{""value"":0.5369569216244536,""score"":0},""_score"":29.13},""readiness"":{""_distance_atr"":0.998,""BR1_atr_distance"":{""score"":33.457614624208716},""BR2_compression"":{""score"":32.74560284232806},""BR3_retest"":{""score"":50.0},""BR4_bo_age"":{""score"":50.0},""_score"":39.07},""risk"":{""R1_stop_clarity"":{""score"":33.77262910816829},""R2_stop_distance_pct"":{""value"":1.7685753237900514,""score"":94.21438309475128},""R3_stop_distance_atr"":{""value"":0.3914944492569078,""score"":44.57472246284539},""R4_rr_potential"":{""value"":7.348879038992728,""score"":100.0},""_score"":66.77},""market"":{""M1_spy_regime"":{""score"":100.0},""M3_earnings_risk"":{""value"":null,""score"":80.0},""M4_vix"":{""value"":null,""score"":60.0},""_score"":84.0},""liquidity"":{""L1_price"":{""value"":396.09,""score"":100.0},""L2_dollar_vol"":{""value"":244022203.60288322,""score"":100.0},""L3_spread_proxy"":{""value"":0.04708525840086858,""score"":52.91474159913142},""L4_volume_zscore"":{""value"":-1.096378711073384,""score"":100.0},""_score"":95.29},""pattern_structure"":{""pole_low"":380.33,""pole_low_idx"":36,""peak_price"":413.95,""peak_idx"":48,""pole_gain"":0.0883969184655431,""flag_bars"":11,""flag_low"":395.01,""flag_high"":413.66,""structural_low"":395.01,""current_price"":397.41,""neckline_distance_pct"":0.041619486172969886,""base_bars"":11},""pattern_geometry_features"":{""pole_gain"":0.0883969184655431,""pullback_pct"":0.045754318154366466,""flag_range_pct"":0.04505375045295334,""flag_drift_per_bar"":-0.001749592978169971,""atr_pct"":0.04517497826972947,""pole_atr_multiple"":1.9567672603569457},""_schema_version"":""1.0""}",,,,,,,,,,
20260504T200431Z-7bad84,2026-05-04T20:04:31.798741+00:00,GD,ascending_triangle,absent,41.75,42.7,23.0,37.5,55.0,22.3,65.2,10.2,84.0,97.0,6.4,6.45,3.0,7.71,2.67,5.22,0.41,5.04,4.85,True,risk_unclear,348.7975,353.57,302.1684,400.37,"{""trend"":{""T1_ema_stack"":{""value"":[true,false,true],""score"":66.66666666666666},""T2_ema50_slope"":{""value"":-0.1805410958905805,""score"":19.909817351569913},""T3_high_proximity"":{""value"":0.952686277723151,""score"":76.34313886157545},""T4_rs_1m"":{""value"":-0.0957100395523579,""score"":0},""T5_rs_3m"":{""value"":-0.025547932253213723,""score"":37.226033873393135},""T6_adr_healthy"":{""value"":2.212616770195185,""score"":100.0},""_score"":42.68},""geometry"":{""sub_flat_top_quality"":33.3,""sub_hl_slope"":16.0,""sub_compression"":0,""sub_duration"":55.0,""_score"":23.04},""compression"":{""VC1_atr_ratio"":{""value"":0.6541302600664953,""score"":86.46743498337617},""VC2_range_contraction"":{""value"":1.284531145485496,""score"":0},""VC3_range_pct_rank"":{""score"":11.66666666666667},""_score"":37.5},""sr_quality"":{""SR1_touches"":{""value"":2,""score"":25.0},""SR2_tightness"":{""value"":0.23500000000001364,""score"":95.04404996019395},""SR3_recency"":{""value"":257,""score"":0.0},""SR4_price_location"":{""score"":92.16183935503133},""SR5_reaction"":{""value"":1.3676313194953371,""score"":68.38156597476686},""_score"":55.05,""_levels_found"":5,""_target_level"":349.235},""volume"":{""V1_rvol_day"":{""value"":0.7562533513833624,""score"":17.083556758890825},""V2_rvol_sameslot"":{""value"":0.9857933759196226,""score"":32.386225061308174,""status"":""ok""},""V3_breakout_bar"":{""value"":0.8599664653874186,""score"":23.99776435916124},""V4_base_dryup"":{""value"":1.1817701821441458,""score"":31.822981785585426},""V5_bo_expansion"":{""value"":0.7562533513833624,""score"":0},""_score"":22.26},""readiness"":{""_distance_atr"":0.503,""BR1_atr_distance"":{""score"":66.45067863124405},""BR2_compression"":{""score"":84.54459503704948},""BR3_retest"":{""score"":50.0},""BR4_bo_age"":{""score"":50.0},""_score"":65.22},""risk"":{""R1_stop_clarity"":{""score"":2.957225933325944},""R2_stop_distance_pct"":{""value"":13.368516116084564,""score"":0.0},""R3_stop_distance_atr"":{""value"":4.916834940502247,""score"":54.15825297488763},""R4_rr_potential"":{""value"":1.1060165283230072,""score"":5.300826416150361},""_score"":10.22},""market"":{""M1_spy_regime"":{""score"":100.0},""M3_earnings_risk"":{""value"":null,""score"":80.0},""M4_vix"":{""value"":null,""score"":60.0},""_score"":84.0},""liquidity"":{""L1_price"":{""value"":348.7975,""score"":100.0},""L2_dollar_vol"":{""value"":411497088.5024262,""score"":100.0},""L3_spread_proxy"":{""value"":0.03018943656419548,""score"":69.81056343580453},""L4_volume_zscore"":{""value"":-0.656535241679891,""score"":100.0},""_score"":96.98},""pattern_structure"":{""top"":353.57,""top_touches"":2,""low_slope_per_bar"":0.14745735443589483,""lowest_low"":306.77,""structural_low"":306.77,""current_price"":348.36,""neckline_distance_pct"":0.014955792857962967,""base_bars"":69},""pattern_geometry_features"":{""top_touches"":2.0,""low_slope"":0.14745735443589483,""compression"":-0.4502683978850244,""atr_pct"":0.027189271712096546},""_schema_version"":""1.0""}",,,,,,,,,,
20260504T200431Z-7bad84,2026-05-04T20:04:31.798741+00:00,TMUS,double_bottom,absent,40.49,17.7,30.6,33.0,59.2,19.6,40.2,59.4,84.0,98.3,2.65,7.64,2.64,8.28,2.55,3.21,3.56,5.04,4.92,True,risk_unclear;reversal_trend_cap,194.13,200.63,182.0969,216.39,"{""trend"":{""T1_ema_stack"":{""value"":[false,false,false],""score"":0.0},""T2_ema50_slope"":{""value"":-0.22966419482442663,""score"":11.72263419592889},""T3_high_proximity"":{""value"":0.8745382466888909,""score"":37.26912334444543},""T4_rs_1m"":{""value"":-0.13096946551396516,""score"":0},""T5_rs_3m"":{""value"":-0.03696681626251086,""score"":31.51659186874457},""T6_adr_healthy"":{""value"":2.9224613579772427,""score"":100.0},""_score"":17.66},""geometry"":{""sub_low_similarity"":16.5,""sub_bounce_quality"":78.9,""sub_separation_fit"":0.0,""sub_right_bottom_reaction"":25.5,""sub_base_context"":30.0,""_score"":30.55},""compression"":{""VC1_atr_ratio"":{""value"":0.859633536959027,""score"":35.09161576024325},""VC2_range_contraction"":{""value"":1.4428759698470277,""score"":0},""VC3_range_pct_rank"":{""score"":75.83333333333333},""_score"":32.99},""sr_quality"":{""SR1_touches"":{""value"":3,""score"":50.0},""SR2_tightness"":{""value"":0.6571952187558615,""score"":80.30135864282451},""SR3_recency"":{""value"":301,""score"":0.0},""SR4_price_location"":{""score"":90.49252634158279},""SR5_reaction"":{""value"":1.2668928261622796,""score"":63.34464130811398},""_score"":59.17,""_levels_found"":7,""_target_level"":194.7767},""volume"":{""V1_rvol_day"":{""value"":0.3022325434769968,""score"":0},""V2_rvol_sameslot"":{""value"":0.44181462022613777,""score"":0,""status"":""ok""},""V3_breakout_bar"":{""value"":1.011524381483224,""score"":34.10162543221493},""V4_base_dryup"":{""value"":0.9464364824551118,""score"":55.35635175448882},""V5_bo_expansion"":{""value"":0.30223254347699685,""score"":0},""_score"":19.6},""readiness"":{""_distance_atr"":0.974,""BR1_atr_distance"":{""score"":35.05675575666551},""BR2_compression"":{""score"":34.58623646080877},""BR3_retest"":{""score"":50.0},""BR4_bo_age"":{""score"":50.0},""_score"":40.17},""risk"":{""R1_stop_clarity"":{""score"":16.88113994662484},""R2_stop_distance_pct"":{""value"":6.198449492608048,""score"":100.0},""R3_stop_distance_atr"":{""value"":1.803381473405207,""score"":100.0},""R4_rr_potential"":{""value"":1.8499050531660706,""score"":42.49525265830353},""_score"":59.41},""market"":{""M1_spy_regime"":{""score"":100.0},""M3_earnings_risk"":{""value"":null,""score"":80.0},""M4_vix"":{""value"":null,""score"":60.0},""_score"":84.0},""liquidity"":{""L1_price"":{""value"":194.13,""score"":100.0},""L2_dollar_vol"":{""value"":382740373.52994657,""score"":100.0},""L3_spread_proxy"":{""value"":0.016586823262762063,""score"":83.41317673723793},""L4_volume_zscore"":{""value"":-1.8002483122760236,""score"":100.0},""_score"":98.34},""pattern_structure"":{""left_low"":184.87,""left_idx"":27,""right_low"":192.75,""right_idx"":74,""separation_bars"":47,""structural_low"":184.87,""current_price"":194.49,""neckline_distance_pct"":0.03156974651653034,""base_bars"":47},""pattern_geometry_features"":{""low_similarity_pct"":0.041735077591229255,""bounce_pct"":0.08524909395791633,""right_bottom_reaction"":0.25545851528384717,""atr_pct"":0.03437126078989778},""_schema_version"":""1.0""}",,,,,,,,,,
20260504T200431Z-7bad84,2026-05-04T20:04:31.798741+00:00,RTX,double_bottom,absent,40.43,18.3,29.2,57.7,49.3,25.8,28.4,54.7,84.0,98.4,2.74,7.3,4.62,6.9,3.36,2.28,3.28,5.04,4.92,True,risk_unclear;reversal_trend_cap,173.3,182.64,170.6562,192.025,"{""trend"":{""T1_ema_stack"":{""value"":[false,false,true],""score"":33.33333333333333},""T2_ema50_slope"":{""value"":-0.1900430308746506,""score"":18.326161520891564},""T3_high_proximity"":{""value"":0.8168363499245853,""score"":8.418174962292635},""T4_rs_1m"":{""value"":-0.21163479900567883,""score"":0},""T5_rs_3m"":{""value"":-0.17075316096492266,""score"":0},""T6_adr_healthy"":{""value"":2.5240052112712843,""score"":100.0},""_score"":18.26},""geometry"":{""sub_low_similarity"":23.2,""sub_bounce_quality"":34.5,""sub_separation_fit"":26.7,""sub_right_bottom_reaction"":35.7,""sub_base_context"":30.0,""_score"":29.22},""compression"":{""VC1_atr_ratio"":{""value"":0.5385575350718651,""score"":100},""VC2_range_contraction"":{""value"":1.3794283359590256,""score"":0},""VC3_range_pct_rank"":{""score"":70.83333333333333},""_score"":57.71},""sr_quality"":{""SR1_touches"":{""value"":2,""score"":25.0},""SR2_tightness"":{""value"":0.8024999999999949,""score"":69.84491671453208},""SR3_recency"":{""value"":314,""score"":0.0},""SR4_price_location"":{""score"":69.74868135277693},""SR5_reaction"":{""value"":1.8464117195510146,""score"":92.32058597755073},""_score"":49.26,""_levels_found"":6,""_target_level"":175.7375},""volume"":{""V1_rvol_day"":{""value"":0.6207482769094882,""score"":8.049885127299213},""V2_rvol_sameslot"":{""value"":0.774639665305859,""score"":18.309311020390602,""status"":""ok""},""V3_breakout_bar"":{""value"":0.8344596852111041,""score"":22.29731234740694},""V4_base_dryup"":{""value"":0.7516973074804055,""score"":74.83026925195945},""V5_bo_expansion"":{""value"":0.6207482769094882,""score"":0},""_score"":25.81},""readiness"":{""_distance_atr"":1.755,""BR1_atr_distance"":{""score"":0},""BR2_compression"":{""score"":43.77328369133408},""BR3_retest"":{""score"":50.0},""BR4_bo_age"":{""score"":50.0},""_score"":28.44},""risk"":{""R1_stop_clarity"":{""score"":2.3454401004899665},""R2_stop_distance_pct"":{""value"":1.5255770340450205,""score"":88.13942585112551},""R3_stop_distance_atr"":{""value"":0.49672749574581526,""score"":49.83637478729076},""R4_rr_potential"":{""value"":7.082541393624698,""score"":100.0},""_score"":54.74},""market"":{""M1_spy_regime"":{""score"":100.0},""M3_earnings_risk"":{""value"":null,""score"":80.0},""M4_vix"":{""value"":null,""score"":60.0},""_score"":84.0},""liquidity"":{""L1_price"":{""value"":173.3,""score"":100.0},""L2_dollar_vol"":{""value"":553866351.6193503,""score"":100.0},""L3_spread_proxy"":{""value"":0.016329486439699996,""score"":83.67051356030001},""L4_volume_zscore"":{""value"":-0.9645201332866521,""score"":100.0},""_score"":98.37},""pattern_structure"":{""left_low"":180.04,""left_idx"":28,""right_low"":173.255,""right_idx"":69,""separation_bars"":41,""structural_low"":173.255,""current_price"":173.23,""neckline_distance_pct"":0.054320845119205666,""base_bars"":41},""pattern_geometry_features"":{""low_similarity_pct"":0.03840982748128333,""bounce_pct"":0.0541687108597154,""right_bottom_reaction"":0.357314148681056,""atr_pct"":0.0307125546121507},""_schema_version"":""1.0""}",,,,,,,,,,
20260504T200431Z-7bad84,2026-05-04T20:04:31.798741+00:00,AXON,double_bottom,absent,40.15,5.0,27.1,64.1,58.6,17.0,39.0,69.5,84.0,95.3,0.75,6.78,5.12,8.2,2.21,3.12,4.17,5.04,4.76,True,reversal_trend_cap,396.09,414.0,374.625,447.67,"{""trend"":{""T1_ema_stack"":{""value"":[false,false,false],""score"":0.0},""T2_ema50_slope"":{""value"":-0.6749465821150248,""score"":0},""T3_high_proximity"":{""value"":0.6839869450344506,""score"":0},""T4_rs_1m"":{""value"":-0.13537504153956081,""score"":0},""T5_rs_3m"":{""value"":-0.17147239706634254,""score"":0},""T6_adr_healthy"":{""value"":5.346763863751764,""score"":100.0},""_score"":5.0},""geometry"":{""sub_low_similarity"":8.4,""sub_bounce_quality"":83.6,""sub_separation_fit"":0.0,""sub_right_bottom_reaction"":12.6,""sub_base_context"":30.0,""_score"":27.13},""compression"":{""VC1_atr_ratio"":{""value"":0.17520383185560767,""score"":100},""VC2_range_contraction"":{""value"":0.7589838494396769,""score"":40.16935842672052},""VC3_range_pct_rank"":{""score"":40.0},""_score"":64.06},""sr_quality"":{""SR1_touches"":{""value"":4,""score"":75.0},""SR2_tightness"":{""value"":3.636100112758173,""score"":59.35810050927566},""SR3_recency"":{""value"":229,""score"":0.0},""SR4_price_location"":{""score"":48.67921532991561},""SR5_reaction"":{""value"":3.9507035731536444,""score"":100},""_score"":58.57,""_levels_found"":5,""_target_level"":414.8401},""volume"":{""V1_rvol_day"":{""value"":0.5369569216244536,""score"":2.463794774963575},""V2_rvol_sameslot"":{""value"":0.6157080860851357,""score"":7.713872405675715,""status"":""ok""},""V3_breakout_bar"":{""value"":1.0296758714442735,""score"":35.31172476295157},""V4_base_dryup"":{""value"":1.1947946349509406,""score"":30.520536504905934},""V5_bo_expansion"":{""value"":0.5369569216244536,""score"":0},""_score"":16.97},""readiness"":{""_distance_atr"":1.001,""BR1_atr_distance"":{""score"":33.27132575137611},""BR2_compression"":{""score"":32.74560284232806},""BR3_retest"":{""score"":50.0},""BR4_bo_age"":{""score"":50.0},""_score"":38.99},""risk"":{""R1_stop_clarity"":{""score"":36.23387769603249},""R2_stop_distance_pct"":{""value"":5.4192102804918045,""score"":100.0},""R3_stop_distance_atr"":{""value"":1.1996044022721912,""score"":84.98022011360956},""R4_rr_potential"":{""value"":2.402987195404605,""score"":70.14935977023025},""_score"":69.46},""market"":{""M1_spy_regime"":{""score"":100.0},""M3_earnings_risk"":{""value"":null,""score"":80.0},""M4_vix"":{""value"":null,""score"":60.0},""_score"":84.0},""liquidity"":{""L1_price"":{""value"":396.09,""score"":100.0},""L2_dollar_vol"":{""value"":244022203.60288322,""score"":100.0},""L3_spread_proxy"":{""value"":0.04708525840086858,""score"":52.91474159913142},""L4_volume_zscore"":{""value"":-1.096378711073384,""score"":100.0},""_score"":95.29},""pattern_structure"":{""left_low"":398.16,""left_idx"":7,""right_low"":380.33,""right_idx"":56,""separation_bars"":49,""structural_low"":380.33,""current_price"":397.41,""neckline_distance_pct"":0.04174530082282774,""base_bars"":49},""pattern_geometry_features"":{""low_similarity_pct"":0.04580662564708613,""bounce_pct"":0.08852838324612841,""right_bottom_reaction"":0.12586605080831548,""atr_pct"":0.04517497826972947},""_schema_version"":""1.0""}",,,,,,,,,,
20260504T200431Z-7bad84,2026-05-04T20:04:31.798741+00:00,AMD,base_on_base,extended,40.0,96.6,54.8,2.7,39.9,17.7,30.6,24.5,84.0,93.3,17.39,13.69,0.27,3.99,2.13,2.45,1.23,5.88,4.66,True,stop_extreme;price_extended_above_trigger,344.35,221.33,185.3967,236.58,"{""trend"":{""T1_ema_stack"":{""value"":[true,true,true],""score"":100.0},""T2_ema50_slope"":{""value"":0.7529057477609222,""score"":100},""T3_high_proximity"":{""value"":0.9550951350751651,""score"":77.54756753758252},""T4_rs_1m"":{""value"":0.4883462440592523,""score"":100},""T5_rs_3m"":{""value"":0.3657057364120182,""score"":100},""T6_adr_healthy"":{""value"":4.432119261654983,""score"":100.0},""_score"":96.63},""geometry"":{""sub_shallower_second"":0,""sub_second_base_depth"":100.0,""sub_rim_advance"":100,""sub_dry_up"":49.8,""sub_second_base_duration"":32.0,""_score"":54.76},""compression"":{""VC1_atr_ratio"":{""value"":1.289667299391449,""score"":0},""VC2_range_contraction"":{""value"":1.228339880788061,""score"":0},""VC3_range_pct_rank"":{""score"":10.833333333333329},""_score"":2.71},""sr_quality"":{""SR1_touches"":{""value"":2,""score"":25.0},""SR2_tightness"":{""value"":3.2150999999999783,""score"":65.97649193091222},""SR3_recency"":{""value"":286,""score"":0.0},""SR4_price_location"":{""score"":30.0},""SR5_reaction"":{""value"":2.704329717676404,""score"":100},""_score"":39.9,""_levels_found"":3,""_target_level"":263.7449},""volume"":{""V1_rvol_day"":{""value"":0.9269067817621811,""score"":28.46045211747874},""V2_rvol_sameslot"":{""value"":0.8344588738759932,""score"":22.297258258399545,""status"":""ok""},""V3_breakout_bar"":{""value"":0.5707132389275953,""score"":4.714215928506352},""V4_base_dryup"":{""value"":1.1794925887959171,""score"":32.05074112040829},""V5_bo_expansion"":{""value"":0.9269067817621811,""score"":0},""_score"":17.74},""readiness"":{""_distance_atr"":-6.509,""BR1_atr_distance"":{""score"":0},""BR2_compression"":{""score"":52.54153811755779},""BR3_retest"":{""score"":50.0},""BR4_bo_age"":{""score"":50.0},""_score"":30.64},""risk"":{""R1_stop_clarity"":{""score"":70.12268037340803},""R2_stop_distance_pct"":{""value"":46.160389138957456,""score"":0.0},""R3_stop_distance_atr"":{""value"":8.410545372085112,""score"":0.0},""R4_rr_potential"":{""value"":-0.6779978773639805,""score"":0.0},""_score"":24.54},""market"":{""M1_spy_regime"":{""score"":100.0},""M3_earnings_risk"":{""value"":null,""score"":80.0},""M4_vix"":{""value"":null,""score"":60.0},""_score"":84.0},""liquidity"":{""L1_price"":{""value"":344.35,""score"":100.0},""L2_dollar_vol"":{""value"":12766608776.919155,""score"":100.0},""L3_spread_proxy"":{""value"":0.06722811093364318,""score"":32.77188906635682},""L4_volume_zscore"":{""value"":-0.2068889116537369,""score"":100.0},""_score"":93.28},""pattern_structure"":{""first_base_low"":149.85,""first_base_top"":165.1,""first_base_bars"":10,""second_base_low"":188.22,""second_base_top"":221.33,""second_base_bars"":77,""structural_low"":188.22,""stacking_overlap_pct"":-0.14003634161114478,""current_price"":344.35,""neckline_distance_pct"":-0.3572527951212429,""base_bars"":77},""pattern_geometry_features"":{""first_base_depth_pct"":0.09236826165960024,""second_base_depth_pct"":0.14959562644015728,""second_dry_up_ratio"":0.7507574070998804,""rim_advance_pct"":0.3405814657783163,""atr_pct"":0.054883942832251245},""_schema_version"":""1.0""}",,,,,,,,,,
20260504T200431Z-7bad84,2026-05-04T20:04:31.798741+00:00,RTX,base_on_base,invalidated,40.0,18.3,60.9,57.7,49.3,19.7,28.4,10.0,84.0,98.4,3.29,15.21,5.77,4.93,2.37,2.28,0.5,5.88,4.92,True,risk_unclear;invalid_already_breached;trend_floor,173.3,205.36,182.7865,226.62,"{""trend"":{""T1_ema_stack"":{""value"":[false,false,true],""score"":33.33333333333333},""T2_ema50_slope"":{""value"":-0.1900430308746506,""score"":18.326161520891564},""T3_high_proximity"":{""value"":0.8168363499245853,""score"":8.418174962292635},""T4_rs_1m"":{""value"":-0.21163479900567883,""score"":0},""T5_rs_3m"":{""value"":-0.17075316096492266,""score"":0},""T6_adr_healthy"":{""value"":2.5240052112712843,""score"":100.0},""_score"":18.26},""geometry"":{""sub_shallower_second"":29.6,""sub_second_base_depth"":100.0,""sub_rim_advance"":92.3,""sub_dry_up"":0,""sub_second_base_duration"":100.0,""_score"":60.86},""compression"":{""VC1_atr_ratio"":{""value"":0.5385575350718651,""score"":100},""VC2_range_contraction"":{""value"":1.3794283359590256,""score"":0},""VC3_range_pct_rank"":{""score"":70.83333333333333},""_score"":57.71},""sr_quality"":{""SR1_touches"":{""value"":2,""score"":25.0},""SR2_tightness"":{""value"":0.8024999999999949,""score"":69.84491671453208},""SR3_recency"":{""value"":314,""score"":0.0},""SR4_price_location"":{""score"":69.74868135277693},""SR5_reaction"":{""value"":1.8464117195510146,""score"":92.32058597755073},""_score"":49.26,""_levels_found"":6,""_target_level"":175.7375},""volume"":{""V1_rvol_day"":{""value"":0.6207482769094882,""score"":8.049885127299213},""V2_rvol_sameslot"":{""value"":0.774639665305859,""score"":18.309311020390602,""status"":""ok""},""V3_breakout_bar"":{""value"":0.8344596852111041,""score"":22.29731234740694},""V4_base_dryup"":{""value"":1.0568634695385446,""score"":44.31365304614554},""V5_bo_expansion"":{""value"":0.6207482769094882,""score"":0},""_score"":19.71},""readiness"":{""_distance_atr"":6.024,""BR1_atr_distance"":{""score"":0},""BR2_compression"":{""score"":43.77328369133408},""BR3_retest"":{""score"":50.0},""BR4_bo_age"":{""score"":50.0},""_score"":28.44},""risk"":{""R1_stop_clarity"":{""score"":0},""R2_stop_distance_pct"":{""value"":-5.474004616272355,""score"":0.0},""R3_stop_distance_atr"":{""value"":-1.7823345160961286,""score"":0.0},""R4_rr_potential"":{""value"":null,""score"":50.0},""_score"":10.0},""market"":{""M1_spy_regime"":{""score"":100.0},""M3_earnings_risk"":{""value"":null,""score"":80.0},""M4_vix"":{""value"":null,""score"":60.0},""_score"":84.0},""liquidity"":{""L1_price"":{""value"":173.3,""score"":100.0},""L2_dollar_vol"":{""value"":553866351.6193503,""score"":100.0},""L3_spread_proxy"":{""value"":0.016329486439699996,""score"":83.67051356030001},""L4_volume_zscore"":{""value"":-0.9645201332866521,""score"":100.0},""_score"":98.37},""pattern_structure"":{""first_base_low"":166.74,""first_base_top"":188.0,""first_base_bars"":20,""second_base_low"":185.57,""second_base_top"":205.36,""second_base_bars"":55,""structural_low"":185.57,""stacking_overlap_pct"":0.012925531914893653,""current_price"":173.3,""neckline_distance_pct"":0.18499711482977496,""base_bars"":55},""pattern_geometry_features"":{""first_base_depth_pct"":0.11308510638297868,""second_base_depth_pct"":0.09636735488897555,""second_dry_up_ratio"":1.8246647246793473,""rim_advance_pct"":0.09234042553191496,""atr_pct"":0.0307125546121507},""_schema_version"":""1.0""}",,,,,,,,,,
20260504T200431Z-7bad84,2026-05-04T20:04:31.798741+00:00,GRMN,double_bottom,absent,40.0,63.5,45.1,42.2,43.5,28.1,31.8,43.3,84.0,96.5,9.52,11.28,3.38,6.09,3.66,2.54,2.6,5.04,4.82,True,risk_unclear;invalid_already_breached,238.34,252.38,237.2766,263.87,"{""trend"":{""T1_ema_stack"":{""value"":[false,true,true],""score"":66.66666666666666},""T2_ema50_slope"":{""value"":0.3402393905161993,""score"":100},""T3_high_proximity"":{""value"":0.8909240430622011,""score"":45.46202153110052},""T4_rs_1m"":{""value"":-0.09196871733234313,""score"":0},""T5_rs_3m"":{""value"":0.11928979043227472,""score"":100},""T6_adr_healthy"":{""value"":2.451335115561789,""score"":100.0},""_score"":63.49},""geometry"":{""sub_low_similarity"":27.4,""sub_bounce_quality"":25.3,""sub_separation_fit"":80.0,""sub_right_bottom_reaction"":92.3,""sub_base_context"":30.0,""_score"":45.12},""compression"":{""VC1_atr_ratio"":{""value"":0.6296701344619889,""score"":92.58246638450277},""VC2_range_contraction"":{""value"":1.3263720167122302,""score"":0},""VC3_range_pct_rank"":{""score"":20.833333333333336},""_score"":42.24},""sr_quality"":{""SR1_touches"":{""value"":2,""score"":25.0},""SR2_tightness"":{""value"":0.45000000000000284,""score"":86.87615476167416},""SR3_recency"":{""value"":265,""score"":0.0},""SR4_price_location"":{""score"":31.7415198029183},""SR5_reaction"":{""value"":3.1417027295525433,""score"":100},""_score"":43.47,""_levels_found"":5,""_target_level"":256.35},""volume"":{""V1_rvol_day"":{""value"":0.5484294901653987,""score"":3.228632677693244},""V2_rvol_sameslot"":{""value"":0.9325916875854743,""score"":28.83944583903162,""status"":""ok""},""V3_breakout_bar"":{""value"":1.4447781793469598,""score"":62.98521195646399},""V4_base_dryup"":{""value"":1.2009660837026663,""score"":29.903391629733363},""V5_bo_expansion"":{""value"":0.5484294901653987,""score"":0},""_score"":28.14},""readiness"":{""_distance_atr"":2.047,""BR1_atr_distance"":{""score"":0},""BR2_compression"":{""score"":56.99445125324354},""BR3_retest"":{""score"":50.0},""BR4_bo_age"":{""score"":50.0},""_score"":31.75},""risk"":{""R1_stop_clarity"":{""score"":0},""R2_stop_distance_pct"":{""value"":0.4461483594864538,""score"":61.15370898716135},""R3_stop_distance_atr"":{""value"":0.155058231490821,""score"":32.75291157454105},""R4_rr_potential"":{""value"":24.009028071660005,""score"":100.0},""_score"":43.26},""market"":{""M1_spy_regime"":{""score"":100.0},""M3_earnings_risk"":{""value"":null,""score"":80.0},""M4_vix"":{""value"":null,""score"":60.0},""_score"":84.0},""liquidity"":{""L1_price"":{""value"":238.34,""score"":100.0},""L2_dollar_vol"":{""value"":103911341.03355815,""score"":100.0},""L3_spread_proxy"":{""value"":0.035201392968028794,""score"":64.79860703197122},""L4_volume_zscore"":{""value"":-1.6378349912948875,""score"":100.0},""_score"":96.48},""pattern_structure"":{""left_low"":249.795,""left_idx"":51,""right_low"":240.89,""right_idx"":58,""separation_bars"":7,""structural_low"":240.89,""current_price"":236.925,""neckline_distance_pct"":0.06523161337976145,""base_bars"":7},""pattern_geometry_features"":{""low_similarity_pct"":0.036296198171943315,""bounce_pct"":0.047698119473618704,""right_bottom_reaction"":0.9230769230769293,""atr_pct"":0.028772955501744163},""_schema_version"":""1.0""}",,,,,,,,,,
20260504T200431Z-7bad84,2026-05-04T20:04:31.798741+00:00,ASTS,double_bottom,invalidated,40.0,13.3,56.8,84.2,34.2,18.3,29.9,38.5,84.0,96.3,2.0,14.21,6.74,4.79,2.38,2.39,2.31,5.04,4.82,True,invalid_already_breached;reversal_trend_cap,68.56,77.8,69.5509,84.9899,"{""trend"":{""T1_ema_stack"":{""value"":[false,false,true],""score"":33.33333333333333},""T2_ema50_slope"":{""value"":-0.32670062996686083,""score"":0},""T3_high_proximity"":{""value"":0.5922598479612993,""score"":0},""T4_rs_1m"":{""value"":-0.35464325449745093,""score"":0},""T5_rs_3m"":{""value"":-0.3767935407516132,""score"":0},""T6_adr_healthy"":{""value"":7.28079482166958,""score"":100.0},""_score"":13.33},""geometry"":{""sub_low_similarity"":8.9,""sub_bounce_quality"":100,""sub_separation_fit"":100.0,""sub_right_bottom_reaction"":87.7,""sub_base_context"":30.0,""_score"":56.83},""compression"":{""VC1_atr_ratio"":{""value"":0.4348755261993868,""score"":100},""VC2_range_contraction"":{""value"":0.66022416664717,""score"":56.62930555880501},""VC3_range_pct_rank"":{""score"":97.5},""_score"":84.2},""sr_quality"":{""SR1_touches"":{""value"":2,""score"":25.0},""SR2_tightness"":{""value"":0.8250000000000028,""score"":70.91189325798118},""SR3_recency"":{""value"":231,""score"":0.0},""SR4_price_location"":{""score"":4.413472706155588},""SR5_reaction"":{""value"":3.7153445429578467,""score"":100},""_score"":34.24,""_levels_found"":7,""_target_level"":72.675},""volume"":{""V1_rvol_day"":{""value"":0.6385415288023162,""score"":9.236101920154411},""V2_rvol_sameslot"":{""value"":0.9445559633980628,""score"":29.637064226537518,""status"":""ok""},""V3_breakout_bar"":{""value"":0.8383550002849749,""score"":22.557000018998327},""V4_base_dryup"":{""value"":1.2554426159556826,""score"":24.45573840443174},""V5_bo_expansion"":{""value"":0.6385415288023162,""score"":0},""_score"":18.31},""readiness"":{""_distance_atr"":1.629,""BR1_atr_distance"":{""score"":0},""BR2_compression"":{""score"":49.44094016277331},""BR3_retest"":{""score"":50.0},""BR4_bo_age"":{""score"":50.0},""_score"":29.86},""risk"":{""R1_stop_clarity"":{""score"":62.65610680246157},""R2_stop_distance_pct"":{""value"":-1.445374124854145,""score"":13.865646878646377},""R3_stop_distance_atr"":{""value"":-0.17469585299299026,""score"":16.265207350350487},""R4_rr_potential"":{""value"":null,""score"":50.0},""_score"":38.53},""market"":{""M1_spy_regime"":{""score"":100.0},""M3_earnings_risk"":{""value"":null,""score"":80.0},""M4_vix"":{""value"":null,""score"":60.0},""_score"":84.0},""liquidity"":{""L1_price"":{""value"":68.56,""score"":100.0},""L2_dollar_vol"":{""value"":736498678.5543284,""score"":100.0},""L3_spread_proxy"":{""value"":0.03697491248541419,""score"":63.02508751458581},""L4_volume_zscore"":{""value"":-0.7778912764949895,""score"":100.0},""_score"":96.3},""pattern_structure"":{""left_low"":73.9,""left_idx"":44,""right_low"":70.6101,""right_idx"":69,""separation_bars"":25,""structural_low"":70.6101,""current_price"":68.43,""neckline_distance_pct"":0.1369282478445125,""base_bars"":25},""pattern_geometry_features"":{""low_similarity_pct"":0.04553176559977472,""bounce_pct"":0.10182537625637117,""right_bottom_reaction"":0.8769136087391358,""atr_pct"":0.08273660193365559},""_schema_version"":""1.0""}",,,,,,,,,,
20260504T200431Z-7bad84,2026-05-04T20:04:31.798741+00:00,NOK,cup_with_handle,extended,40.0,99.0,41.2,11.0,35.1,24.8,27.8,22.7,84.0,96.1,13.86,12.37,0.88,4.21,3.22,2.22,1.13,4.2,4.81,True,stop_extreme;price_extended_above_trigger,13.12,8.535,7.6731,10.865,"{""trend"":{""T1_ema_stack"":{""value"":[true,true,true],""score"":100.0},""T2_ema50_slope"":{""value"":0.6402324242164535,""score"":100},""T3_high_proximity"":{""value"":0.9864661654135337,""score"":93.23308270676684},""T4_rs_1m"":{""value"":0.39265619792585627,""score"":100},""T5_rs_3m"":{""value"":0.9374136362963097,""score"":100},""T6_adr_healthy"":{""value"":5.135070989262081,""score"":100.0},""_score"":98.98},""geometry"":{""sub_cup_depth"":95.5,""sub_cup_duration"":16.0,""sub_rim_symmetry"":15.8,""sub_handle_shallowness"":27.3,""sub_handle_proportion"":60.6,""sub_u_shape"":33.7,""_score"":41.23},""compression"":{""VC1_atr_ratio"":{""value"":0.9667817508789359,""score"":8.30456228026602},""VC2_range_contraction"":{""value"":1.455276632469564,""score"":0},""VC3_range_pct_rank"":{""score"":30.833333333333336},""_score"":11.03},""sr_quality"":{""SR1_touches"":{""value"":2,""score"":25.0},""SR2_tightness"":{""value"":0.08250000000000046,""score"":75.14177795473853},""SR3_recency"":{""value"":248,""score"":0.0},""SR4_price_location"":{""score"":30.0},""SR5_reaction"":{""value"":1.1713495539509506,""score"":58.56747769754753},""_score"":35.06,""_levels_found"":5,""_target_level"":8.4525},""volume"":{""V1_rvol_day"":{""value"":1.044156228071724,""score"":36.27708187144827},""V2_rvol_sameslot"":{""value"":1.492053261981333,""score"":66.13688413208885,""status"":""ok""},""V3_breakout_bar"":{""value"":0.7300480014383119,""score"":15.336533429220797},""V4_base_dryup"":{""value"":1.823419227311746,""score"":0},""V5_bo_expansion"":{""value"":1.0441562280717243,""score"":2.94374853811495},""_score"":24.76},""readiness"":{""_distance_atr"":-6.908,""BR1_atr_distance"":{""score"":0},""BR2_compression"":{""score"":41.06459028079094},""BR3_retest"":{""score"":50.0},""BR4_bo_age"":{""score"":50.0},""_score"":27.77},""risk"":{""R1_stop_clarity"":{""score"":64.79171823043885},""R2_stop_distance_pct"":{""value"":41.515625,""score"":0.0},""R3_stop_distance_atr"":{""value"":8.206000408923133,""score"":0.0},""R4_rr_potential"":{""value"":-0.4140007527286415,""score"":0.0},""_score"":22.68},""market"":{""M1_spy_regime"":{""score"":100.0},""M3_earnings_risk"":{""value"":null,""score"":80.0},""M4_vix"":{""value"":null,""score"":60.0},""_score"":84.0},""liquidity"":{""L1_price"":{""value"":13.12,""score"":100.0},""L2_dollar_vol"":{""value"":1497504996.736635,""score"":100.0},""L3_spread_proxy"":{""value"":0.03886432926829269,""score"":61.13567073170731},""L4_volume_zscore"":{""value"":0.12913013354990108,""score"":100.0},""_score"":96.11},""pattern_structure"":{""left_rim"":8.19,""left_rim_idx"":51,""cup_bottom"":5.86,""cup_bottom_idx"":68,""right_rim"":8.535,""right_rim_idx"":152,""handle_low"":7.79,""handle_bars"":27,""cup_bars"":101,""structural_low"":7.79,""current_price"":13.12,""neckline_distance_pct"":-0.3494664634146341,""base_bars"":128},""pattern_geometry_features"":{""cup_depth_pct"":0.2844932844932844,""rim_symmetry_pct"":0.042124542124542204,""handle_depth_pct"":0.08728763913298185,""handle_to_cup_ratio"":0.26732673267326734,""cup_duration_bars"":101.0,""atr_pct"":0.050591790069686414,""u_shape_score"":0.16831683168316833},""_schema_version"":""1.0""}",,,,,,,,,,
20260504T200431Z-7bad84,2026-05-04T20:04:31.798741+00:00,LHX,vcp,invalidated,40.0,20.6,46.0,51.5,42.3,25.7,35.0,10.0,84.0,97.7,3.1,11.5,6.18,5.08,3.34,2.45,0.5,5.04,4.88,True,risk_unclear;invalid_already_breached;trend_floor,308.9,364.27,339.7265,397.582,"{""trend"":{""T1_ema_stack"":{""value"":[false,false,true],""score"":33.33333333333333},""T2_ema50_slope"":{""value"":-0.117139547190306,""score"":30.476742134949},""T3_high_proximity"":{""value"":0.8161593743394631,""score"":8.079687169731509},""T4_rs_1m"":{""value"":-0.22717551753186238,""score"":0},""T5_rs_3m"":{""value"":-0.12466778441431381,""score"":0},""T6_adr_healthy"":{""value"":2.5141682028487637,""score"":100.0},""_score"":20.64},""geometry"":{""sub_contraction_count"":100.0,""sub_reduction_rate"":3.9,""sub_pivot_tightness"":66.9,""sub_volume_dryup"":0,""sub_base_depth"":0.0,""sub_base_duration"":100.0,""_score"":46.01},""compression"":{""VC1_atr_ratio"":{""value"":0.5260814274169425,""score"":100},""VC2_range_contraction"":{""value"":1.2708712762647036,""score"":0},""VC3_range_pct_rank"":{""score"":45.833333333333336},""_score"":51.46},""sr_quality"":{""SR1_touches"":{""value"":2,""score"":25.0},""SR2_tightness"":{""value"":1.7997499999999889,""score"":60.00276209767059},""SR3_recency"":{""value"":268,""score"":0.0},""SR4_price_location"":{""score"":43.31636421253315},""SR5_reaction"":{""value"":4.319718361282372,""score"":100},""_score"":42.33,""_levels_found"":8,""_target_level"":331.0802},""volume"":{""V1_rvol_day"":{""value"":0.687475939315178,""score"":12.498395954345202},""V2_rvol_sameslot"":{""value"":0.9965859351292389,""score"":33.105729008615924,""status"":""ok""},""V3_breakout_bar"":{""value"":0.8865048939105706,""score"":25.766992927371373},""V4_base_dryup"":{""value"":0.9915065026503306,""score"":50.84934973496694},""V5_bo_expansion"":{""value"":0.6874759393151779,""score"":0},""_score"":25.73},""readiness"":{""_distance_atr"":6.153,""BR1_atr_distance"":{""score"":0},""BR2_compression"":{""score"":69.95711718555192},""BR3_retest"":{""score"":50.0},""BR4_bo_age"":{""score"":50.0},""_score"":34.99},""risk"":{""R1_stop_clarity"":{""score"":0},""R2_stop_distance_pct"":{""value"":-9.979443185496928,""score"":0.0},""R3_stop_distance_atr"":{""value"":-3.425405901364538,""score"":0.0},""R4_rr_potential"":{""value"":null,""score"":50.0},""_score"":10.0},""market"":{""M1_spy_regime"":{""score"":100.0},""M3_earnings_risk"":{""value"":null,""score"":80.0},""M4_vix"":{""value"":null,""score"":60.0},""_score"":84.0},""liquidity"":{""L1_price"":{""value"":308.9,""score"":100.0},""L2_dollar_vol"":{""value"":302093868.22602457,""score"":100.0},""L3_spread_proxy"":{""value"":0.02343800582712855,""score"":76.56199417287145},""L4_volume_zscore"":{""value"":-0.8362194370404294,""score"":100.0},""_score"":97.66},""pattern_structure"":{""n_contractions"":5,""contractions_pct"":[9.1,6.32,4.73,8.9,5.32],""descending_strict"":false,""final_low"":344.9,""final_pivot"":364.27,""structural_low"":344.9,""dry_up_ratio"":1.4910262885647516,""current_price"":308.9,""neckline_distance_pct"":0.1792489478795727,""base_bars"":34,""recent_base_height"":33.31200000000001},""pattern_geometry_features"":{""contraction_count"":5.0,""first_contraction_pct"":0.09097547172415696,""last_contraction_pct"":0.053174842836357664,""dry_up_ratio"":1.4910262885647516,""near_monotone"":0.0,""base_depth_pct"":0.047855673802918094},""_schema_version"":""1.0""}",,,,,,,,,,
20260504T200431Z-7bad84,2026-05-04T20:04:31.798741+00:00,MPWR,cup_with_handle,extended,40.0,97.8,52.9,40.6,43.6,17.8,22.0,19.0,84.0,71.8,13.69,15.87,3.25,5.23,2.32,1.76,0.95,4.2,3.59,True,stop_extreme;price_extended_above_trigger,1583.0,1127.74,981.0698,1417.9399,"{""trend"":{""T1_ema_stack"":{""value"":[true,true,true],""score"":100.0},""T2_ema50_slope"":{""value"":0.7331756143533841,""score"":100},""T3_high_proximity"":{""value"":0.9699398306434813,""score"":84.96991532174064},""T4_rs_1m"":{""value"":0.32042883940562583,""score"":100},""T5_rs_3m"":{""value"":0.3167217215930418,""score"":100},""T6_adr_healthy"":{""value"":3.4681447927750013,""score"":100.0},""_score"":97.75},""geometry"":{""sub_cup_depth"":100.0,""sub_cup_duration"":20.0,""sub_rim_symmetry"":92.2,""sub_handle_shallowness"":2.7,""sub_handle_proportion"":58.3,""sub_u_shape"":34.0,""_score"":52.91},""compression"":{""VC1_atr_ratio"":{""value"":0.7640787346670711,""score"":58.98031633323222},""VC2_range_contraction"":{""value"":0.9552898272355883,""score"":7.451695460735283},""VC3_range_pct_rank"":{""score"":57.49999999999999},""_score"":40.58},""sr_quality"":{""SR1_touches"":{""value"":2,""score"":25.0},""SR2_tightness"":{""value"":3.1100000000000136,""score"":90.48810089603877},""SR3_recency"":{""value"":268,""score"":0.0},""SR4_price_location"":{""score"":30.0},""SR5_reaction"":{""value"":2.370902021431483,""score"":100},""_score"":43.57,""_levels_found"":3,""_target_level"":1253.11},""volume"":{""V1_rvol_day"":{""value"":0.6204747370429633,""score"":8.031649136197554},""V2_rvol_sameslot"":{""value"":0.9557768197085561,""score"":30.38512131390374,""status"":""ok""},""V3_breakout_bar"":{""value"":0.6812053137562292,""score"":12.080354250415278},""V4_base_dryup"":{""value"":1.1444839921204595,""score"":35.55160078795406},""V5_bo_expansion"":{""value"":0.6204747370429633,""score"":0},""_score"":17.81},""readiness"":{""_distance_atr"":-6.962,""BR1_atr_distance"":{""score"":0},""BR2_compression"":{""score"":17.90201573253919},""BR3_retest"":{""score"":50.0},""BR4_bo_age"":{""score"":50.0},""_score"":21.98},""risk"":{""R1_stop_clarity"":{""score"":54.3057236662232},""R2_stop_distance_pct"":{""value"":38.02464624131397,""score"":0.0},""R3_stop_distance_atr"":{""value"":9.204982081080741,""score"":0.0},""R4_rr_potential"":{""value"":-0.27421803011528817,""score"":0.0},""_score"":19.01},""market"":{""M1_spy_regime"":{""score"":100.0},""M3_earnings_risk"":{""value"":null,""score"":80.0},""M4_vix"":{""value"":null,""score"":60.0},""_score"":84.0},""liquidity"":{""L1_price"":{""value"":1583.0,""score"":0.0},""L2_dollar_vol"":{""value"":595925959.032819,""score"":100.0},""L3_spread_proxy"":{""value"":0.03212886923562863,""score"":67.87113076437137},""L4_volume_zscore"":{""value"":-1.1751392790689374,""score"":100.0},""_score"":71.79},""pattern_structure"":{""left_rim"":1123.38,""left_rim_idx"":52,""cup_bottom"":833.1801,""cup_bottom_idx"":69,""right_rim"":1127.74,""right_rim_idx"":152,""handle_low"":996.01,""handle_bars"":27,""cup_bars"":100,""structural_low"":996.01,""current_price"":1583.0,""neckline_distance_pct"":-0.28759317751105495,""base_bars"":127},""pattern_geometry_features"":{""cup_depth_pct"":0.25832745820648406,""rim_symmetry_pct"":0.0038811444034965014,""handle_depth_pct"":0.11680883891677162,""handle_to_cup_ratio"":0.27,""cup_duration_bars"":100.0,""atr_pct"":0.041308767259272655,""u_shape_score"":0.17},""_schema_version"":""1.0""}",,,,,,,,,,
20260504T200431Z-7bad84,2026-05-04T20:04:31.798741+00:00,LHX,base_on_base,invalidated,40.0,20.6,55.0,51.5,42.3,25.5,35.0,10.0,84.0,97.7,3.72,13.75,5.15,4.23,3.06,2.8,0.5,5.88,4.88,True,risk_unclear;invalid_already_breached;trend_floor,308.9,364.27,324.3413,391.96,"{""trend"":{""T1_ema_stack"":{""value"":[false,false,true],""score"":33.33333333333333},""T2_ema50_slope"":{""value"":-0.117139547190306,""score"":30.476742134949},""T3_high_proximity"":{""value"":0.8161593743394631,""score"":8.079687169731509},""T4_rs_1m"":{""value"":-0.22717551753186238,""score"":0},""T5_rs_3m"":{""value"":-0.12466778441431381,""score"":0},""T6_adr_healthy"":{""value"":2.5141682028487637,""score"":100.0},""_score"":20.64},""geometry"":{""sub_shallower_second"":0,""sub_second_base_depth"":100.0,""sub_rim_advance"":100,""sub_dry_up"":0,""sub_second_base_duration"":100.0,""_score"":55.0},""compression"":{""VC1_atr_ratio"":{""value"":0.5260814274169425,""score"":100},""VC2_range_contraction"":{""value"":1.2708712762647036,""score"":0},""VC3_range_pct_rank"":{""score"":45.833333333333336},""_score"":51.46},""sr_quality"":{""SR1_touches"":{""value"":2,""score"":25.0},""SR2_tightness"":{""value"":1.7997499999999889,""score"":60.00276209767059},""SR3_recency"":{""value"":268,""score"":0.0},""SR4_price_location"":{""score"":43.31636421253315},""SR5_reaction"":{""value"":4.319718361282372,""score"":100},""_score"":42.33,""_levels_found"":8,""_target_level"":331.0802},""volume"":{""V1_rvol_day"":{""value"":0.687475939315178,""score"":12.498395954345202},""V2_rvol_sameslot"":{""value"":0.9965859351292389,""score"":33.105729008615924,""status"":""ok""},""V3_breakout_bar"":{""value"":0.8865048939105706,""score"":25.766992927371373},""V4_base_dryup"":{""value"":1.0040383743460444,""score"":49.59616256539556},""V5_bo_expansion"":{""value"":0.6874759393151779,""score"":0},""_score"":25.48},""readiness"":{""_distance_atr"":6.153,""BR1_atr_distance"":{""score"":0},""BR2_compression"":{""score"":69.95711718555192},""BR3_retest"":{""score"":50.0},""BR4_bo_age"":{""score"":50.0},""_score"":34.99},""risk"":{""R1_stop_clarity"":{""score"":0},""R2_stop_distance_pct"":{""value"":-4.998799773389457,""score"":0.0},""R3_stop_distance_atr"":{""value"":-1.7158190016445614,""score"":0.0},""R4_rr_potential"":{""value"":null,""score"":50.0},""_score"":10.0},""market"":{""M1_spy_regime"":{""score"":100.0},""M3_earnings_risk"":{""value"":null,""score"":80.0},""M4_vix"":{""value"":null,""score"":60.0},""_score"":84.0},""liquidity"":{""L1_price"":{""value"":308.9,""score"":100.0},""L2_dollar_vol"":{""value"":302093868.22602457,""score"":100.0},""L3_spread_proxy"":{""value"":0.02343800582712855,""score"":76.56199417287145},""L4_volume_zscore"":{""value"":-0.8362194370404294,""score"":100.0},""_score"":97.66},""pattern_structure"":{""first_base_low"":272.14,""first_base_top"":299.83,""first_base_bars"":60,""second_base_low"":329.2805,""second_base_top"":364.27,""second_base_bars"":59,""structural_low"":329.2805,""stacking_overlap_pct"":-0.09822399359637139,""current_price"":308.9,""neckline_distance_pct"":0.1792489478795727,""base_bars"":59},""pattern_geometry_features"":{""first_base_depth_pct"":0.0923523329886936,""second_base_depth_pct"":0.09605375133829293,""second_dry_up_ratio"":1.3139386898997694,""rim_advance_pct"":0.21492178901377448,""atr_pct"":0.029133607732507078},""_schema_version"":""1.0""}",,,,,,,,,,
20260504T200431Z-7bad84,2026-05-04T20:04:31.798741+00:00,LMT,base_on_base,invalidated,40.0,13.3,67.6,50.4,44.0,25.9,24.4,10.0,84.0,95.4,2.4,16.89,5.04,4.4,3.1,1.95,0.5,5.88,4.77,True,risk_unclear;invalid_already_breached;trend_floor,517.8,637.92,584.9718,685.44,"{""trend"":{""T1_ema_stack"":{""value"":[false,false,true],""score"":33.33333333333333},""T2_ema50_slope"":{""value"":-0.3276444068399227,""score"":0},""T3_high_proximity"":{""value"":0.7651839810846756,""score"":0},""T4_rs_1m"":{""value"":-0.26345224597622596,""score"":0},""T5_rs_3m"":{""value"":-0.21840539027743378,""score"":0},""T6_adr_healthy"":{""value"":2.5662615328843037,""score"":100.0},""_score"":13.33},""geometry"":{""sub_shallower_second"":59.1,""sub_second_base_depth"":89.0,""sub_rim_advance"":100,""sub_dry_up"":0,""sub_second_base_duration"":100.0,""_score"":67.58},""compression"":{""VC1_atr_ratio"":{""value"":0.5370695715507993,""score"":100},""VC2_range_contraction"":{""value"":1.1712367417132916,""score"":0},""VC3_range_pct_rank"":{""score"":41.666666666666664},""_score"":50.42},""sr_quality"":{""SR1_touches"":{""value"":2,""score"":25.0},""SR2_tightness"":{""value"":0.5600000000000023,""score"":93.16709503054322},""SR3_recency"":{""value"":245,""score"":0.0},""SR4_price_location"":{""score"":30.04427000136912},""SR5_reaction"":{""value"":2.845721895538481,""score"":100},""_score"":43.99,""_levels_found"":5,""_target_level"":594.44},""volume"":{""V1_rvol_day"":{""value"":0.6916464720353442,""score"":12.77643146902295},""V2_rvol_sameslot"":{""value"":0.7816957564424782,""score"":18.779717096165214,""status"":""ok""},""V3_breakout_bar"":{""value"":0.8278914472148129,""score"":21.859429814320862},""V4_base_dryup"":{""value"":0.7962297097597154,""score"":70.37702902402846},""V5_bo_expansion"":{""value"":0.6916464720353442,""score"":0},""_score"":25.85},""readiness"":{""_distance_atr"":7.328,""BR1_atr_distance"":{""score"":0},""BR2_compression"":{""score"":27.72467079196561},""BR3_retest"":{""score"":50.0},""BR4_bo_age"":{""score"":50.0},""_score"":24.43},""risk"":{""R1_stop_clarity"":{""score"":0},""R2_stop_distance_pct"":{""value"":-12.972537659327942,""score"":0.0},""R3_stop_distance_atr"":{""value"":-4.098022553815672,""score"":0.0},""R4_rr_potential"":{""value"":null,""score"":50.0},""_score"":10.0},""market"":{""M1_spy_regime"":{""score"":100.0},""M3_earnings_risk"":{""value"":null,""score"":80.0},""M4_vix"":{""value"":null,""score"":60.0},""_score"":84.0},""liquidity"":{""L1_price"":{""value"":517.8,""score"":91.10000000000002},""L2_dollar_vol"":{""value"":536325863.64144295,""score"":100.0},""L3_spread_proxy"":{""value"":0.024140594824256473,""score"":75.85940517574352},""L4_volume_zscore"":{""value"":-0.6361864385619133,""score"":100.0},""_score"":95.36},""pattern_structure"":{""first_base_low"":437.25,""first_base_top"":484.77,""first_base_bars"":31,""second_base_low"":593.88,""second_base_top"":637.92,""second_base_bars"":42,""structural_low"":593.88,""stacking_overlap_pct"":-0.22507580914660563,""current_price"":517.8,""neckline_distance_pct"":0.231981460023175,""base_bars"":42},""pattern_geometry_features"":{""first_base_depth_pct"":0.09802586793737234,""second_base_depth_pct"":0.06903686982693749,""second_dry_up_ratio"":1.2242360787505908,""rim_advance_pct"":0.31592301503805925,""atr_pct"":0.031655603376924316},""_schema_version"":""1.0""}",,,,,,,,,,
20260504T200431Z-7bad84,2026-05-04T20:04:31.798741+00:00,NOC,vcp,invalidated,40.0,13.3,45.3,52.7,50.0,33.7,30.7,10.0,84.0,89.1,2.0,11.33,6.33,6.0,4.38,2.15,0.5,5.04,4.46,True,risk_unclear;invalid_already_breached;trend_floor,569.61,708.55,655.025,790.44,"{""trend"":{""T1_ema_stack"":{""value"":[false,false,true],""score"":33.33333333333333},""T2_ema50_slope"":{""value"":-0.3770109022416844,""score"":0},""T3_high_proximity"":{""value"":0.7416603734277754,""score"":0},""T4_rs_1m"":{""value"":-0.28403940653182236,""score"":0},""T5_rs_3m"":{""value"":-0.2010331664668631,""score"":0},""T6_adr_healthy"":{""value"":2.4886398225506645,""score"":100.0},""_score"":13.33},""geometry"":{""sub_contraction_count"":100.0,""sub_reduction_rate"":0,""sub_pivot_tightness"":55.0,""sub_volume_dryup"":0,""sub_base_depth"":20.7,""sub_base_duration"":100.0,""_score"":45.32},""compression"":{""VC1_atr_ratio"":{""value"":0.39442088515883444,""score"":100},""VC2_range_contraction"":{""value"":1.3682763781290634,""score"":0},""VC3_range_pct_rank"":{""score"":50.83333333333333},""_score"":52.71},""sr_quality"":{""SR1_touches"":{""value"":3,""score"":50.0},""SR2_tightness"":{""value"":3.929211823706607,""score"":54.418459394591444},""SR3_recency"":{""value"":316,""score"":0.0},""SR4_price_location"":{""score"":64.96456617506266},""SR5_reaction"":{""value"":1.4111264083608859,""score"":70.5563204180443},""_score"":49.99,""_levels_found"":7,""_target_level"":577.2317},""volume"":{""V1_rvol_day"":{""value"":0.5574180524333529,""score"":3.8278701622235234},""V2_rvol_sameslot"":{""value"":0.9022557396610716,""score"":26.81704931073811,""status"":""ok""},""V3_breakout_bar"":{""value"":1.2313542386379086,""score"":48.75694924252724},""V4_base_dryup"":{""value"":0.7298337075208778,""score"":77.01662924791222},""V5_bo_expansion"":{""value"":0.5574180524333529,""score"":0},""_score"":33.72},""readiness"":{""_distance_atr"":8.059,""BR1_atr_distance"":{""score"":0},""BR2_compression"":{""score"":52.64569651129869},""BR3_retest"":{""score"":50.0},""BR4_bo_age"":{""score"":50.0},""_score"":30.66},""risk"":{""R1_stop_clarity"":{""score"":0},""R2_stop_distance_pct"":{""value"":-14.995347694036262,""score"":0.0},""R3_stop_distance_atr"":{""value"":-4.954361670349189,""score"":0.0},""R4_rr_potential"":{""value"":null,""score"":50.0},""_score"":10.0},""market"":{""M1_spy_regime"":{""score"":100.0},""M3_earnings_risk"":{""value"":null,""score"":80.0},""M4_vix"":{""value"":null,""score"":60.0},""_score"":84.0},""liquidity"":{""L1_price"":{""value"":569.61,""score"":65.195},""L2_dollar_vol"":{""value"":258894930.55780953,""score"":100.0},""L3_spread_proxy"":{""value"":0.021611277891890848,""score"":78.38872210810915},""L4_volume_zscore"":{""value"":-1.0606161854322058,""score"":100.0},""_score"":89.14},""pattern_structure"":{""n_contractions"":4,""contractions_pct"":[5.71,7.31,10.54,6.15],""descending_strict"":false,""final_low"":665.0,""final_pivot"":708.55,""structural_low"":665.0,""dry_up_ratio"":1.3230144086383526,""current_price"":569.61,""neckline_distance_pct"":0.24392127947191927,""base_bars"":42,""recent_base_height"":81.88999999999999},""pattern_geometry_features"":{""contraction_count"":4.0,""first_contraction_pct"":0.05709814004835038,""last_contraction_pct"":0.06146355232517106,""dry_up_ratio"":1.3230144086383526,""near_monotone"":0.0,""base_depth_pct"":0.07072287978088626},""_schema_version"":""1.0""}",,,,,,,,,,
20260504T200431Z-7bad84,2026-05-04T20:04:31.798741+00:00,WWD,vcp,invalidated,40.0,53.5,40.5,49.8,50.5,23.9,32.8,19.5,84.0,96.6,8.03,10.12,5.97,6.06,3.11,2.29,0.98,5.04,4.83,True,risk_unclear;invalid_already_breached,356.48,406.9999,365.435,475.2198,"{""trend"":{""T1_ema_stack"":{""value"":[false,true,true],""score"":66.66666666666666},""T2_ema50_slope"":{""value"":0.11327565829798637,""score"":68.87927638299773},""T3_high_proximity"":{""value"":0.8840173589584626,""score"":42.00867947923126},""T4_rs_1m"":{""value"":-0.1360255170180873,""score"":0},""T5_rs_3m"":{""value"":0.056763757999372944,""score"":78.38187899968648},""T6_adr_healthy"":{""value"":3.4254272674293,""score"":100.0},""_score"":53.5},""geometry"":{""sub_contraction_count"":100.0,""sub_reduction_rate"":0,""sub_pivot_tightness"":16.4,""sub_volume_dryup"":0,""sub_base_depth"":30.1,""sub_base_duration"":100.0,""_score"":40.47},""compression"":{""VC1_atr_ratio"":{""value"":0.24932682133055475,""score"":100},""VC2_range_contraction"":{""value"":1.1547684225639547,""score"":0},""VC3_range_pct_rank"":{""score"":39.16666666666667},""_score"":49.79},""sr_quality"":{""SR1_touches"":{""value"":4,""score"":75.0},""SR2_tightness"":{""value"":2.3395225837764424,""score"":69.37043094211207},""SR3_recency"":{""value"":233,""score"":0.0},""SR4_price_location"":{""score"":12.447357355954441},""SR5_reaction"":{""value"":1.9338337370883734,""score"":96.69168685441866},""_score"":50.52,""_levels_found"":7,""_target_level"":373.9708},""volume"":{""V1_rvol_day"":{""value"":0.783015986401822,""score"":18.867732426788134},""V2_rvol_sameslot"":{""value"":0.9190284582973088,""score"":27.93523055315392,""status"":""ok""},""V3_breakout_bar"":{""value"":0.9435879383487344,""score"":29.57252922324896},""V4_base_dryup"":{""value"":1.1426944701120532,""score"":35.730552988794685},""V5_bo_expansion"":{""value"":0.7830159864018219,""score"":0},""_score"":23.9},""readiness"":{""_distance_atr"":3.307,""BR1_atr_distance"":{""score"":0},""BR2_compression"":{""score"":61.07448623317554},""BR3_retest"":{""score"":50.0},""BR4_bo_age"":{""score"":50.0},""_score"":32.77},""risk"":{""R1_stop_clarity"":{""score"":27.141736955579503},""R2_stop_distance_pct"":{""value"":-2.5120623877917367,""score"":0.0},""R3_stop_distance_atr"":{""value"":-0.586204623147156,""score"":0.0},""R4_rr_potential"":{""value"":null,""score"":50.0},""_score"":19.5},""market"":{""M1_spy_regime"":{""score"":100.0},""M3_earnings_risk"":{""value"":null,""score"":80.0},""M4_vix"":{""value"":null,""score"":60.0},""_score"":84.0},""liquidity"":{""L1_price"":{""value"":356.48,""score"":100.0},""L2_dollar_vol"":{""value"":239545891.78740352,""score"":100.0},""L3_spread_proxy"":{""value"":0.03363442549371636,""score"":66.36557450628364},""L4_volume_zscore"":{""value"":-0.451769457316032,""score"":100.0},""_score"":96.64},""pattern_structure"":{""n_contractions"":5,""contractions_pct"":[7.57,10.66,6.99,9.62,8.85],""descending_strict"":false,""final_low"":371.0,""final_pivot"":406.9999,""structural_low"":371.0,""dry_up_ratio"":1.8444128595490388,""current_price"":356.48,""neckline_distance_pct"":0.14171875,""base_bars"":46,""recent_base_height"":68.21990000000005},""pattern_geometry_features"":{""contraction_count"":5.0,""first_contraction_pct"":0.07574002026729332,""last_contraction_pct"":0.08845186448448765,""dry_up_ratio"":1.8444128595490388,""near_monotone"":0.0,""base_depth_pct"":0.08011184451460285},""_schema_version"":""1.0""}",,,,,,,,,,
20260504T200431Z-7bad84,2026-05-04T20:04:31.798741+00:00,LMT,vcp,invalidated,40.0,13.3,46.9,50.4,44.0,24.8,24.4,10.0,84.0,95.4,2.0,11.72,6.05,5.28,3.23,1.71,0.5,5.04,4.77,True,risk_unclear;invalid_already_breached;trend_floor,517.8,637.92,596.4175,720.115,"{""trend"":{""T1_ema_stack"":{""value"":[false,false,true],""score"":33.33333333333333},""T2_ema50_slope"":{""value"":-0.3276444068399227,""score"":0},""T3_high_proximity"":{""value"":0.7651839810846756,""score"":0},""T4_rs_1m"":{""value"":-0.26345224597622596,""score"":0},""T5_rs_3m"":{""value"":-0.21840539027743378,""score"":0},""T6_adr_healthy"":{""value"":2.5662615328843037,""score"":100.0},""_score"":13.33},""geometry"":{""sub_contraction_count"":100.0,""sub_reduction_rate"":0,""sub_pivot_tightness"":70.3,""sub_volume_dryup"":0,""sub_base_depth"":13.5,""sub_base_duration"":100.0,""_score"":46.9},""compression"":{""VC1_atr_ratio"":{""value"":0.5370695715507993,""score"":100},""VC2_range_contraction"":{""value"":1.1712367417132916,""score"":0},""VC3_range_pct_rank"":{""score"":41.666666666666664},""_score"":50.42},""sr_quality"":{""SR1_touches"":{""value"":2,""score"":25.0},""SR2_tightness"":{""value"":0.5600000000000023,""score"":93.16709503054322},""SR3_recency"":{""value"":245,""score"":0.0},""SR4_price_location"":{""score"":30.04427000136912},""SR5_reaction"":{""value"":2.845721895538481,""score"":100},""_score"":43.99,""_levels_found"":5,""_target_level"":594.44},""volume"":{""V1_rvol_day"":{""value"":0.6916464720353442,""score"":12.77643146902295},""V2_rvol_sameslot"":{""value"":0.7816957564424782,""score"":18.779717096165214,""status"":""ok""},""V3_breakout_bar"":{""value"":0.8278914472148129,""score"":21.859429814320862},""V4_base_dryup"":{""value"":0.8483060302543914,""score"":65.16939697456085},""V5_bo_expansion"":{""value"":0.6916464720353442,""score"":0},""_score"":24.81},""readiness"":{""_distance_atr"":7.328,""BR1_atr_distance"":{""score"":0},""BR2_compression"":{""score"":27.72467079196561},""BR3_retest"":{""score"":50.0},""BR4_bo_age"":{""score"":50.0},""_score"":24.43},""risk"":{""R1_stop_clarity"":{""score"":0},""R2_stop_distance_pct"":{""value"":-15.182985708767877,""score"":0.0},""R3_stop_distance_atr"":{""value"":-4.796302736038092,""score"":0.0},""R4_rr_potential"":{""value"":null,""score"":50.0},""_score"":10.0},""market"":{""M1_spy_regime"":{""score"":100.0},""M3_earnings_risk"":{""value"":null,""score"":80.0},""M4_vix"":{""value"":null,""score"":60.0},""_score"":84.0},""liquidity"":{""L1_price"":{""value"":517.8,""score"":91.10000000000002},""L2_dollar_vol"":{""value"":536325863.64144295,""score"":100.0},""L3_spread_proxy"":{""value"":0.024140594824256473,""score"":75.85940517574352},""L4_volume_zscore"":{""value"":-0.6361864385619133,""score"":100.0},""_score"":95.36},""pattern_structure"":{""n_contractions"":5,""contractions_pct"":[7.98,5.33,10.51,6.17,5.08],""descending_strict"":false,""final_low"":605.5,""final_pivot"":637.92,""structural_low"":605.5,""dry_up_ratio"":1.6831166197317868,""current_price"":517.8,""neckline_distance_pct"":0.231981460023175,""base_bars"":44,""recent_base_height"":82.19500000000005},""pattern_geometry_features"":{""contraction_count"":5.0,""first_contraction_pct"":0.0797878098949876,""last_contraction_pct"":0.05082141961374461,""dry_up_ratio"":1.6831166197317868,""near_monotone"":0.0,""base_depth_pct"":0.06354877124607561},""_schema_version"":""1.0""}",,,,,,,,,,
20260504T200431Z-7bad84,2026-05-04T20:04:31.798741+00:00,PH,vcp,invalidated,40.0,30.8,39.7,50.4,39.2,41.3,36.5,14.1,84.0,72.7,4.62,9.94,6.05,4.7,5.37,2.55,0.7,5.04,3.64,True,risk_unclear;invalid_already_breached,864.92,1029.0,934.5581,1205.24,"{""trend"":{""T1_ema_stack"":{""value"":[false,false,true],""score"":33.33333333333333},""T2_ema50_slope"":{""value"":0.12135517447946466,""score"":70.22586241324412},""T3_high_proximity"":{""value"":0.845457566811988,""score"":22.72878340599399},""T4_rs_1m"":{""value"":-0.14238002067438105,""score"":0},""T5_rs_3m"":{""value"":-0.12402692190895426,""score"":0},""T6_adr_healthy"":{""value"":2.7153013191725037,""score"":100.0},""_score"":30.79},""geometry"":{""sub_contraction_count"":100.0,""sub_reduction_rate"":0,""sub_pivot_tightness"":31.6,""sub_volume_dryup"":0,""sub_base_depth"":0.0,""sub_base_duration"":100.0,""_score"":39.74},""compression"":{""VC1_atr_ratio"":{""value"":0.5627668503566605,""score"":100},""VC2_range_contraction"":{""value"":1.081906406073995,""score"":0},""VC3_range_pct_rank"":{""score"":41.666666666666664},""_score"":50.42},""sr_quality"":{""SR1_touches"":{""value"":3,""score"":50.0},""SR2_tightness"":{""value"":4.818725627060432,""score"":70.08986551562026},""SR3_recency"":{""value"":260,""score"":0.0},""SR4_price_location"":{""score"":0.4480193958548039},""SR5_reaction"":{""value"":1.805737099838397,""score"":90.28685499191985},""_score"":39.17,""_levels_found"":5,""_target_level"":906.5834},""volume"":{""V1_rvol_day"":{""value"":1.0577865170145726,""score"":37.18576780097151},""V2_rvol_sameslot"":{""value"":1.69406897822255,""score"":79.60459854817,""status"":""ok""},""V3_breakout_bar"":{""value"":0.7402911808908355,""score"":16.01941205938903},""V4_base_dryup"":{""value"":0.8337738819373448,""score"":66.62261180626552},""V5_bo_expansion"":{""value"":1.0577865170145726,""score"":3.8524344676381737},""_score"":41.27},""readiness"":{""_distance_atr"":5.092,""BR1_atr_distance"":{""score"":0},""BR2_compression"":{""score"":75.8430443138834},""BR3_retest"":{""score"":50.0},""BR4_bo_age"":{""score"":50.0},""_score"":36.46},""risk"":{""R1_stop_clarity"":{""score"":11.662007674590214},""R2_stop_distance_pct"":{""value"":-8.051397817139156,""score"":0.0},""R3_stop_distance_atr"":{""value"":-2.161241989009065,""score"":0.0},""R4_rr_potential"":{""value"":null,""score"":50.0},""_score"":14.08},""market"":{""M1_spy_regime"":{""score"":100.0},""M3_earnings_risk"":{""value"":null,""score"":80.0},""M4_vix"":{""value"":null,""score"":60.0},""_score"":84.0},""liquidity"":{""L1_price"":{""value"":864.92,""score"":0.0},""L2_dollar_vol"":{""value"":627447519.1953632,""score"":100.0},""L3_spread_proxy"":{""value"":0.02293853766822369,""score"":77.06146233177631},""L4_volume_zscore"":{""value"":0.09721031207739227,""score"":100.0},""_score"":72.71},""pattern_structure"":{""n_contractions"":5,""contractions_pct"":[1.11,4.5,13.04,8.65,7.79],""descending_strict"":false,""final_low"":948.79,""final_pivot"":1029.0,""structural_low"":948.79,""dry_up_ratio"":1.3029610621032195,""current_price"":864.92,""neckline_distance_pct"":0.18970540628034968,""base_bars"":72,""recent_base_height"":176.24},""pattern_geometry_features"":{""contraction_count"":5.0,""first_contraction_pct"":0.011067896671059584,""last_contraction_pct"":0.07794946550048594,""dry_up_ratio"":1.3029610621032195,""near_monotone"":0.0,""base_depth_pct"":-0.016564344872660175},""_schema_version"":""1.0""}",,,,,,,,,,
20260504T200431Z-7bad84,2026-05-04T20:04:31.798741+00:00,UEC,bull_flag,absent,39.89,55.6,17.3,44.8,40.4,25.8,46.9,41.6,84.0,94.5,7.78,5.18,4.03,4.04,3.61,4.22,1.25,5.04,4.72,False,,14.865,15.29,13.1694,16.605,"{""trend"":{""T1_ema_stack"":{""value"":[true,true,true],""score"":100.0},""T2_ema50_slope"":{""value"":0.08594358789066656,""score"":64.3239313151111},""T3_high_proximity"":{""value"":0.8346434587310501,""score"":17.32172936552501},""T4_rs_1m"":{""value"":0.0005589512649712969,""score"":50.5589512649713},""T5_rs_3m"":{""value"":-0.12171074543836591,""score"":0},""T6_adr_healthy"":{""value"":6.4525043271356415,""score"":100.0},""_score"":55.57},""geometry"":{""sub_pole_impulse"":7.6,""sub_flag_tightness"":0,""sub_flag_shallowness"":0,""sub_flag_drift"":100,""sub_flag_duration"":0.0,""_score"":17.28},""compression"":{""VC1_atr_ratio"":{""value"":0.7289383683417701,""score"":67.76540791455749},""VC2_range_contraction"":{""value"":1.1792713605003478,""score"":0},""VC3_range_pct_rank"":{""score"":70.83333333333333},""_score"":44.81},""sr_quality"":{""SR1_touches"":{""value"":2,""score"":25.0},""SR2_tightness"":{""value"":0.21999999999999975,""score"":58.972719522591696},""SR3_recency"":{""value"":232,""score"":0.0},""SR4_price_location"":{""score"":44.68078820644639},""SR5_reaction"":{""value"":1.718017369991474,""score"":85.9008684995737},""_score"":40.4,""_levels_found"":7,""_target_level"":15.4},""volume"":{""V1_rvol_day"":{""value"":0.8446704243798653,""score"":22.978028291991016},""V2_rvol_sameslot"":{""value"":0.8284135177525057,""score"":21.894234516833713,""status"":""ok""},""V3_breakout_bar"":{""value"":0.6982328190842623,""score"":13.21552127228415},""V4_base_dryup"":{""value"":0.8229725574269234,""score"":67.70274425730766},""V5_bo_expansion"":{""value"":0.8446704243798653,""score"":0},""_score"":25.82},""readiness"":{""_distance_atr"":0.396,""BR1_atr_distance"":{""score"":73.5809178743962},""BR2_compression"":{""score"":0},""BR3_retest"":{""score"":50.0},""BR4_bo_age"":{""score"":50.0},""_score"":46.93},""risk"":{""R1_stop_clarity"":{""score"":62.599904092071654},""R2_stop_distance_pct"":{""value"":11.406323578876561,""score"":14.841910528085966},""R3_stop_distance_atr"":{""value"":1.5809955775788582,""score"":100.0},""R4_rr_potential"":{""value"":1.0262156822270037,""score"":1.3107841113501828},""_score"":41.62},""market"":{""M1_spy_regime"":{""score"":100.0},""M3_earnings_risk"":{""value"":null,""score"":80.0},""M4_vix"":{""value"":null,""score"":60.0},""_score"":84.0},""liquidity"":{""L1_price"":{""value"":14.865,""score"":100.0},""L2_dollar_vol"":{""value"":105177619.89631428,""score"":100.0},""L3_spread_proxy"":{""value"":0.05549949545913214,""score"":44.500504540867865},""L4_volume_zscore"":{""value"":-0.6228351943764044,""score"":100.0},""_score"":94.45},""pattern_structure"":{""pole_low"":13.975,""pole_low_idx"":21,""peak_price"":15.29,""peak_idx"":30,""pole_gain"":0.09409660107334522,""flag_bars"":29,""flag_low"":13.37,""flag_high"":15.29,""structural_low"":13.37,""current_price"":14.755,""neckline_distance_pct"":0.03625889528973218,""base_bars"":29},""pattern_geometry_features"":{""pole_gain"":0.09409660107334522,""pullback_pct"":0.12557226945716154,""flag_range_pct"":0.12557226945716154,""flag_drift_per_bar"":0.0024836900908600723,""atr_pct"":0.07214646100619865,""pole_atr_multiple"":1.3042441688894577},""_schema_version"":""1.0""}",,,,,,,,,,
20260504T200431Z-7bad84,2026-05-04T20:04:31.798741+00:00,LEU,bull_flag,absent,39.83,36.1,20.0,35.9,69.2,22.6,43.4,57.2,84.0,95.8,5.06,6.0,3.23,6.92,3.17,3.9,1.72,5.04,4.79,False,,207.245,215.585,186.6575,239.825,"{""trend"":{""T1_ema_stack"":{""value"":[true,false,false],""score"":33.33333333333333},""T2_ema50_slope"":{""value"":-0.13338005958560833,""score"":27.769990069065276},""T3_high_proximity"":{""value"":0.7389203836417442,""score"":0},""T4_rs_1m"":{""value"":0.03631610717092548,""score"":86.31610717092548},""T5_rs_3m"":{""value"":-0.2569678452188866,""score"":0},""T6_adr_healthy"":{""value"":6.84169360425344,""score"":100.0},""_score"":36.15},""geometry"":{""sub_pole_impulse"":16.7,""sub_flag_tightness"":0,""sub_flag_shallowness"":0,""sub_flag_drift"":100,""sub_flag_duration"":0.0,""_score"":20.01},""compression"":{""VC1_atr_ratio"":{""value"":0.8677069284846215,""score"":33.073267878844625},""VC2_range_contraction"":{""value"":1.1714186147578163,""score"":0},""VC3_range_pct_rank"":{""score"":90.83333333333333},""_score"":35.94},""sr_quality"":{""SR1_touches"":{""value"":5,""score"":100},""SR2_tightness"":{""value"":4.098243953695287,""score"":47.86659819932394},""SR3_recency"":{""value"":233,""score"":0.0},""SR4_price_location"":{""score"":67.86084310600613},""SR5_reaction"":{""value"":2.2921722774976154,""score"":100},""_score"":69.15,""_levels_found"":7,""_target_level"":216.5821},""volume"":{""V1_rvol_day"":{""value"":0.6312179727408871,""score"":8.747864849392473},""V2_rvol_sameslot"":{""value"":0.737590694200728,""score"":15.839379613381865,""status"":""ok""},""V3_breakout_bar"":{""value"":0.8003048279102912,""score"":20.02032186068608},""V4_base_dryup"":{""value"":0.8641277992989925,""score"":63.58722007010075},""V5_bo_expansion"":{""value"":0.6312179727408869,""score"":0},""_score"":22.64},""readiness"":{""_distance_atr"":0.53,""BR1_atr_distance"":{""score"":64.63586388623867},""BR2_compression"":{""score"":0},""BR3_retest"":{""score"":50.0},""BR4_bo_age"":{""score"":50.0},""_score"":43.35},""risk"":{""R1_stop_clarity"":{""score"":63.84080686929261},""R2_stop_distance_pct"":{""value"":9.933894665733796,""score"":51.65263335665511},""R3_stop_distance_atr"":{""value"":1.3094589069101819,""score"":90.47294534550909},""R4_rr_potential"":{""value"":1.582513661202186,""score"":29.125683060109296},""_score"":57.24},""market"":{""M1_spy_regime"":{""score"":100.0},""M3_earnings_risk"":{""value"":null,""score"":80.0},""M4_vix"":{""value"":null,""score"":60.0},""_score"":84.0},""liquidity"":{""L1_price"":{""value"":207.245,""score"":100.0},""L2_dollar_vol"":{""value"":118658987.57103607,""score"":100.0},""L3_spread_proxy"":{""value"":0.04202755193128909,""score"":57.97244806871091},""L4_volume_zscore"":{""value"":-1.0273090647314298,""score"":100.0},""_score"":95.8},""pattern_structure"":{""pole_low"":191.345,""pole_low_idx"":5,""peak_price"":215.585,""peak_idx"":30,""pole_gain"":0.12668217094776454,""flag_bars"":29,""flag_low"":189.5,""flag_high"":210.81,""structural_low"":189.5,""current_price"":206.77,""neckline_distance_pct"":0.04263190985152584,""base_bars"":29},""pattern_geometry_features"":{""pole_gain"":0.12668217094776454,""pullback_pct"":0.12099635874481067,""flag_range_pct"":0.09884732240183687,""flag_drift_per_bar"":0.0016405510894639944,""atr_pct"":0.07586259189434175,""pole_atr_multiple"":1.6698898335058494},""_schema_version"":""1.0""}",,,,,,,,,,
20260504T200431Z-7bad84,2026-05-04T20:04:31.798741+00:00,OKLO,bull_flag,absent,39.42,62.2,19.0,21.5,60.7,6.1,48.7,66.5,84.0,94.8,8.71,5.69,1.93,6.07,0.86,4.38,1.99,5.04,4.74,False,,68.8195,72.87,62.252,83.03,"{""trend"":{""T1_ema_stack"":{""value"":[true,true,false],""score"":66.66666666666666},""T2_ema50_slope"":{""value"":0.1627600736062237,""score"":77.12667893437062},""T3_high_proximity"":{""value"":0.8823012820512821,""score"":41.150641025641036},""T4_rs_1m"":{""value"":0.33499488005706457,""score"":100},""T5_rs_3m"":{""value"":-0.09776279930799858,""score"":1.1186003460007115},""T6_adr_healthy"":{""value"":8.966261204009268,""score"":75.84346989976831},""_score"":62.22},""geometry"":{""sub_pole_impulse"":13.2,""sub_flag_tightness"":0,""sub_flag_shallowness"":0,""sub_flag_drift"":100,""sub_flag_duration"":0.0,""_score"":18.96},""compression"":{""VC1_atr_ratio"":{""value"":1.006794126861724,""score"":0},""VC2_range_contraction"":{""value"":1.130015732231724,""score"":0},""VC3_range_pct_rank"":{""score"":85.83333333333334},""_score"":21.46},""sr_quality"":{""SR1_touches"":{""value"":3,""score"":50.0},""SR2_tightness"":{""value"":0.3904698025029146,""score"":89.28857208770295},""SR3_recency"":{""value"":267,""score"":0.0},""SR4_price_location"":{""score"":69.39836845683206},""SR5_reaction"":{""value"":2.319845857418112,""score"":100},""_score"":60.74,""_levels_found"":7,""_target_level"":70.32},""volume"":{""V1_rvol_day"":{""value"":0.5013347381428578,""score"":0.08898254285718554},""V2_rvol_sameslot"":{""value"":0.6750027886223181,""score"":11.666852574821206,""status"":""ok""},""V3_breakout_bar"":{""value"":0.7255255232213729,""score"":15.035034881424858},""V4_base_dryup"":{""value"":1.6070902993305674,""score"":0},""V5_bo_expansion"":{""value"":0.5013347381428578,""score"":0},""_score"":6.11},""readiness"":{""_distance_atr"":0.556,""BR1_atr_distance"":{""score"":62.96201952908136},""BR2_compression"":{""score"":24.069352085588655},""BR3_retest"":{""score"":50.0},""BR4_bo_age"":{""score"":50.0},""_score"":48.7},""risk"":{""R1_stop_clarity"":{""score"":73.9943176251592},""R2_stop_distance_pct"":{""value"":9.543080086312749,""score"":61.42299784218128},""R3_stop_distance_atr"":{""value"":0.9008033702361128,""score"":70.04016851180563},""R4_rr_potential"":{""value"":2.163760944042633,""score"":58.18804720213164},""_score"":66.47},""market"":{""M1_spy_regime"":{""score"":100.0},""M3_earnings_risk"":{""value"":null,""score"":80.0},""M4_vix"":{""value"":null,""score"":60.0},""_score"":84.0},""liquidity"":{""L1_price"":{""value"":68.8195,""score"":100.0},""L2_dollar_vol"":{""value"":524962718.7635132,""score"":100.0},""L3_spread_proxy"":{""value"":0.05158421668277155,""score"":48.41578331722845},""L4_volume_zscore"":{""value"":-1.0955199979649235,""score"":100.0},""_score"":94.84},""pattern_structure"":{""pole_low"":62.71,""pole_low_idx"":5,""peak_price"":72.87,""peak_idx"":30,""pole_gain"":0.16201562749162818,""flag_bars"":29,""flag_low"":63.2,""flag_high"":72.3,""structural_low"":63.2,""current_price"":69.09,""neckline_distance_pct"":0.05471124620060792,""base_bars"":29},""pattern_geometry_features"":{""pole_gain"":0.16201562749162818,""pullback_pct"":0.1327020721833402,""flag_range_pct"":0.12487992315081643,""flag_drift_per_bar"":0.0017974883905978159,""atr_pct"":0.10593965788351101,""pole_atr_multiple"":1.5293199046364405},""_schema_version"":""1.0""}",,,,,,,,,,
